1 0.673500 0.275536 0.635000 0.061791
1 0.520000 0.151009 0.942000 0.187264
1 0.520000 0.337642 0.942000 0.062421
1 0.883500 0.400063 0.215000 0.062421
1 0.202500 0.275536 0.307000 0.061791
1 0.412500 0.400063 0.727000 0.062421
1 0.648500 0.462484 0.685000 0.062421
1 0.177500 0.462484 0.257000 0.062421
1 0.520000 0.618222 0.942000 0.249054
1 0.520000 0.867907 0.942000 0.250315
0 0.089500 0.962169 0.053000 0.037831
0 0.089500 0.708071 0.053000 0.036570
0 0.333500 0.459962 0.053000 0.037201
0 0.803000 0.399433 0.050000 0.037201
0 0.382500 0.277427 0.051000 0.037831