1 0.778000 0.093001 0.426000 0.061160
1 0.411000 0.093001 0.308000 0.061160
1 0.153000 0.093001 0.208000 0.061160
1 0.903000 0.153846 0.176000 0.060530
1 0.635000 0.153846 0.360000 0.060530
1 0.252000 0.153846 0.406000 0.060530
1 0.904000 0.214691 0.174000 0.061160
1 0.583500 0.214691 0.467000 0.061160
1 0.199500 0.214691 0.301000 0.061160
1 0.520000 0.338903 0.942000 0.057377
1 0.876000 0.397856 0.230000 0.060530
1 0.611500 0.397856 0.299000 0.060530
1 0.255500 0.397856 0.413000 0.060530
1 0.730500 0.458701 0.521000 0.061160
1 0.259500 0.458701 0.421000 0.061160
1 0.896500 0.519861 0.189000 0.061160
1 0.599000 0.519861 0.406000 0.061160
1 0.953000 0.580706 0.076000 0.060530
1 0.222500 0.519861 0.347000 0.061160
1 0.703500 0.580706 0.423000 0.060530
1 0.270500 0.580706 0.443000 0.060530
1 0.766000 0.641551 0.450000 0.061160
1 0.295000 0.641551 0.492000 0.061160
1 0.520000 0.764502 0.942000 0.058638
1 0.750500 0.824401 0.481000 0.061160
1 0.279500 0.824401 0.461000 0.061160
1 0.822500 0.885561 0.337000 0.061160
1 0.515000 0.885561 0.278000 0.061160
1 0.212500 0.885561 0.327000 0.061160
1 0.835000 0.946406 0.312000 0.060530
1 0.520000 0.946406 0.318000 0.060530
1 0.205000 0.946406 0.312000 0.060530
0 0.095000 0.583228 0.052000 0.035309
0 0.098500 0.218789 0.053000 0.035309
0 0.422500 0.522383 0.049000 0.033417
0 0.481500 0.156683 0.053000 0.034678
0 0.490000 0.404792 0.052000 0.036570
0 0.941500 0.584174 0.051000 0.035939
0 0.568500 0.642497 0.049000 0.036570
0 0.377000 0.217844 0.052000 0.035939
0 0.095500 0.885561 0.051000 0.034678
0 0.790000 0.404792 0.052000 0.036570
0 0.841000 0.158890 0.052000 0.035309
0 0.283000 0.098361 0.052000 0.035309
0 0.592500 0.097415 0.053000 0.035939
0 0.094000 0.945145 0.052000 0.035309
0 0.099000 0.639029 0.052000 0.035939
0 0.843500 0.218159 0.051000 0.035309
0 0.497500 0.463115 0.051000 0.035939
0 0.520500 0.583544 0.051000 0.035939
0 0.388000 0.946406 0.054000 0.035309
0 0.097000 0.401955 0.054000 0.035939
0 0.705000 0.944830 0.050000 0.034678
0 0.097500 0.824716 0.051000 0.036570
0 0.678500 0.885561 0.049000 0.035939
0 0.828000 0.524275 0.052000 0.037201
0 0.401500 0.885876 0.049000 0.035309
0 0.536500 0.826293 0.051000 0.037201