1 0.482000 0.157945 0.946000 0.061160
1 0.858500 0.220050 0.193000 0.063052
1 0.385500 0.220050 0.753000 0.063052
1 0.652500 0.282787 0.605000 0.062421
1 0.915500 0.407629 0.079000 0.062421
1 0.179500 0.282787 0.341000 0.062421
1 0.482000 0.345208 0.946000 0.062421
1 0.442500 0.407629 0.867000 0.062421
1 0.855000 0.470050 0.200000 0.062421
1 0.382000 0.470050 0.746000 0.062421
1 0.782000 0.532787 0.346000 0.063052
1 0.309000 0.532787 0.600000 0.063052
1 0.829000 0.595523 0.252000 0.062421
1 0.356000 0.595523 0.694000 0.062421
1 0.482000 0.657945 0.946000 0.062421
1 0.824500 0.720681 0.261000 0.063052
1 0.625000 0.783417 0.660000 0.062421
1 0.351500 0.720681 0.685000 0.063052
1 0.152000 0.783417 0.286000 0.062421
1 0.914500 0.908260 0.081000 0.062421
1 0.482000 0.845839 0.946000 0.062421
1 0.482000 0.968789 0.946000 0.058638
1 0.441500 0.908260 0.865000 0.062421
0 0.057000 0.967528 0.056000 0.039723
0 0.054500 0.597415 0.055000 0.040984
0 0.902500 0.911412 0.057000 0.040984
0 0.323000 0.785624 0.054000 0.040353
0 0.377500 0.287831 0.051000 0.037201
0 0.905500 0.412673 0.055000 0.039723
0 0.721500 0.725410 0.055000 0.039723
0 0.781000 0.472573 0.052000 0.037201
0 0.636000 0.537516 0.054000 0.039723
0 0.791000 0.225410 0.056000 0.039723
0 0.731000 0.600567 0.056000 0.039723