1 0.919000 0.152900 0.072000 0.062421
1 0.482000 0.091110 0.946000 0.061160
1 0.446000 0.152900 0.874000 0.062421
1 0.735000 0.215006 0.440000 0.061791
1 0.535500 0.276797 0.839000 0.061791
1 0.262000 0.215006 0.506000 0.061791
1 0.062500 0.276797 0.107000 0.061791
1 0.658500 0.338588 0.593000 0.061791
1 0.185500 0.338588 0.353000 0.061791
1 0.857500 0.400694 0.195000 0.062421
1 0.384500 0.400694 0.751000 0.062421
1 0.701500 0.462799 0.507000 0.061791
1 0.228500 0.462799 0.439000 0.061791
1 0.668000 0.524590 0.574000 0.061791
1 0.559000 0.586381 0.792000 0.061791
1 0.195000 0.524590 0.372000 0.061791
1 0.603500 0.648802 0.703000 0.063052
1 0.086000 0.586381 0.154000 0.061791
1 0.682000 0.710908 0.546000 0.061160
1 0.130500 0.648802 0.243000 0.063052
1 0.482000 0.773014 0.946000 0.063052
1 0.806500 0.835120 0.297000 0.061160
1 0.209000 0.710908 0.400000 0.061160
1 0.444500 0.835120 0.427000 0.061160
1 0.773000 0.896910 0.364000 0.062421
1 0.120000 0.835120 0.222000 0.061160
1 0.845000 0.959016 0.220000 0.061791
1 0.300000 0.896910 0.582000 0.062421
1 0.372000 0.959016 0.726000 0.061791
0 0.686500 0.837957 0.055000 0.040353
0 0.391500 0.342686 0.055000 0.039723
0 0.763500 0.961538 0.057000 0.040353
0 0.190500 0.590479 0.055000 0.040984
0 0.054000 0.958701 0.056000 0.040984
0 0.258500 0.835750 0.055000 0.039723
0 0.619500 0.898487 0.053000 0.039092
0 0.143500 0.280265 0.055000 0.038462
0 0.477000 0.466898 0.056000 0.039723
0 0.437500 0.712484 0.057000 0.039092
0 0.408000 0.528689 0.054000 0.038462
0 0.913000 0.157314 0.054000 0.039723
0 0.542000 0.221311 0.052000 0.037831
0 0.787000 0.407314 0.054000 0.039092
0 0.280000 0.650378 0.054000 0.039723