1 0.482500 0.118222 0.945000 0.124212
1 0.614500 0.211538 0.681000 0.062421
1 0.142000 0.211538 0.264000 0.062421
1 0.725500 0.273960 0.459000 0.062421
1 0.917000 0.336381 0.076000 0.062421
1 0.253000 0.273960 0.486000 0.062421
1 0.482500 0.398487 0.945000 0.061791
1 0.719000 0.460593 0.472000 0.062421
1 0.444500 0.336381 0.869000 0.062421
1 0.246500 0.460593 0.473000 0.062421
1 0.811500 0.523014 0.287000 0.062421
1 0.674000 0.585435 0.562000 0.062421
1 0.339000 0.523014 0.658000 0.062421
1 0.201500 0.585435 0.383000 0.062421
1 0.790000 0.710908 0.330000 0.062421
1 0.482500 0.648172 0.945000 0.063052
1 0.317500 0.710908 0.615000 0.062421
1 0.482500 0.773329 0.945000 0.062421
1 0.749500 0.835435 0.411000 0.061791
1 0.277000 0.835435 0.534000 0.061791
1 0.482500 0.928752 0.945000 0.124842
0 0.056500 0.959962 0.055000 0.040984
0 0.524500 0.277427 0.053000 0.040353
0 0.302500 0.216583 0.055000 0.039723
0 0.698000 0.528373 0.054000 0.039092
0 0.421000 0.590164 0.052000 0.039092
0 0.652000 0.713745 0.054000 0.040353
0 0.508500 0.464691 0.055000 0.040353
0 0.907000 0.339849 0.054000 0.040353
0 0.597500 0.837642 0.055000 0.039723