1 0.592000 0.090794 0.726000 0.060530
1 0.119000 0.090794 0.220000 0.060530
1 0.738000 0.151955 0.434000 0.061791
1 0.265000 0.151955 0.512000 0.061791
1 0.920000 0.213430 0.070000 0.061160
1 0.588000 0.213430 0.594000 0.061160
1 0.820000 0.274590 0.270000 0.061160
1 0.150000 0.213430 0.282000 0.061160
1 0.347000 0.274590 0.676000 0.061160
1 0.754500 0.335750 0.401000 0.061160
1 0.281500 0.335750 0.545000 0.061160
1 0.918000 0.396910 0.074000 0.061160
1 0.919000 0.458386 0.072000 0.061791
1 0.445000 0.396910 0.872000 0.061160
1 0.599500 0.458386 0.567000 0.061791
1 0.687500 0.519861 0.535000 0.061160
1 0.162500 0.458386 0.307000 0.061791
1 0.214500 0.519861 0.411000 0.061160
1 0.919000 0.581021 0.072000 0.061160
1 0.693500 0.581021 0.379000 0.061160
1 0.368000 0.581021 0.272000 0.061160
1 0.920000 0.642497 0.070000 0.061791
1 0.120500 0.581021 0.223000 0.061160
1 0.920000 0.703972 0.070000 0.061160
1 0.447000 0.642497 0.876000 0.061791
1 0.447000 0.703972 0.876000 0.061160
1 0.786500 0.765132 0.337000 0.061160
1 0.446000 0.765132 0.344000 0.061160
1 0.921000 0.826293 0.068000 0.061160
1 0.141500 0.765132 0.265000 0.061160
1 0.728500 0.826293 0.317000 0.061160
1 0.451500 0.826293 0.237000 0.061160
1 0.171000 0.826293 0.324000 0.061160
1 0.586500 0.887768 0.737000 0.061791
1 0.749500 0.949243 0.411000 0.061160
1 0.113500 0.887768 0.209000 0.061791
1 0.276500 0.949243 0.535000 0.061160
0 0.299000 0.770807 0.052000 0.037201
0 0.258000 0.581337 0.052000 0.036570
0 0.912000 0.830076 0.052000 0.037201
0 0.597000 0.832282 0.054000 0.036570
0 0.911500 0.706494 0.053000 0.037201
0 0.049000 0.706494 0.052000 0.037201
0 0.642500 0.771753 0.053000 0.036570
0 0.254500 0.092055 0.053000 0.037831
0 0.530500 0.581652 0.053000 0.037201
0 0.572000 0.952396 0.054000 0.038462
0 0.911000 0.582598 0.054000 0.036570
0 0.048000 0.833228 0.050000 0.035939
0 0.316500 0.217213 0.049000 0.037201
0 0.912500 0.216583 0.051000 0.037201
0 0.712000 0.278058 0.052000 0.037831
0 0.055500 0.278373 0.053000 0.037201
0 0.910500 0.650378 0.055000 0.038462
0 0.342000 0.458071 0.052000 0.037201
0 0.909500 0.399748 0.053000 0.037831
0 0.579500 0.337642 0.051000 0.038462
0 0.911500 0.459962 0.053000 0.037201
0 0.359000 0.831337 0.052000 0.037201
0 0.447000 0.516709 0.054000 0.037201
0 0.245500 0.891866 0.051000 0.037201
0 0.547500 0.154792 0.051000 0.037201
0 0.046500 0.951765 0.053000 0.037201