1 0.725500 0.094893 0.531000 0.061160
1 0.254500 0.094893 0.411000 0.061160
1 0.956500 0.156053 0.069000 0.061160
1 0.739000 0.156053 0.366000 0.061160
1 0.350500 0.156053 0.411000 0.061160
1 0.857000 0.217528 0.268000 0.061791
1 0.097000 0.156053 0.096000 0.061160
1 0.581500 0.217528 0.283000 0.061791
1 0.304500 0.217528 0.271000 0.061791
1 0.109000 0.217528 0.120000 0.061791
1 0.904000 0.278689 0.174000 0.060530
1 0.629000 0.278689 0.376000 0.060530
1 0.245000 0.278689 0.392000 0.060530
1 0.891000 0.339849 0.200000 0.061791
1 0.552500 0.339849 0.477000 0.061791
1 0.181500 0.339849 0.265000 0.061791
1 0.829000 0.401324 0.324000 0.061160
1 0.476500 0.401324 0.381000 0.061160
1 0.167500 0.401324 0.237000 0.061160
1 0.855500 0.462484 0.271000 0.061160
1 0.516500 0.462484 0.407000 0.061160
1 0.181000 0.462484 0.264000 0.061160
1 0.885000 0.523644 0.212000 0.061160
1 0.634000 0.523644 0.290000 0.061160
1 0.306000 0.523644 0.366000 0.061160
1 0.086000 0.523644 0.074000 0.061160
1 0.791500 0.585120 0.399000 0.061791
1 0.385500 0.585120 0.413000 0.061791
1 0.854000 0.646280 0.274000 0.060530
1 0.114000 0.585120 0.130000 0.061791
1 0.608000 0.646280 0.218000 0.060530
1 0.355500 0.646280 0.287000 0.060530
1 0.130500 0.646280 0.163000 0.060530
1 0.880000 0.707440 0.222000 0.061791
1 0.409000 0.707440 0.720000 0.061791
1 0.801500 0.768916 0.379000 0.061160
1 0.330500 0.768916 0.563000 0.061160
1 0.805500 0.830076 0.371000 0.061160
1 0.468500 0.830076 0.303000 0.061160
1 0.897500 0.890290 0.187000 0.059269
1 0.183000 0.830076 0.268000 0.061160
1 0.426500 0.890290 0.755000 0.059269
0 0.089500 0.704918 0.055000 0.039092
0 0.205000 0.590164 0.054000 0.040353
0 0.640000 0.768916 0.054000 0.038462
0 0.842500 0.280265 0.053000 0.038462
0 0.581000 0.161097 0.052000 0.039723
0 0.619500 0.587642 0.053000 0.039092
0 0.694000 0.404161 0.054000 0.039092
0 0.343000 0.343632 0.056000 0.039092
0 0.087500 0.765448 0.053000 0.039092
0 0.088000 0.887453 0.056000 0.039723
0 0.650000 0.831652 0.054000 0.039092
0 0.467500 0.218789 0.057000 0.039092
0 0.238500 0.647856 0.055000 0.039723
0 0.526500 0.648487 0.053000 0.039723
0 0.488500 0.098045 0.055000 0.039723
0 0.171000 0.162358 0.052000 0.038462
0 0.748500 0.220050 0.053000 0.039092
0 0.197500 0.219735 0.057000 0.038462
0 0.819000 0.343317 0.054000 0.038462
0 0.743500 0.649117 0.057000 0.040984
0 0.313000 0.402270 0.054000 0.039092
0 0.749000 0.467528 0.056000 0.039723
0 0.831000 0.895019 0.056000 0.038462
0 0.150500 0.528373 0.055000 0.040353
0 0.338500 0.465637 0.055000 0.038462
0 0.797000 0.710277 0.052000 0.037201
0 0.808000 0.529634 0.056000 0.039092
0 0.947500 0.162358 0.055000 0.038462
0 0.516500 0.528689 0.055000 0.039723
0 0.469000 0.280580 0.054000 0.037831
0 0.342500 0.829130 0.053000 0.037831