1 0.482000 0.114754 0.946000 0.124842
1 0.810500 0.208701 0.289000 0.063052
1 0.482000 0.271438 0.946000 0.062421
1 0.337500 0.208701 0.657000 0.063052
1 0.576000 0.521438 0.758000 0.061791
1 0.482000 0.396595 0.946000 0.187894
1 0.733500 0.709016 0.443000 0.062421
1 0.482000 0.615069 0.946000 0.125473
1 0.103000 0.521438 0.188000 0.061791
1 0.663500 0.771753 0.583000 0.063052
1 0.260500 0.709016 0.503000 0.062421
1 0.520000 0.897226 0.870000 0.063052
1 0.482000 0.834489 0.946000 0.062421
1 0.190500 0.771753 0.363000 0.063052
1 0.047000 0.897226 0.076000 0.063052
1 0.482000 0.959962 0.946000 0.062421
0 0.540500 0.709962 0.055000 0.041614
0 0.048500 0.958071 0.055000 0.039723
0 0.053000 0.275221 0.056000 0.039723
0 0.224000 0.522699 0.056000 0.040353
0 0.401000 0.774590 0.056000 0.039723
0 0.114000 0.898802 0.056000 0.039723
0 0.693500 0.211854 0.053000 0.040353