1 0.790000 0.154161 0.328000 0.062421
1 0.482000 0.092055 0.944000 0.061791
1 0.916000 0.340794 0.076000 0.062421
1 0.318000 0.154161 0.616000 0.062421
1 0.482000 0.247478 0.944000 0.124212
1 0.678000 0.402900 0.552000 0.061791
1 0.444000 0.340794 0.868000 0.062421
1 0.206000 0.402900 0.392000 0.061791
1 0.482000 0.527427 0.944000 0.187264
1 0.797500 0.775851 0.313000 0.062421
1 0.482000 0.682850 0.944000 0.123581
1 0.325500 0.775851 0.631000 0.062421
1 0.482000 0.838272 0.944000 0.062421
1 0.703000 0.900694 0.502000 0.062421
1 0.231000 0.900694 0.442000 0.062421
1 0.482000 0.962799 0.944000 0.061791
0 0.055500 0.963430 0.055000 0.039092
0 0.652500 0.160467 0.057000 0.039723
0 0.477500 0.903846 0.053000 0.039723
0 0.061000 0.589533 0.056000 0.040353
0 0.908000 0.341425 0.054000 0.039723
0 0.672000 0.778689 0.056000 0.040353
0 0.430000 0.404477 0.052000 0.040984