1 0.829000 0.273960 0.250000 0.061160
1 0.481500 0.149748 0.945000 0.187264
1 0.693000 0.335750 0.522000 0.062421
1 0.356500 0.273960 0.695000 0.061160
1 0.687500 0.398172 0.533000 0.062421
1 0.220500 0.335750 0.423000 0.062421
1 0.215000 0.398172 0.412000 0.062421
1 0.569000 0.460593 0.770000 0.062421
1 0.602000 0.523014 0.704000 0.062421
1 0.096500 0.460593 0.175000 0.062421
1 0.699500 0.585435 0.509000 0.062421
1 0.129500 0.523014 0.241000 0.062421
1 0.806000 0.647541 0.296000 0.061791
1 0.227000 0.585435 0.436000 0.062421
1 0.481500 0.709647 0.945000 0.062421
1 0.333500 0.647541 0.649000 0.061791
1 0.842500 0.834489 0.223000 0.062421
1 0.481500 0.772068 0.945000 0.062421
1 0.800500 0.896595 0.307000 0.061791
1 0.370000 0.834489 0.722000 0.062421
1 0.481500 0.958701 0.945000 0.062421
1 0.328000 0.896595 0.638000 0.061791
0 0.460500 0.342371 0.055000 0.037831
0 0.055500 0.713115 0.057000 0.040353
0 0.449500 0.403531 0.053000 0.039092
0 0.733500 0.282156 0.057000 0.039723
0 0.758000 0.839218 0.056000 0.040353
0 0.473000 0.590164 0.056000 0.040353
0 0.674500 0.899433 0.055000 0.039723
0 0.687000 0.653216 0.056000 0.040353
0 0.212000 0.468159 0.054000 0.039723
0 0.050500 0.958386 0.059000 0.040353
0 0.278500 0.529950 0.057000 0.039723