1 0.718500 0.210593 0.545000 0.061791
1 0.520000 0.118222 0.942000 0.122951
1 0.247500 0.210593 0.397000 0.061791
1 0.623500 0.272383 0.735000 0.061791
1 0.152500 0.272383 0.207000 0.061791
1 0.738500 0.334174 0.505000 0.061791
1 0.803500 0.457440 0.375000 0.061160
1 0.267500 0.334174 0.437000 0.061791
1 0.520000 0.395965 0.942000 0.061791
1 0.520000 0.518600 0.942000 0.061160
1 0.953000 0.580391 0.076000 0.062421
1 0.332500 0.457440 0.567000 0.061160
1 0.482000 0.580391 0.866000 0.062421
1 0.520000 0.642497 0.942000 0.061791
1 0.520000 0.765763 0.942000 0.184741
1 0.520000 0.919609 0.942000 0.122951
0 0.081500 0.582282 0.055000 0.037201
0 0.086000 0.950820 0.054000 0.037831
0 0.091500 0.831337 0.053000 0.035939
0 0.473000 0.213115 0.054000 0.037831
0 0.089500 0.647856 0.053000 0.037201
0 0.944000 0.582282 0.056000 0.037201
0 0.282500 0.274590 0.053000 0.037201
0 0.669500 0.459647 0.051000 0.039092
0 0.514000 0.335750 0.052000 0.037201