1 0.518500 0.212484 0.945000 0.308953
1 0.617500 0.398172 0.747000 0.062421
1 0.145000 0.398172 0.198000 0.062421
1 0.689500 0.460277 0.603000 0.061791
1 0.518500 0.522068 0.945000 0.061791
1 0.217000 0.460277 0.342000 0.061791
1 0.580500 0.584174 0.821000 0.062421
1 0.108000 0.584174 0.124000 0.062421
1 0.788000 0.832282 0.406000 0.061791
1 0.518500 0.708386 0.945000 0.186003
1 0.518500 0.894388 0.945000 0.062421
1 0.315500 0.832282 0.539000 0.061791
0 0.081000 0.338272 0.058000 0.039723
0 0.197000 0.588588 0.056000 0.039723
0 0.614500 0.838272 0.057000 0.039723
0 0.416500 0.465006 0.057000 0.039723
0 0.271000 0.402900 0.056000 0.040353
0 0.076000 0.897226 0.056000 0.039092