1 0.842500 0.151639 0.303000 0.062421
1 0.520500 0.089533 0.947000 0.061791
1 0.369000 0.151639 0.644000 0.062421
1 0.520500 0.213745 0.947000 0.061791
1 0.520500 0.275536 0.947000 0.061791
1 0.957500 0.337327 0.073000 0.061791
1 0.484000 0.337327 0.874000 0.061791
1 0.795500 0.399433 0.397000 0.062421
1 0.322000 0.399433 0.550000 0.062421
1 0.617000 0.523329 0.754000 0.061791
1 0.520500 0.461538 0.947000 0.061791
1 0.143500 0.523329 0.193000 0.061791
1 0.520500 0.616646 0.947000 0.124842
1 0.955500 0.709962 0.077000 0.061791
1 0.482000 0.709962 0.870000 0.061791
1 0.782500 0.772068 0.423000 0.062421
1 0.309000 0.772068 0.524000 0.062421
1 0.520500 0.834174 0.947000 0.061791
1 0.955500 0.895965 0.077000 0.061791
1 0.482000 0.895965 0.870000 0.061791
1 0.520500 0.958071 0.947000 0.062421
0 0.720500 0.153216 0.055000 0.040353
0 0.097500 0.962799 0.057000 0.039092
0 0.082000 0.215006 0.054000 0.040353
0 0.087000 0.899117 0.056000 0.040353
0 0.950500 0.341425 0.057000 0.039723
0 0.946000 0.900063 0.058000 0.039723
0 0.600500 0.774905 0.055000 0.039092
0 0.268000 0.529004 0.054000 0.039092
0 0.948000 0.711538 0.056000 0.039723
0 0.651000 0.400694 0.054000 0.039723