1 0.481500 0.182535 0.945000 0.249054
1 0.481500 0.369483 0.945000 0.124842
1 0.854000 0.463115 0.200000 0.062421
1 0.812500 0.588588 0.283000 0.062421
1 0.481500 0.525851 0.945000 0.063052
1 0.381500 0.463115 0.745000 0.062421
1 0.717500 0.650694 0.473000 0.061791
1 0.340000 0.588588 0.662000 0.062421
1 0.918500 0.775221 0.071000 0.062421
1 0.481500 0.712799 0.945000 0.062421
1 0.245000 0.650694 0.472000 0.061791
1 0.481500 0.900063 0.945000 0.187264
1 0.446000 0.775221 0.874000 0.062421
0 0.056000 0.961854 0.056000 0.039723
0 0.055500 0.279634 0.055000 0.038462
0 0.911500 0.777743 0.055000 0.040984
0 0.697000 0.591740 0.050000 0.038462
0 0.783500 0.466267 0.055000 0.040984
0 0.508500 0.654477 0.053000 0.040353