1 0.697500 0.148802 0.585000 0.061791
1 0.519500 0.086696 0.941000 0.062421
1 0.227000 0.148802 0.356000 0.061791
1 0.519500 0.211223 0.941000 0.063052
1 0.519500 0.273644 0.941000 0.061791
1 0.952500 0.335435 0.075000 0.061791
1 0.482000 0.335435 0.866000 0.061791
1 0.794500 0.397226 0.391000 0.061791
1 0.324000 0.397226 0.550000 0.061791
1 0.519500 0.490542 0.941000 0.124842
1 0.649000 0.583859 0.682000 0.061791
1 0.558500 0.645965 0.863000 0.062421
1 0.178500 0.583859 0.259000 0.061791
1 0.088000 0.645965 0.078000 0.062421
1 0.859000 0.770492 0.262000 0.061791
1 0.519500 0.708386 0.941000 0.062421
1 0.388500 0.770492 0.679000 0.061791
1 0.883000 0.832598 0.214000 0.062421
1 0.412500 0.832598 0.727000 0.062421
1 0.519500 0.925914 0.941000 0.124212
0 0.088500 0.214061 0.051000 0.038462
0 0.941500 0.338903 0.051000 0.037201
0 0.336500 0.587327 0.053000 0.037201
0 0.094000 0.958071 0.054000 0.037201
0 0.432500 0.153216 0.051000 0.037831
0 0.152500 0.651639 0.051000 0.038462
0 0.801500 0.836381 0.051000 0.038462
0 0.754000 0.775221 0.052000 0.037201
0 0.624500 0.398172 0.049000 0.034678