1 0.859500 0.150063 0.191000 0.063052
1 0.482000 0.087642 0.946000 0.061791
1 0.386500 0.150063 0.755000 0.063052
1 0.651000 0.212799 0.608000 0.062421
1 0.178000 0.212799 0.338000 0.062421
1 0.559000 0.274905 0.792000 0.061791
1 0.086000 0.274905 0.154000 0.061791
1 0.482000 0.337011 0.946000 0.062421
1 0.827500 0.399433 0.255000 0.062421
1 0.354500 0.399433 0.691000 0.062421
1 0.855000 0.461854 0.200000 0.062421
1 0.382000 0.461854 0.746000 0.062421
1 0.731500 0.586066 0.447000 0.062421
1 0.482000 0.523960 0.946000 0.061791
1 0.258500 0.586066 0.499000 0.062421
1 0.862000 0.710908 0.186000 0.062421
1 0.482000 0.648487 0.946000 0.062421
1 0.389000 0.710908 0.760000 0.062421
1 0.735500 0.773644 0.439000 0.063052
1 0.262500 0.773644 0.507000 0.063052
1 0.482000 0.836066 0.946000 0.061791
1 0.821000 0.960593 0.268000 0.062421
1 0.482000 0.898172 0.946000 0.062421
1 0.348000 0.960593 0.678000 0.062421
0 0.783500 0.464691 0.053000 0.037831
0 0.053500 0.839218 0.051000 0.039092
0 0.054000 0.962484 0.052000 0.038462
0 0.375000 0.216583 0.050000 0.038462
0 0.789500 0.155738 0.051000 0.037831
0 0.726000 0.401955 0.052000 0.038462
0 0.541500 0.777743 0.051000 0.038462
0 0.795500 0.715006 0.051000 0.037831
0 0.712500 0.964061 0.053000 0.036570
0 0.534500 0.587957 0.051000 0.037201
0 0.188500 0.276482 0.049000 0.038462