1 0.480500 0.179697 0.949000 0.248424
1 0.598000 0.335120 0.714000 0.062421
1 0.123500 0.335120 0.235000 0.062421
1 0.480500 0.459647 0.949000 0.186633
1 0.480500 0.584489 0.949000 0.063052
1 0.702000 0.646910 0.506000 0.061791
1 0.480500 0.739912 0.949000 0.124212
1 0.227500 0.646910 0.443000 0.061791
1 0.480500 0.833228 0.949000 0.062421
1 0.602000 0.895019 0.706000 0.061160
1 0.480500 0.957125 0.949000 0.063052
1 0.127500 0.895019 0.243000 0.061160
0 0.054500 0.772383 0.055000 0.040353
0 0.052500 0.956810 0.057000 0.040984
0 0.476500 0.649117 0.057000 0.039723
0 0.268500 0.338272 0.055000 0.039723
0 0.054500 0.522068 0.057000 0.040353
0 0.278000 0.897856 0.056000 0.041614