1 0.690500 0.151955 0.527000 0.061791
1 0.481500 0.089849 0.945000 0.062421
1 0.481500 0.244956 0.945000 0.124212
1 0.218000 0.151955 0.418000 0.061791
1 0.481500 0.337957 0.945000 0.061791
1 0.734000 0.400063 0.440000 0.062421
1 0.699500 0.524590 0.509000 0.061791
1 0.261500 0.400063 0.505000 0.062421
1 0.481500 0.462484 0.945000 0.062421
1 0.481500 0.586696 0.945000 0.062421
1 0.227000 0.524590 0.436000 0.061791
1 0.915000 0.648802 0.078000 0.061791
1 0.442500 0.648802 0.867000 0.061791
1 0.481500 0.710908 0.945000 0.062421
1 0.481500 0.773329 0.945000 0.062421
1 0.822500 0.835750 0.263000 0.062421
1 0.571000 0.897541 0.766000 0.061160
1 0.350000 0.835750 0.682000 0.062421
1 0.098500 0.897541 0.179000 0.061160
1 0.481500 0.959332 0.945000 0.062421
0 0.050500 0.715952 0.051000 0.038462
0 0.457000 0.155738 0.054000 0.036570
0 0.054500 0.960277 0.053000 0.037831
0 0.049000 0.274905 0.052000 0.037831
0 0.472000 0.532472 0.054000 0.037201
0 0.539500 0.411412 0.051000 0.037201
0 0.904500 0.653846 0.053000 0.037831
0 0.215000 0.901009 0.052000 0.037831
0 0.718500 0.838903 0.051000 0.037201