1 0.766000 0.093632 0.378000 0.061160
1 0.793000 0.154477 0.324000 0.060530
1 0.293000 0.093632 0.568000 0.061160
1 0.516000 0.154477 0.230000 0.060530
1 0.205000 0.154477 0.392000 0.060530
1 0.824500 0.215637 0.261000 0.061791
1 0.528500 0.215637 0.331000 0.061791
1 0.215000 0.215637 0.296000 0.061791
1 0.038000 0.215637 0.058000 0.061791
1 0.684000 0.276482 0.542000 0.059899
1 0.211000 0.276482 0.404000 0.059899
1 0.695500 0.337011 0.519000 0.061160
1 0.259500 0.337011 0.353000 0.061160
1 0.773500 0.398172 0.363000 0.061160
1 0.046000 0.337011 0.074000 0.061160
1 0.438500 0.398172 0.307000 0.061160
1 0.147000 0.398172 0.276000 0.061160
1 0.790000 0.459016 0.330000 0.060530
1 0.376000 0.459016 0.498000 0.060530
1 0.068000 0.459016 0.118000 0.060530
1 0.726000 0.519546 0.458000 0.060530
1 0.302500 0.519546 0.389000 0.060530
1 0.058500 0.519546 0.099000 0.060530
1 0.641000 0.580391 0.628000 0.061160
1 0.736000 0.641551 0.438000 0.061160
1 0.168000 0.580391 0.318000 0.061160
1 0.263000 0.641551 0.508000 0.061160
1 0.919000 0.702081 0.072000 0.059899
1 0.638000 0.702081 0.490000 0.059899
1 0.229000 0.702081 0.328000 0.059899
1 0.746500 0.762926 0.417000 0.061791
1 0.037000 0.702081 0.056000 0.059899
1 0.362000 0.762926 0.352000 0.061791
1 0.575000 0.823770 0.760000 0.059899
1 0.097500 0.762926 0.177000 0.061791
1 0.102000 0.823770 0.186000 0.059899
1 0.838000 0.884300 0.234000 0.061160
1 0.365000 0.884300 0.712000 0.061160
1 0.482000 0.945145 0.946000 0.060530
0 0.213000 0.766393 0.050000 0.037201
0 0.049500 0.887768 0.051000 0.037831
0 0.616500 0.403846 0.049000 0.037201
0 0.221000 0.828499 0.052000 0.036570
0 0.153000 0.465952 0.052000 0.037831
0 0.651500 0.465006 0.051000 0.037201
0 0.308500 0.402270 0.049000 0.036570
0 0.418500 0.708071 0.051000 0.036570
0 0.427000 0.162358 0.052000 0.038462
0 0.108000 0.341740 0.050000 0.036570
0 0.051500 0.282472 0.053000 0.036570
0 0.566000 0.766709 0.052000 0.037831
0 0.657000 0.163934 0.050000 0.036570
0 0.721000 0.220681 0.050000 0.036570
0 0.050000 0.948928 0.050000 0.036570
0 0.440500 0.283102 0.053000 0.036570
0 0.388500 0.221627 0.053000 0.037201
0 0.910000 0.707125 0.054000 0.037201
0 0.091000 0.705864 0.050000 0.037201
0 0.353000 0.588272 0.056000 0.037831
0 0.602500 0.099937 0.053000 0.037201
0 0.462000 0.343632 0.050000 0.035309
0 0.520500 0.523644 0.051000 0.037201
0 0.133000 0.523960 0.052000 0.037831
0 0.746000 0.889029 0.050000 0.037831
0 0.095000 0.223834 0.052000 0.036570
0 0.544000 0.648802 0.052000 0.036570