1 0.520000 0.184741 0.942000 0.121059
1 0.520000 0.276166 0.942000 0.061791
1 0.879000 0.337957 0.224000 0.061791
1 0.408000 0.337957 0.718000 0.061791
1 0.859000 0.463115 0.264000 0.062421
1 0.520000 0.400378 0.942000 0.063052
1 0.388000 0.463115 0.678000 0.062421
1 0.774000 0.525536 0.434000 0.062421
1 0.303000 0.525536 0.508000 0.062421
1 0.520000 0.587957 0.942000 0.062421
1 0.952500 0.650063 0.077000 0.061791
1 0.481500 0.650063 0.865000 0.061791
1 0.952500 0.712484 0.077000 0.063052
1 0.481500 0.712484 0.865000 0.063052
1 0.697500 0.774905 0.587000 0.061791
1 0.226500 0.774905 0.355000 0.061791
1 0.641000 0.837011 0.700000 0.062421
1 0.170000 0.837011 0.242000 0.062421
1 0.520000 0.899433 0.942000 0.062421
1 0.520000 0.961854 0.942000 0.062421
0 0.094000 0.905422 0.050000 0.036570
0 0.095000 0.966583 0.052000 0.036570
0 0.099000 0.217844 0.052000 0.037201
0 0.322500 0.841740 0.051000 0.037831
0 0.795000 0.341740 0.052000 0.037831
0 0.436500 0.778373 0.053000 0.037201
0 0.942500 0.649433 0.051000 0.035309
0 0.587500 0.528058 0.053000 0.038462
0 0.755000 0.464376 0.052000 0.037201
0 0.942500 0.712799 0.053000 0.038462