1 0.872000 0.276797 0.238000 0.061791
1 0.520000 0.153531 0.942000 0.184741
1 0.401000 0.276797 0.704000 0.061791
1 0.903000 0.461854 0.176000 0.061160
1 0.520000 0.369483 0.942000 0.123581
1 0.432000 0.461854 0.766000 0.061160
1 0.520000 0.523329 0.942000 0.061791
1 0.734500 0.585120 0.513000 0.061791
1 0.263500 0.585120 0.429000 0.061791
1 0.520000 0.708386 0.942000 0.184741
1 0.651000 0.831652 0.680000 0.061791
1 0.520000 0.923707 0.942000 0.122320
1 0.180000 0.831652 0.262000 0.061791
0 0.339000 0.835750 0.054000 0.039723
0 0.088500 0.955233 0.059000 0.039092
0 0.537500 0.586696 0.055000 0.039723
0 0.843000 0.464376 0.054000 0.039723
0 0.780500 0.280265 0.057000 0.040984