1 0.833500 0.213745 0.243000 0.061791
1 0.482000 0.121059 0.946000 0.123581
1 0.793000 0.399748 0.324000 0.061791
1 0.482000 0.306747 0.946000 0.124212
1 0.360500 0.213745 0.703000 0.061791
1 0.514000 0.461538 0.882000 0.061791
1 0.320000 0.399748 0.622000 0.061791
1 0.482000 0.523644 0.946000 0.062421
1 0.786500 0.585750 0.337000 0.061791
1 0.041000 0.461538 0.064000 0.061791
1 0.482000 0.647541 0.946000 0.061791
1 0.691000 0.709962 0.528000 0.063052
1 0.313500 0.585750 0.609000 0.061791
1 0.218000 0.709962 0.418000 0.063052
1 0.482000 0.772383 0.946000 0.061791
1 0.670500 0.834489 0.569000 0.062421
1 0.482000 0.927491 0.946000 0.123581
1 0.197500 0.834489 0.377000 0.062421
0 0.052500 0.961223 0.055000 0.040984
0 0.099500 0.466898 0.055000 0.038462
0 0.411000 0.838903 0.056000 0.039723
0 0.644500 0.590164 0.053000 0.040353
0 0.660000 0.406053 0.058000 0.039092
0 0.741000 0.219735 0.056000 0.039723
0 0.454000 0.713115 0.056000 0.039092