1 0.582500 0.086066 0.817000 0.062421
1 0.955500 0.209647 0.071000 0.062421
1 0.111000 0.086066 0.126000 0.062421
1 0.519500 0.147856 0.943000 0.061160
1 0.519500 0.271753 0.943000 0.061791
1 0.684000 0.333859 0.614000 0.062421
1 0.484000 0.209647 0.872000 0.062421
1 0.212500 0.333859 0.329000 0.062421
1 0.560500 0.395965 0.861000 0.061791
1 0.089000 0.395965 0.082000 0.061791
1 0.562000 0.519861 0.858000 0.062421
1 0.519500 0.457755 0.943000 0.061791
1 0.090500 0.519861 0.085000 0.062421
1 0.907500 0.644073 0.167000 0.062421
1 0.519500 0.581967 0.943000 0.061791
1 0.436000 0.644073 0.776000 0.062421
1 0.919500 0.706494 0.143000 0.062421
1 0.519500 0.830391 0.943000 0.185372
1 0.448000 0.706494 0.800000 0.062421
1 0.519500 0.954288 0.943000 0.062421
0 0.201500 0.092055 0.053000 0.037831
0 0.948500 0.215952 0.053000 0.037201
0 0.406000 0.337011 0.052000 0.037201
0 0.156500 0.400378 0.051000 0.036570
0 0.162000 0.524590 0.052000 0.035309
0 0.853000 0.648802 0.050000 0.036570
0 0.875000 0.711223 0.052000 0.036570
0 0.085500 0.894388 0.053000 0.037201
0 0.089000 0.954288 0.052000 0.035939