1 0.917500 0.149433 0.075000 0.063052
1 0.482000 0.086381 0.946000 0.063052
1 0.705000 0.212169 0.500000 0.062421
1 0.444500 0.149433 0.871000 0.063052
1 0.607500 0.274275 0.695000 0.061791
1 0.232000 0.212169 0.446000 0.062421
1 0.482000 0.337011 0.946000 0.063682
1 0.134500 0.274275 0.251000 0.061791
1 0.482000 0.399748 0.946000 0.061791
1 0.601000 0.461854 0.708000 0.062421
1 0.560500 0.524905 0.789000 0.063682
1 0.128000 0.461854 0.238000 0.062421
1 0.582500 0.587327 0.745000 0.061160
1 0.087500 0.524905 0.157000 0.063682
1 0.663000 0.712484 0.584000 0.063052
1 0.482000 0.649433 0.946000 0.063052
1 0.109500 0.587327 0.201000 0.061160
1 0.575500 0.775221 0.759000 0.062421
1 0.190000 0.712484 0.362000 0.063052
1 0.482000 0.837957 0.946000 0.063052
1 0.102500 0.775221 0.187000 0.062421
1 0.543500 0.900694 0.823000 0.062421
1 0.070500 0.900694 0.123000 0.062421
1 0.482000 0.963430 0.946000 0.063052
0 0.051000 0.964061 0.052000 0.037831
0 0.056500 0.343632 0.051000 0.036570
0 0.288000 0.279634 0.052000 0.037201
0 0.235000 0.590479 0.052000 0.038462
0 0.909500 0.156999 0.053000 0.036570
0 0.483500 0.219105 0.053000 0.035939
0 0.196500 0.528058 0.053000 0.038462
0 0.275500 0.467844 0.053000 0.037831
0 0.157000 0.904477 0.054000 0.038462
0 0.224000 0.780895 0.052000 0.037201
0 0.398000 0.714376 0.052000 0.037831