1 0.948000 0.337011 0.088000 0.062421
1 0.521500 0.181274 0.941000 0.249054
1 0.477500 0.337011 0.853000 0.062421
1 0.656000 0.462169 0.672000 0.061791
1 0.521500 0.399748 0.941000 0.063052
1 0.185500 0.462169 0.269000 0.061791
1 0.881000 0.649433 0.222000 0.063052
1 0.521500 0.555485 0.941000 0.124842
1 0.410500 0.649433 0.719000 0.063052
1 0.696500 0.712169 0.591000 0.062421
1 0.521500 0.868222 0.941000 0.249685
1 0.226000 0.712169 0.350000 0.062421
0 0.087000 0.964691 0.054000 0.041614
0 0.349000 0.466583 0.056000 0.040353
0 0.933000 0.340479 0.054000 0.040353
0 0.823000 0.654161 0.056000 0.040984
0 0.433000 0.716583 0.058000 0.039723