1 0.520000 0.123581 0.942000 0.123581
1 0.825500 0.215952 0.331000 0.061160
1 0.354500 0.215952 0.611000 0.061160
1 0.520000 0.307692 0.942000 0.122320
1 0.955500 0.399748 0.071000 0.061791
1 0.484500 0.399748 0.871000 0.061791
1 0.857500 0.461538 0.267000 0.061791
1 0.520000 0.522699 0.942000 0.060530
1 0.386500 0.461538 0.675000 0.061791
1 0.679500 0.583859 0.623000 0.061791
1 0.644000 0.645334 0.694000 0.061160
1 0.208500 0.583859 0.319000 0.061791
1 0.953000 0.768600 0.076000 0.061791
1 0.520000 0.706810 0.942000 0.061791
1 0.173000 0.645334 0.248000 0.061160
1 0.623000 0.830076 0.736000 0.061160
1 0.482000 0.768600 0.866000 0.061791
1 0.869000 0.952711 0.244000 0.061791
1 0.520000 0.891236 0.942000 0.061160
1 0.152000 0.830076 0.206000 0.061160
1 0.398000 0.952711 0.698000 0.061791
0 0.774500 0.956494 0.053000 0.037831
0 0.751500 0.465006 0.053000 0.037201
0 0.686000 0.216898 0.052000 0.037831
0 0.282500 0.836696 0.053000 0.036570
0 0.941500 0.775851 0.051000 0.037201
0 0.085000 0.954288 0.054000 0.037201
0 0.324500 0.647541 0.053000 0.036570
0 0.946000 0.400694 0.052000 0.037201
0 0.397000 0.588272 0.054000 0.036570