1 0.482500 0.183480 0.945000 0.248424
1 0.861500 0.338903 0.187000 0.062421
1 0.389000 0.338903 0.758000 0.062421
1 0.808000 0.463745 0.294000 0.062421
1 0.482500 0.401324 0.945000 0.062421
1 0.582500 0.526166 0.745000 0.062421
1 0.335500 0.463745 0.651000 0.062421
1 0.520500 0.651009 0.869000 0.062421
1 0.482500 0.588588 0.945000 0.062421
1 0.110000 0.526166 0.200000 0.062421
1 0.482500 0.713115 0.945000 0.061791
1 0.048000 0.651009 0.076000 0.062421
1 0.917500 0.775221 0.075000 0.062421
1 0.702500 0.899748 0.505000 0.061791
1 0.482500 0.837642 0.945000 0.062421
1 0.445000 0.775221 0.870000 0.062421
1 0.482500 0.961854 0.945000 0.062421
1 0.230000 0.899748 0.440000 0.061791
0 0.690500 0.467213 0.053000 0.039092
0 0.055500 0.964061 0.055000 0.039092
0 0.477500 0.903531 0.053000 0.040353
0 0.908500 0.777743 0.055000 0.039723
0 0.115000 0.652585 0.052000 0.041614
0 0.795500 0.342055 0.053000 0.038462
0 0.239500 0.527112 0.055000 0.041614