1 0.691500 0.462484 0.527000 0.062421
1 0.481000 0.244956 0.948000 0.372636
1 0.217500 0.462484 0.421000 0.062421
1 0.481000 0.587011 0.948000 0.186633
1 0.718500 0.711538 0.473000 0.062421
1 0.687000 0.773644 0.536000 0.061791
1 0.244500 0.711538 0.475000 0.062421
1 0.213000 0.773644 0.412000 0.061791
1 0.681500 0.897541 0.547000 0.062421
1 0.481000 0.835435 0.948000 0.061791
1 0.207500 0.897541 0.401000 0.062421
1 0.481000 0.959962 0.948000 0.062421
0 0.047500 0.961223 0.055000 0.039723
0 0.440000 0.898172 0.056000 0.039723
0 0.512500 0.711854 0.055000 0.040353
0 0.448000 0.775221 0.056000 0.039723
0 0.459000 0.463430 0.058000 0.040353