1 0.520000 0.090164 0.942000 0.061791
1 0.865000 0.151955 0.252000 0.061791
1 0.394000 0.151955 0.690000 0.061791
1 0.951000 0.213430 0.080000 0.061160
1 0.847000 0.275221 0.288000 0.062421
1 0.480000 0.213430 0.862000 0.061160
1 0.779500 0.337327 0.423000 0.061791
1 0.376000 0.275221 0.654000 0.062421
1 0.953000 0.399117 0.076000 0.061791
1 0.308500 0.337327 0.519000 0.061791
1 0.786500 0.461223 0.409000 0.062421
1 0.482000 0.399117 0.866000 0.061791
1 0.678500 0.523014 0.625000 0.061160
1 0.315500 0.461223 0.533000 0.062421
1 0.646500 0.584805 0.689000 0.062421
1 0.207500 0.523014 0.317000 0.061160
1 0.520000 0.646910 0.942000 0.061791
1 0.795000 0.708701 0.392000 0.061791
1 0.175500 0.584805 0.253000 0.062421
1 0.775500 0.770492 0.431000 0.061791
1 0.324000 0.708701 0.550000 0.061791
1 0.730000 0.832598 0.522000 0.062421
1 0.304500 0.770492 0.511000 0.061791
1 0.767000 0.894704 0.448000 0.061791
1 0.259000 0.832598 0.420000 0.062421
1 0.296000 0.894704 0.494000 0.061791
1 0.520000 0.956494 0.942000 0.061791
0 0.498000 0.835750 0.056000 0.039723
0 0.330000 0.588272 0.054000 0.040353
0 0.940000 0.217844 0.058000 0.039723
0 0.573000 0.896280 0.056000 0.039723
0 0.090500 0.956810 0.055000 0.038462
0 0.770500 0.152900 0.055000 0.039723
0 0.393000 0.525851 0.056000 0.039092
0 0.627000 0.713430 0.056000 0.039723
0 0.731000 0.278373 0.056000 0.039723
0 0.611000 0.464061 0.058000 0.040353
0 0.595000 0.342371 0.056000 0.039092
0 0.588000 0.774590 0.056000 0.039723
0 0.944500 0.403531 0.055000 0.040353