1 0.481500 0.149117 0.945000 0.186003
1 0.919000 0.272699 0.070000 0.061160
1 0.644000 0.334489 0.620000 0.062421
1 0.446500 0.272699 0.875000 0.061160
1 0.919500 0.519861 0.069000 0.062421
1 0.481500 0.427175 0.945000 0.122951
1 0.171500 0.334489 0.325000 0.062421
1 0.481500 0.581967 0.945000 0.061791
1 0.447000 0.519861 0.876000 0.062421
1 0.629000 0.644073 0.650000 0.062421
1 0.156500 0.644073 0.295000 0.062421
1 0.481500 0.706179 0.945000 0.061791
1 0.593500 0.767970 0.721000 0.061791
1 0.121000 0.767970 0.224000 0.061791
1 0.481500 0.891551 0.945000 0.185372
0 0.361000 0.340479 0.054000 0.039092
0 0.049000 0.955233 0.058000 0.039092
0 0.332500 0.650063 0.055000 0.039092
0 0.912000 0.279950 0.056000 0.040353
0 0.260500 0.773644 0.055000 0.040353
0 0.913000 0.524275 0.054000 0.038462