1 0.482000 0.087642 0.946000 0.061791
1 0.842500 0.149433 0.225000 0.061791
1 0.369500 0.149433 0.721000 0.061791
1 0.482000 0.211538 0.946000 0.062421
1 0.482000 0.273644 0.946000 0.061791
1 0.531500 0.335120 0.847000 0.061160
1 0.058500 0.335120 0.099000 0.061160
1 0.482000 0.396595 0.946000 0.061791
1 0.703000 0.458701 0.504000 0.062421
1 0.230000 0.458701 0.442000 0.062421
1 0.823000 0.520807 0.264000 0.061791
1 0.919500 0.582598 0.071000 0.061791
1 0.350000 0.520807 0.682000 0.061791
1 0.766000 0.644704 0.378000 0.062421
1 0.446500 0.582598 0.875000 0.061791
1 0.293000 0.644704 0.568000 0.062421
1 0.575000 0.706810 0.760000 0.061791
1 0.102000 0.706810 0.186000 0.061791
1 0.568000 0.768600 0.774000 0.061791
1 0.612500 0.830391 0.685000 0.061791
1 0.095000 0.768600 0.172000 0.061791
1 0.139500 0.830391 0.261000 0.061791
1 0.482000 0.892182 0.946000 0.061791
0 0.759000 0.153216 0.052000 0.037831
0 0.051000 0.213430 0.052000 0.038462
0 0.136500 0.340479 0.053000 0.037831
0 0.061000 0.891866 0.054000 0.035939
0 0.299500 0.831967 0.055000 0.037201
0 0.224500 0.710277 0.051000 0.037201
0 0.209000 0.771122 0.054000 0.036570
0 0.605000 0.649748 0.054000 0.038462
0 0.479000 0.462169 0.052000 0.037831
0 0.913000 0.585120 0.054000 0.037831
0 0.720000 0.524905 0.054000 0.037201