1 0.520000 0.086696 0.942000 0.061160
1 0.780500 0.148172 0.421000 0.061791
1 0.854500 0.209962 0.273000 0.061791
1 0.309500 0.148172 0.521000 0.061791
1 0.451500 0.209962 0.533000 0.061791
1 0.793000 0.271753 0.396000 0.061791
1 0.117000 0.209962 0.136000 0.061791
1 0.691500 0.333544 0.599000 0.061791
1 0.322000 0.271753 0.546000 0.061791
1 0.858000 0.517970 0.266000 0.061160
1 0.520000 0.425914 0.942000 0.122951
1 0.220500 0.333544 0.343000 0.061791
1 0.956000 0.579760 0.070000 0.062421
1 0.387000 0.517970 0.676000 0.061160
1 0.943000 0.641866 0.096000 0.061791
1 0.485000 0.579760 0.872000 0.062421
1 0.619500 0.641866 0.551000 0.061791
1 0.615000 0.703657 0.752000 0.061791
1 0.196500 0.641866 0.295000 0.061791
1 0.599500 0.765448 0.783000 0.061791
1 0.144000 0.703657 0.190000 0.061791
1 0.128500 0.765448 0.159000 0.061791
1 0.801500 0.827238 0.379000 0.061791
1 0.330500 0.827238 0.563000 0.061791
1 0.875000 0.950189 0.232000 0.061791
1 0.520000 0.888714 0.942000 0.061160
1 0.404000 0.950189 0.710000 0.061791
0 0.090000 0.827869 0.052000 0.037831
0 0.372500 0.645334 0.053000 0.037201
0 0.265500 0.706810 0.053000 0.037831
0 0.237000 0.767970 0.054000 0.036570
0 0.090000 0.953342 0.052000 0.036570
0 0.786000 0.954918 0.052000 0.038462
0 0.637500 0.828184 0.051000 0.038462
0 0.948000 0.646280 0.054000 0.037831
0 0.743500 0.213745 0.051000 0.037831
0 0.211000 0.213430 0.052000 0.038462
0 0.419000 0.340164 0.050000 0.035939
0 0.946500 0.585435 0.055000 0.038462
0 0.622500 0.275221 0.051000 0.037201
0 0.752500 0.523644 0.053000 0.037201
0 0.596000 0.148802 0.052000 0.037831