1 0.500500 0.337202 0.653000 0.064475
1 0.500500 0.394907 0.653000 0.050935
1 0.674500 0.452611 0.305000 0.064475
1 0.348000 0.452611 0.348000 0.064475
1 0.570500 0.514184 0.513000 0.058672
1 0.650500 0.571244 0.353000 0.055448
1 0.244000 0.514184 0.140000 0.058672
1 0.500500 0.662153 0.653000 0.126370
1 0.324000 0.571244 0.300000 0.055448
0 0.289000 0.394262 0.044000 0.032882
0 0.336500 0.512573 0.043000 0.034816
0 0.546000 0.450999 0.044000 0.034172
0 0.349500 0.334623 0.045000 0.033527
0 0.227500 0.449065 0.045000 0.034172
0 0.386500 0.686654 0.045000 0.033527
0 0.499000 0.570277 0.044000 0.032882