1 0.782000 0.092371 0.418000 0.061160
1 0.376500 0.092371 0.393000 0.061160
1 0.854000 0.153216 0.274000 0.060530
1 0.114500 0.092371 0.131000 0.061160
1 0.528000 0.153216 0.378000 0.060530
1 0.194000 0.153216 0.290000 0.060530
1 0.816000 0.214061 0.350000 0.061160
1 0.345000 0.214061 0.592000 0.061160
1 0.744000 0.275221 0.494000 0.061160
1 0.314500 0.275221 0.365000 0.061160
1 0.090500 0.275221 0.083000 0.061160
1 0.774000 0.336066 0.434000 0.060530
1 0.390500 0.336066 0.333000 0.060530
1 0.877000 0.396910 0.228000 0.061160
1 0.136500 0.336066 0.175000 0.060530
1 0.513000 0.396910 0.500000 0.061160
1 0.156000 0.396910 0.214000 0.061160
1 0.887000 0.458071 0.208000 0.061160
1 0.548500 0.458071 0.469000 0.061160
1 0.895000 0.518600 0.192000 0.059899
1 0.181500 0.458071 0.265000 0.061160
1 0.643000 0.518600 0.312000 0.059899
1 0.268000 0.518600 0.438000 0.059899
1 0.520000 0.644388 0.942000 0.054224
1 0.747500 0.702081 0.487000 0.061160
1 0.276500 0.702081 0.455000 0.061160
1 0.778000 0.763241 0.426000 0.061160
1 0.307000 0.763241 0.516000 0.061160
1 0.663000 0.824086 0.656000 0.060530
1 0.192000 0.824086 0.286000 0.060530
1 0.953500 0.884931 0.075000 0.061160
1 0.753000 0.884931 0.326000 0.061160
1 0.475000 0.884931 0.230000 0.061160
1 0.204500 0.884931 0.311000 0.061160
1 0.890000 0.945776 0.202000 0.060530
1 0.597500 0.945776 0.383000 0.060530
1 0.227500 0.945776 0.357000 0.060530
0 0.094000 0.218474 0.056000 0.039723
0 0.095000 0.945460 0.056000 0.038462
0 0.249000 0.338272 0.052000 0.039723
0 0.810000 0.458071 0.054000 0.039723
0 0.094500 0.703972 0.057000 0.039723
0 0.595500 0.766078 0.057000 0.039092
0 0.385500 0.884931 0.051000 0.039723
0 0.534500 0.706494 0.053000 0.038462
0 0.289500 0.400378 0.053000 0.039092
0 0.789500 0.401639 0.053000 0.039092
0 0.157500 0.280895 0.051000 0.037201
0 0.093500 0.155107 0.055000 0.039092
0 0.583000 0.337957 0.054000 0.039092
0 0.092500 0.520177 0.055000 0.039092
0 0.618000 0.885561 0.054000 0.039723
0 0.340500 0.457125 0.055000 0.039092
0 0.205000 0.094893 0.052000 0.038462
0 0.429000 0.947037 0.052000 0.035309
0 0.522500 0.279004 0.051000 0.037201
0 0.514500 0.518916 0.055000 0.040353
0 0.943000 0.885246 0.054000 0.039092
0 0.363000 0.155738 0.054000 0.039092
0 0.814000 0.948613 0.048000 0.035939
0 0.361000 0.825662 0.052000 0.037201
0 0.667000 0.222257 0.052000 0.037201
0 0.825000 0.521438 0.052000 0.039092
0 0.598500 0.094893 0.051000 0.037201
0 0.743000 0.155107 0.056000 0.040353