1 0.629500 0.090479 0.649000 0.062421
1 0.811000 0.152270 0.286000 0.061160
1 0.157000 0.090479 0.296000 0.062421
1 0.338500 0.152270 0.659000 0.061160
1 0.525500 0.214061 0.857000 0.062421
1 0.594000 0.276482 0.720000 0.062421
1 0.053000 0.214061 0.088000 0.062421
1 0.121500 0.276482 0.225000 0.062421
1 0.818000 0.339218 0.272000 0.063052
1 0.345500 0.339218 0.673000 0.063052
1 0.737000 0.401955 0.434000 0.062421
1 0.264500 0.401955 0.511000 0.062421
1 0.845000 0.464061 0.218000 0.061791
1 0.372500 0.464061 0.727000 0.061791
1 0.813500 0.525851 0.281000 0.061791
1 0.341000 0.525851 0.664000 0.061791
1 0.778000 0.587957 0.352000 0.062421
1 0.305500 0.587957 0.593000 0.062421
1 0.744500 0.650378 0.419000 0.062421
1 0.481500 0.712799 0.945000 0.062421
1 0.918500 0.775221 0.071000 0.062421
1 0.272000 0.650378 0.526000 0.062421
1 0.688500 0.837642 0.531000 0.062421
1 0.446000 0.775221 0.874000 0.062421
1 0.731500 0.900063 0.445000 0.062421
1 0.216000 0.837642 0.414000 0.062421
1 0.259000 0.900063 0.500000 0.062421
1 0.834500 0.962484 0.239000 0.062421
1 0.362000 0.962484 0.706000 0.062421
0 0.695000 0.157945 0.056000 0.039723
0 0.565500 0.653531 0.055000 0.040984
0 0.630500 0.592055 0.057000 0.039092
0 0.538000 0.899433 0.056000 0.039723
0 0.450000 0.838588 0.056000 0.040353
0 0.333500 0.095523 0.057000 0.039723
0 0.711000 0.342055 0.056000 0.039723
0 0.126000 0.219420 0.056000 0.040353
0 0.055000 0.961538 0.056000 0.040353
0 0.261000 0.279950 0.056000 0.040353
0 0.912000 0.776166 0.056000 0.040353
0 0.764000 0.465637 0.056000 0.040984
0 0.047000 0.157945 0.054000 0.039723
0 0.698500 0.529950 0.055000 0.039723
0 0.548500 0.403531 0.057000 0.040353
0 0.743500 0.960908 0.057000 0.041614