1 0.520000 0.126419 0.942000 0.121690
1 0.948500 0.217528 0.085000 0.060530
1 0.777500 0.339849 0.427000 0.060530
1 0.477500 0.217528 0.857000 0.060530
1 0.520000 0.278689 0.942000 0.061791
1 0.520000 0.400694 0.942000 0.061160
1 0.306500 0.339849 0.515000 0.060530
1 0.847500 0.461854 0.287000 0.061160
1 0.376500 0.461854 0.655000 0.061160
1 0.801000 0.522699 0.380000 0.060530
1 0.330000 0.522699 0.562000 0.060530
1 0.520000 0.583544 0.942000 0.061160
1 0.762500 0.644704 0.457000 0.061160
1 0.810500 0.827554 0.361000 0.061160
1 0.291500 0.644704 0.485000 0.061160
1 0.520000 0.736129 0.942000 0.121690
1 0.339500 0.827554 0.581000 0.061160
1 0.520000 0.918663 0.942000 0.121059
0 0.932500 0.223834 0.053000 0.036570
0 0.654500 0.830706 0.051000 0.035939
0 0.582500 0.649748 0.049000 0.034678
0 0.591000 0.342371 0.052000 0.036570
0 0.730500 0.464061 0.051000 0.036570
0 0.085000 0.951765 0.054000 0.037201
0 0.636500 0.525221 0.051000 0.036570