1 0.481500 0.123581 0.945000 0.122320
1 0.820500 0.215006 0.267000 0.060530
1 0.601500 0.275851 0.705000 0.061160
1 0.348000 0.215006 0.678000 0.060530
1 0.129000 0.275851 0.240000 0.061160
1 0.787000 0.337011 0.334000 0.061160
1 0.481500 0.397856 0.945000 0.060530
1 0.920500 0.458701 0.067000 0.061160
1 0.314500 0.337011 0.611000 0.061160
1 0.828500 0.519861 0.251000 0.061160
1 0.448000 0.458701 0.878000 0.061160
1 0.820000 0.641551 0.268000 0.061160
1 0.481500 0.580706 0.945000 0.060530
1 0.356000 0.519861 0.694000 0.061160
1 0.347500 0.641551 0.677000 0.061160
1 0.821000 0.763871 0.266000 0.061160
1 0.481500 0.702711 0.945000 0.061160
1 0.348500 0.763871 0.679000 0.061160
1 0.481500 0.885561 0.945000 0.182219
0 0.715500 0.216898 0.053000 0.037831
0 0.713500 0.645334 0.053000 0.037201
0 0.057000 0.945776 0.054000 0.037831
0 0.716500 0.765448 0.053000 0.037831
0 0.649000 0.341110 0.052000 0.035309
0 0.277500 0.276797 0.053000 0.037831
0 0.731000 0.522699 0.054000 0.036570
0 0.913500 0.461223 0.051000 0.035939