1 0.708500 0.212799 0.565000 0.062421
1 0.520500 0.119483 0.941000 0.124212
1 0.822500 0.399117 0.337000 0.063052
1 0.238000 0.212799 0.376000 0.062421
1 0.520500 0.305801 0.941000 0.123581
1 0.752000 0.461538 0.478000 0.061791
1 0.352000 0.399117 0.604000 0.063052
1 0.850500 0.648487 0.281000 0.062421
1 0.520500 0.554855 0.941000 0.124842
1 0.281500 0.461538 0.463000 0.061791
1 0.520500 0.710908 0.941000 0.062421
1 0.955500 0.773329 0.071000 0.062421
1 0.380000 0.648487 0.660000 0.062421
1 0.559500 0.835435 0.863000 0.061791
1 0.485000 0.773329 0.870000 0.062421
1 0.520500 0.928752 0.941000 0.124842
1 0.089000 0.835435 0.078000 0.061791
0 0.453500 0.216898 0.055000 0.039092
0 0.096500 0.960593 0.057000 0.040984
0 0.950000 0.773960 0.058000 0.039723
0 0.682000 0.402900 0.056000 0.040353
0 0.542000 0.463745 0.056000 0.039723
0 0.155000 0.836696 0.056000 0.039092
0 0.738500 0.651324 0.055000 0.040353