1 0.481500 0.094262 0.945000 0.061160
1 0.793500 0.155422 0.321000 0.061160
1 0.481500 0.278689 0.945000 0.185372
1 0.321000 0.155422 0.624000 0.061160
1 0.916500 0.401955 0.075000 0.061160
1 0.444000 0.401955 0.870000 0.061160
1 0.916000 0.525221 0.076000 0.061791
1 0.481500 0.463430 0.945000 0.061791
1 0.443500 0.525221 0.869000 0.061791
1 0.802000 0.587011 0.304000 0.061791
1 0.481500 0.648487 0.945000 0.061160
1 0.766000 0.710277 0.376000 0.062421
1 0.329500 0.587011 0.641000 0.061791
1 0.481500 0.772068 0.945000 0.061160
1 0.916500 0.833544 0.075000 0.061791
1 0.293500 0.710277 0.569000 0.062421
1 0.687500 0.895019 0.533000 0.061160
1 0.444000 0.833544 0.870000 0.061791
1 0.215000 0.895019 0.412000 0.061160
1 0.481500 0.956494 0.945000 0.061791
0 0.061000 0.956494 0.054000 0.036570
0 0.448500 0.895649 0.053000 0.037201
0 0.605500 0.715006 0.053000 0.037831
0 0.678000 0.592371 0.052000 0.037201
0 0.905500 0.527743 0.053000 0.037831
0 0.906000 0.406053 0.052000 0.036570
0 0.908500 0.837327 0.055000 0.037831
0 0.662500 0.162673 0.051000 0.037831