1 0.520000 0.122005 0.942000 0.121690
1 0.520000 0.244325 0.942000 0.122951
1 0.604000 0.336696 0.774000 0.061791
1 0.520000 0.398172 0.942000 0.061160
1 0.133000 0.336696 0.168000 0.061791
1 0.847000 0.520807 0.288000 0.060530
1 0.520000 0.459647 0.942000 0.061791
1 0.376000 0.520807 0.654000 0.060530
1 0.954000 0.643127 0.074000 0.061791
1 0.520000 0.581652 0.942000 0.061160
1 0.573000 0.704603 0.836000 0.061160
1 0.483000 0.643127 0.868000 0.061791
1 0.102000 0.704603 0.106000 0.061160
1 0.812000 0.827238 0.358000 0.061791
1 0.520000 0.765763 0.942000 0.061160
1 0.520000 0.888398 0.942000 0.060530
1 0.341000 0.827238 0.584000 0.061791
1 0.520000 0.949559 0.942000 0.061791
0 0.086000 0.890290 0.056000 0.039092
0 0.245000 0.337327 0.056000 0.039092
0 0.091500 0.157314 0.053000 0.038462
0 0.097500 0.401324 0.055000 0.038462
0 0.731500 0.523644 0.055000 0.039723
0 0.944500 0.647856 0.057000 0.038462
0 0.086500 0.950189 0.055000 0.039092
0 0.209500 0.709962 0.055000 0.040353
0 0.661500 0.829760 0.055000 0.040353
0 0.099000 0.277112 0.056000 0.039723