1 0.834500 0.147856 0.239000 0.062421
1 0.481500 0.085435 0.945000 0.062421
1 0.804000 0.334489 0.300000 0.062421
1 0.481500 0.241173 0.945000 0.124212
1 0.362000 0.147856 0.706000 0.062421
1 0.331500 0.334489 0.645000 0.062421
1 0.620500 0.707440 0.667000 0.061791
1 0.481500 0.521122 0.945000 0.310845
1 0.148000 0.707440 0.278000 0.061791
1 0.481500 0.862863 0.945000 0.249054
0 0.056500 0.960908 0.055000 0.040353
0 0.706000 0.337327 0.050000 0.037831
0 0.744500 0.151955 0.055000 0.040353
0 0.315500 0.710277 0.059000 0.039723