1 0.520000 0.094578 0.942000 0.061791
1 0.901000 0.156053 0.180000 0.061160
1 0.520000 0.217528 0.942000 0.061791
1 0.430000 0.156053 0.762000 0.061160
1 0.520000 0.340164 0.942000 0.183480
1 0.634500 0.462484 0.713000 0.061160
1 0.520000 0.585120 0.942000 0.184111
1 0.163500 0.462484 0.229000 0.061160
1 0.952500 0.707755 0.077000 0.061160
1 0.844000 0.768916 0.294000 0.061160
1 0.481500 0.707755 0.865000 0.061160
1 0.520000 0.892182 0.942000 0.185372
1 0.373000 0.768916 0.648000 0.061160
0 0.087500 0.956179 0.057000 0.039723
0 0.090500 0.223203 0.055000 0.039092
0 0.839500 0.163619 0.055000 0.039723
0 0.942500 0.714691 0.053000 0.039723
0 0.084500 0.401009 0.055000 0.039092
0 0.721000 0.776166 0.054000 0.039092
0 0.312000 0.464061 0.056000 0.039092