1 0.921500 0.276797 0.067000 0.061791
1 0.482000 0.153531 0.946000 0.184741
1 0.448500 0.276797 0.879000 0.061791
1 0.761500 0.338588 0.387000 0.061791
1 0.653000 0.400694 0.604000 0.062421
1 0.288500 0.338588 0.559000 0.061791
1 0.659500 0.462484 0.591000 0.061160
1 0.180000 0.400694 0.342000 0.062421
1 0.751500 0.523960 0.407000 0.061791
1 0.186500 0.462484 0.355000 0.061160
1 0.878500 0.647856 0.153000 0.061160
1 0.482000 0.586066 0.946000 0.062421
1 0.278500 0.523960 0.539000 0.061791
1 0.482000 0.709332 0.946000 0.061791
1 0.405500 0.647856 0.793000 0.061160
1 0.482000 0.771122 0.946000 0.061791
1 0.827500 0.832913 0.255000 0.061791
1 0.574500 0.894388 0.761000 0.061160
1 0.354500 0.832913 0.691000 0.061791
1 0.482000 0.956179 0.946000 0.062421
1 0.101500 0.894388 0.185000 0.061160
0 0.060000 0.709332 0.056000 0.040353
0 0.225500 0.892497 0.057000 0.039723
0 0.055500 0.953026 0.057000 0.039723
0 0.730500 0.834174 0.057000 0.039092
0 0.596500 0.344578 0.057000 0.038462
0 0.394500 0.466583 0.055000 0.039092
0 0.831500 0.651009 0.059000 0.039723
0 0.379500 0.407314 0.057000 0.039092
0 0.916500 0.286255 0.055000 0.040353
0 0.579500 0.526482 0.057000 0.040353