1 0.520000 0.087011 0.942000 0.061791
1 0.636000 0.148802 0.710000 0.061791
1 0.165000 0.148802 0.232000 0.061791
1 0.520000 0.210593 0.942000 0.061791
1 0.953000 0.272068 0.076000 0.061160
1 0.555500 0.272068 0.719000 0.061160
1 0.520000 0.333859 0.942000 0.062421
1 0.122500 0.272068 0.147000 0.061160
1 0.520000 0.395965 0.942000 0.061791
1 0.884000 0.457125 0.214000 0.060530
1 0.413000 0.457125 0.728000 0.060530
1 0.590000 0.580391 0.802000 0.061160
1 0.520000 0.518600 0.942000 0.062421
1 0.599000 0.703657 0.784000 0.061791
1 0.119000 0.580391 0.140000 0.061160
1 0.520000 0.641866 0.942000 0.061791
1 0.128000 0.703657 0.158000 0.061791
1 0.520000 0.796343 0.942000 0.123581
1 0.859000 0.888714 0.264000 0.061160
1 0.388000 0.888714 0.678000 0.061160
1 0.520000 0.950504 0.942000 0.062421
0 0.095000 0.335120 0.052000 0.035939
0 0.754500 0.894704 0.055000 0.036570
0 0.310000 0.156053 0.052000 0.035939
0 0.216500 0.587011 0.053000 0.037831
0 0.806500 0.461854 0.051000 0.037201
0 0.940500 0.278058 0.053000 0.036570
0 0.222500 0.277427 0.053000 0.036570
0 0.098500 0.952396 0.051000 0.037201
0 0.235500 0.710908 0.053000 0.035939