1 0.845000 0.216267 0.292000 0.061791
1 0.520000 0.124527 0.942000 0.121690
1 0.374000 0.216267 0.650000 0.061791
1 0.520000 0.338272 0.942000 0.182219
1 0.520000 0.490227 0.942000 0.121690
1 0.660000 0.581967 0.662000 0.061791
1 0.520000 0.643443 0.942000 0.061160
1 0.189000 0.581967 0.280000 0.061791
1 0.520000 0.765448 0.942000 0.182850
1 0.842500 0.887137 0.297000 0.060530
1 0.371500 0.887137 0.645000 0.060530
1 0.520000 0.947667 0.942000 0.060530
0 0.730000 0.218159 0.054000 0.037831
0 0.724000 0.889344 0.054000 0.039723
0 0.360000 0.583859 0.058000 0.040353
0 0.096000 0.646280 0.056000 0.039092
0 0.095500 0.399433 0.055000 0.038462
0 0.097500 0.948298 0.057000 0.039092