1 0.953000 0.208701 0.076000 0.061791
1 0.520000 0.116646 0.942000 0.122320
1 0.482000 0.208701 0.866000 0.061791
1 0.520000 0.270807 0.942000 0.062421
1 0.750000 0.332598 0.482000 0.061160
1 0.279000 0.332598 0.460000 0.061160
1 0.954000 0.456179 0.074000 0.061160
1 0.520000 0.394388 0.942000 0.062421
1 0.842500 0.579760 0.297000 0.062421
1 0.520000 0.517654 0.942000 0.061791
1 0.483000 0.456179 0.868000 0.061160
1 0.371500 0.579760 0.645000 0.062421
1 0.830000 0.641236 0.322000 0.060530
1 0.359000 0.641236 0.620000 0.060530
1 0.520000 0.702711 0.942000 0.062421
1 0.879500 0.764502 0.223000 0.061160
1 0.953500 0.825977 0.075000 0.061791
1 0.408500 0.764502 0.719000 0.061160
1 0.482500 0.825977 0.867000 0.061791
1 0.890000 0.887768 0.202000 0.061791
1 0.419000 0.887768 0.740000 0.061791
1 0.954000 0.949559 0.074000 0.061791
1 0.483000 0.949559 0.868000 0.061791
0 0.816000 0.892182 0.050000 0.036570
0 0.946000 0.952711 0.052000 0.037831
0 0.945000 0.465322 0.052000 0.036570
0 0.947000 0.831021 0.054000 0.036570
0 0.696500 0.648802 0.051000 0.037831
0 0.794500 0.770177 0.051000 0.037201
0 0.723500 0.587327 0.051000 0.037201
0 0.534000 0.339218 0.050000 0.036570
0 0.943500 0.217528 0.053000 0.036570
0 0.088500 0.950820 0.051000 0.037831