1 0.481000 0.147226 0.946000 0.187264
1 0.684500 0.272068 0.539000 0.062421
1 0.211500 0.272068 0.407000 0.062421
1 0.652500 0.396280 0.603000 0.061160
1 0.481000 0.334489 0.946000 0.062421
1 0.179500 0.396280 0.343000 0.061160
1 0.481000 0.552018 0.946000 0.250315
1 0.581000 0.708071 0.746000 0.061791
1 0.108000 0.708071 0.200000 0.061791
1 0.481000 0.863808 0.946000 0.249685
0 0.058500 0.959332 0.057000 0.040984
0 0.443000 0.277427 0.056000 0.039092
0 0.236500 0.710593 0.057000 0.040353
0 0.380500 0.400378 0.055000 0.039092