1 0.520000 0.121059 0.942000 0.123581
1 0.956500 0.214061 0.069000 0.062421
1 0.954000 0.338272 0.074000 0.062421
1 0.485500 0.214061 0.873000 0.062421
1 0.520000 0.276166 0.942000 0.061791
1 0.714500 0.400694 0.553000 0.062421
1 0.483000 0.338272 0.868000 0.062421
1 0.833000 0.524590 0.316000 0.061791
1 0.520000 0.462799 0.942000 0.061791
1 0.243500 0.400694 0.389000 0.062421
1 0.520000 0.586696 0.942000 0.062421
1 0.789000 0.648802 0.404000 0.061791
1 0.362000 0.524590 0.626000 0.061791
1 0.520000 0.710908 0.942000 0.062421
1 0.318000 0.648802 0.538000 0.061791
1 0.840500 0.773014 0.301000 0.061791
1 0.520000 0.865385 0.942000 0.122951
1 0.369500 0.773014 0.641000 0.061791
0 0.950500 0.217528 0.057000 0.040353
0 0.092000 0.894073 0.056000 0.039092
0 0.946000 0.340479 0.058000 0.041614
0 0.466500 0.400063 0.055000 0.039723
0 0.718000 0.772699 0.054000 0.039723
0 0.614500 0.650063 0.055000 0.039092
0 0.700500 0.522068 0.053000 0.037831