1 0.519500 0.121375 0.941000 0.122951
1 0.519500 0.214061 0.941000 0.062421
1 0.826500 0.276166 0.327000 0.061791
1 0.631000 0.523329 0.718000 0.061791
1 0.356000 0.276166 0.614000 0.061791
1 0.519500 0.399748 0.941000 0.185372
1 0.160500 0.523329 0.223000 0.061791
1 0.519500 0.616015 0.941000 0.123581
1 0.803000 0.709016 0.374000 0.062421
1 0.332500 0.709016 0.567000 0.062421
1 0.734500 0.770807 0.511000 0.061160
1 0.264000 0.770807 0.430000 0.061160
1 0.519500 0.832598 0.941000 0.062421
1 0.669000 0.894704 0.642000 0.061791
1 0.198500 0.894704 0.299000 0.061791
1 0.519500 0.956494 0.941000 0.061791
0 0.095000 0.837011 0.056000 0.039723
0 0.082500 0.955864 0.057000 0.040353
0 0.642500 0.715006 0.055000 0.040353
0 0.089000 0.155738 0.058000 0.040353
0 0.507000 0.775851 0.054000 0.039723
0 0.300000 0.530895 0.056000 0.039092
0 0.376000 0.899117 0.056000 0.039092
0 0.690000 0.281841 0.056000 0.039092