1 0.520000 0.116646 0.948000 0.123581
1 0.878500 0.209647 0.231000 0.062421
1 0.404500 0.209647 0.717000 0.062421
1 0.776500 0.521122 0.435000 0.062421
1 0.520000 0.365385 0.948000 0.249054
1 0.797000 0.769861 0.394000 0.061791
1 0.302500 0.521122 0.513000 0.062421
1 0.520000 0.645649 0.948000 0.186633
1 0.520000 0.894073 0.948000 0.186633
1 0.323000 0.769861 0.554000 0.061791
0 0.791500 0.216898 0.055000 0.039092
0 0.090000 0.953026 0.054000 0.039723
0 0.629500 0.772383 0.055000 0.040353
0 0.587000 0.521438 0.056000 0.040353