1 0.609500 0.277427 0.763000 0.061791
1 0.520000 0.185687 0.942000 0.121690
1 0.520000 0.339218 0.942000 0.061791
1 0.138500 0.277427 0.179000 0.061791
1 0.891000 0.401009 0.200000 0.061791
1 0.735000 0.462484 0.512000 0.061160
1 0.420000 0.401009 0.742000 0.061791
1 0.674500 0.524275 0.633000 0.062421
1 0.264000 0.462484 0.430000 0.061160
1 0.520000 0.586066 0.942000 0.061160
1 0.203500 0.524275 0.309000 0.062421
1 0.520000 0.709332 0.942000 0.185372
1 0.906500 0.832913 0.169000 0.061791
1 0.651500 0.894704 0.679000 0.061791
1 0.435500 0.832913 0.773000 0.061791
1 0.520000 0.956494 0.942000 0.061791
1 0.180500 0.894704 0.263000 0.061791
0 0.091500 0.587957 0.055000 0.039723
0 0.257000 0.283102 0.056000 0.040353
0 0.849000 0.838588 0.052000 0.037831
0 0.818000 0.404477 0.054000 0.039723
0 0.089500 0.955233 0.057000 0.039092
0 0.385000 0.527427 0.052000 0.039723
0 0.506000 0.465952 0.054000 0.039092
0 0.340500 0.897856 0.053000 0.040353