1 0.897000 0.214691 0.188000 0.061160
1 0.520000 0.122636 0.942000 0.122951
1 0.426000 0.214691 0.754000 0.061160
1 0.850500 0.276166 0.281000 0.061791
1 0.379500 0.276166 0.661000 0.061791
1 0.520000 0.337642 0.942000 0.061160
1 0.845000 0.399433 0.292000 0.062421
1 0.374000 0.399433 0.650000 0.062421
1 0.520000 0.461538 0.942000 0.061791
1 0.882500 0.523014 0.217000 0.061160
1 0.411500 0.523014 0.725000 0.061160
1 0.520000 0.584489 0.942000 0.061791
1 0.708500 0.646280 0.565000 0.061791
1 0.520000 0.738651 0.942000 0.122951
1 0.237500 0.646280 0.377000 0.061791
1 0.520000 0.831021 0.942000 0.061791
1 0.615000 0.892497 0.752000 0.061160
1 0.144000 0.892497 0.190000 0.061160
1 0.520000 0.953657 0.942000 0.061160
0 0.452500 0.652900 0.053000 0.038462
0 0.086500 0.835120 0.051000 0.037201
0 0.082500 0.956810 0.053000 0.037201
0 0.089500 0.776166 0.051000 0.037831
0 0.830500 0.221627 0.053000 0.037201
0 0.726500 0.402585 0.053000 0.037201
0 0.267500 0.896910 0.051000 0.037201
0 0.800500 0.524275 0.053000 0.037201
0 0.737000 0.281526 0.052000 0.037201