1 0.616500 0.147856 0.749000 0.062421
1 0.520000 0.085750 0.942000 0.061791
1 0.520000 0.241488 0.942000 0.124842
1 0.145500 0.147856 0.193000 0.062421
1 0.520000 0.334805 0.942000 0.061791
1 0.953000 0.396595 0.076000 0.061791
1 0.482000 0.396595 0.866000 0.061791
1 0.782000 0.459016 0.418000 0.063052
1 0.698500 0.521438 0.585000 0.061791
1 0.311000 0.459016 0.524000 0.063052
1 0.954500 0.645334 0.073000 0.062421
1 0.520000 0.583228 0.942000 0.061791
1 0.227500 0.521438 0.357000 0.061791
1 0.483500 0.645334 0.869000 0.062421
1 0.954500 0.708071 0.073000 0.063052
1 0.520000 0.801702 0.942000 0.124212
1 0.483500 0.708071 0.869000 0.063052
1 0.658000 0.894704 0.666000 0.061791
1 0.520000 0.956810 0.942000 0.062421
1 0.187000 0.894704 0.276000 0.061791
0 0.089500 0.276797 0.053000 0.040353
0 0.272000 0.149433 0.056000 0.040353
0 0.943500 0.400694 0.055000 0.039723
0 0.096500 0.957440 0.057000 0.038462
0 0.602500 0.462799 0.055000 0.039092
0 0.946000 0.650063 0.056000 0.040353
0 0.374500 0.895019 0.059000 0.040984
0 0.946500 0.710277 0.057000 0.040984
0 0.434500 0.525221 0.055000 0.039092