1 0.916500 0.153531 0.075000 0.062421
1 0.481500 0.091740 0.945000 0.061160
1 0.444000 0.153531 0.870000 0.062421
1 0.853000 0.215952 0.202000 0.062421
1 0.380500 0.215952 0.743000 0.062421
1 0.612000 0.340794 0.684000 0.062421
1 0.481500 0.278373 0.945000 0.062421
1 0.139500 0.340794 0.261000 0.062421
1 0.565500 0.590479 0.777000 0.062421
1 0.481500 0.465637 0.945000 0.187264
1 0.093000 0.590479 0.168000 0.062421
1 0.797500 0.715006 0.313000 0.061791
1 0.481500 0.652900 0.945000 0.062421
1 0.325000 0.715006 0.632000 0.061791
1 0.919500 0.777112 0.069000 0.062421
1 0.575000 0.777112 0.620000 0.062421
1 0.137000 0.777112 0.256000 0.062421
1 0.481500 0.839533 0.945000 0.062421
1 0.917500 0.901639 0.073000 0.061791
1 0.537000 0.901639 0.688000 0.061791
1 0.481500 0.963745 0.945000 0.062421
1 0.101000 0.901639 0.184000 0.061791
0 0.290500 0.778373 0.051000 0.038462
0 0.060000 0.963115 0.052000 0.037201
0 0.218500 0.902900 0.051000 0.036570
0 0.298500 0.343947 0.053000 0.035939
0 0.779000 0.220366 0.052000 0.035939
0 0.667500 0.716267 0.051000 0.037831
0 0.203500 0.593001 0.053000 0.035939
0 0.908000 0.904161 0.052000 0.037831
0 0.905000 0.160782 0.052000 0.037831
0 0.911000 0.778058 0.052000 0.037831