1 0.481500 0.090164 0.945000 0.061791
1 0.833500 0.151955 0.241000 0.061791
1 0.818500 0.275851 0.271000 0.062421
1 0.481500 0.213745 0.945000 0.061791
1 0.361000 0.151955 0.704000 0.061791
1 0.855000 0.337957 0.198000 0.061791
1 0.346000 0.275851 0.674000 0.062421
1 0.739000 0.399748 0.430000 0.061791
1 0.382500 0.337957 0.747000 0.061791
1 0.708500 0.461854 0.491000 0.062421
1 0.266500 0.399748 0.515000 0.061791
1 0.866500 0.523960 0.175000 0.061791
1 0.236000 0.461854 0.454000 0.062421
1 0.447000 0.523960 0.664000 0.061791
1 0.062000 0.523960 0.106000 0.061791
1 0.525000 0.586066 0.858000 0.062421
1 0.922500 0.709962 0.063000 0.061791
1 0.481500 0.648172 0.945000 0.061791
1 0.052500 0.586066 0.087000 0.062421
1 0.627500 0.772068 0.653000 0.062421
1 0.450000 0.709962 0.882000 0.061791
1 0.740000 0.834174 0.428000 0.061791
1 0.155000 0.772068 0.292000 0.062421
1 0.731500 0.895965 0.445000 0.061791
1 0.267500 0.834174 0.517000 0.061791
1 0.481500 0.957755 0.945000 0.061791
1 0.259000 0.895965 0.500000 0.061791
0 0.143000 0.529634 0.052000 0.036570
0 0.551500 0.405107 0.053000 0.037201
0 0.808500 0.530265 0.053000 0.037831
0 0.123000 0.589849 0.052000 0.037201
0 0.784000 0.341425 0.054000 0.037201
0 0.536000 0.898802 0.052000 0.037201
0 0.553000 0.837642 0.052000 0.037201
0 0.711000 0.280265 0.052000 0.037201
0 0.739000 0.153216 0.052000 0.037831
0 0.054000 0.958701 0.052000 0.035939
0 0.490000 0.464376 0.052000 0.037201
0 0.918000 0.712169 0.052000 0.037201
0 0.328000 0.775221 0.052000 0.038462