1 0.915500 0.276482 0.077000 0.062421
1 0.481500 0.151955 0.945000 0.186633
1 0.481500 0.370113 0.945000 0.124842
1 0.654500 0.463745 0.599000 0.062421
1 0.443000 0.276482 0.868000 0.062421
1 0.481500 0.525851 0.945000 0.061791
1 0.182000 0.463745 0.346000 0.062421
1 0.481500 0.619483 0.945000 0.125473
1 0.741500 0.775221 0.425000 0.062421
1 0.481500 0.713115 0.945000 0.061791
1 0.808500 0.837642 0.291000 0.062421
1 0.269000 0.775221 0.520000 0.062421
1 0.481500 0.900063 0.945000 0.062421
1 0.336000 0.837642 0.654000 0.062421
1 0.839000 0.962484 0.230000 0.062421
1 0.366500 0.962484 0.715000 0.062421
0 0.690500 0.843001 0.053000 0.036570
0 0.056000 0.530895 0.052000 0.036570
0 0.051000 0.653846 0.052000 0.037831
0 0.061500 0.966583 0.053000 0.037831
0 0.558500 0.776797 0.051000 0.037831
0 0.903500 0.278373 0.053000 0.038462
0 0.753000 0.964691 0.052000 0.037831
0 0.382500 0.465637 0.053000 0.038462