1 0.561500 0.148487 0.785000 0.062421
1 0.481500 0.086066 0.945000 0.062421
1 0.481500 0.211223 0.945000 0.063052
1 0.089000 0.148487 0.160000 0.062421
1 0.549500 0.273644 0.809000 0.061791
1 0.551500 0.523014 0.805000 0.062421
1 0.481500 0.398172 0.945000 0.187264
1 0.077000 0.273644 0.136000 0.061791
1 0.079000 0.523014 0.140000 0.062421
1 0.524500 0.647856 0.859000 0.062421
1 0.481500 0.585435 0.945000 0.062421
1 0.052000 0.647856 0.086000 0.062421
1 0.550000 0.773329 0.808000 0.062421
1 0.481500 0.710593 0.945000 0.063052
1 0.077500 0.773329 0.137000 0.062421
1 0.481500 0.835750 0.945000 0.062421
1 0.481500 0.929382 0.945000 0.124842
0 0.054500 0.961854 0.057000 0.039723
0 0.057000 0.837957 0.056000 0.039092
0 0.197500 0.151639 0.055000 0.039723
0 0.174000 0.777427 0.058000 0.040353
0 0.178500 0.523644 0.055000 0.039723
0 0.173000 0.275851 0.054000 0.039723
0 0.123000 0.651009 0.054000 0.039723