1 0.797000 0.147856 0.390000 0.062421
1 0.519000 0.085750 0.946000 0.061791
1 0.324000 0.147856 0.556000 0.062421
1 0.955500 0.333859 0.073000 0.062421
1 0.519000 0.240858 0.946000 0.123581
1 0.482500 0.333859 0.873000 0.062421
1 0.843500 0.395965 0.297000 0.061791
1 0.370500 0.395965 0.649000 0.061791
1 0.757000 0.457440 0.470000 0.061160
1 0.284000 0.457440 0.476000 0.061160
1 0.712500 0.518916 0.559000 0.061791
1 0.239500 0.518916 0.387000 0.061791
1 0.952500 0.704918 0.079000 0.061791
1 0.519000 0.611917 0.946000 0.124212
1 0.479500 0.704918 0.867000 0.061791
1 0.816000 0.767024 0.352000 0.062421
1 0.343000 0.767024 0.594000 0.062421
1 0.802500 0.891236 0.379000 0.062421
1 0.519000 0.829130 0.946000 0.061791
1 0.519000 0.953342 0.946000 0.061791
1 0.329500 0.891236 0.567000 0.062421
0 0.723500 0.399433 0.055000 0.039723
0 0.088500 0.955233 0.059000 0.039092
0 0.948500 0.337327 0.057000 0.039092
0 0.641500 0.894073 0.057000 0.040353
0 0.941500 0.709332 0.057000 0.040353
0 0.668000 0.771438 0.056000 0.040984
0 0.460500 0.522068 0.055000 0.040353
0 0.660000 0.151639 0.054000 0.039723
0 0.553500 0.460908 0.055000 0.039092