1 0.520000 0.092686 0.942000 0.061791
1 0.590000 0.154477 0.802000 0.061791
1 0.119000 0.154477 0.140000 0.061791
1 0.520000 0.216267 0.942000 0.061791
1 0.852500 0.278373 0.277000 0.062421
1 0.381500 0.278373 0.665000 0.062421
1 0.854000 0.401955 0.274000 0.062421
1 0.520000 0.340164 0.942000 0.061160
1 0.383000 0.401955 0.668000 0.062421
1 0.780500 0.587957 0.421000 0.062421
1 0.520000 0.494956 0.942000 0.123581
1 0.309500 0.587957 0.521000 0.062421
1 0.728000 0.711538 0.526000 0.062421
1 0.520000 0.649748 0.942000 0.061160
1 0.520000 0.773644 0.942000 0.061791
1 0.257000 0.711538 0.416000 0.062421
1 0.831500 0.835435 0.319000 0.061791
1 0.360500 0.835435 0.623000 0.061791
1 0.672500 0.897226 0.637000 0.061791
1 0.201500 0.897226 0.305000 0.061791
1 0.520000 0.959016 0.942000 0.061791
0 0.492500 0.715322 0.055000 0.040984
0 0.744500 0.403216 0.053000 0.039723
0 0.380000 0.899748 0.054000 0.039092
0 0.216000 0.159521 0.056000 0.040353
0 0.087500 0.960593 0.055000 0.039723
0 0.596000 0.590794 0.054000 0.040353
0 0.698500 0.838588 0.053000 0.040353
0 0.743000 0.282156 0.056000 0.039723