1 0.482000 0.174968 0.946000 0.059899
1 0.858500 0.235183 0.193000 0.060530
1 0.653000 0.235183 0.218000 0.060530
1 0.412500 0.235183 0.263000 0.060530
1 0.145000 0.235183 0.272000 0.060530
1 0.686500 0.295397 0.537000 0.059899
1 0.213500 0.295397 0.409000 0.059899
1 0.875000 0.355296 0.160000 0.059899
1 0.640000 0.355296 0.310000 0.059899
1 0.247000 0.355296 0.476000 0.059899
1 0.664500 0.415195 0.581000 0.059899
1 0.191500 0.415195 0.365000 0.059899
1 0.754500 0.475095 0.401000 0.059899
1 0.337500 0.475095 0.433000 0.059899
1 0.065000 0.475095 0.112000 0.059899
1 0.745500 0.534994 0.419000 0.059899
1 0.372000 0.534994 0.328000 0.059899
1 0.482000 0.595208 0.946000 0.060530
1 0.108500 0.534994 0.199000 0.059899
1 0.482000 0.655422 0.946000 0.059899
1 0.669500 0.715322 0.571000 0.059899
1 0.842000 0.775221 0.226000 0.059899
1 0.196500 0.715322 0.375000 0.059899
1 0.437000 0.775221 0.584000 0.059899
1 0.788000 0.835120 0.334000 0.059899
1 0.077000 0.775221 0.136000 0.059899
1 0.315000 0.835120 0.612000 0.059899
1 0.682000 0.895019 0.546000 0.059899
1 0.482000 0.954918 0.946000 0.059899
1 0.209000 0.895019 0.400000 0.059899
0 0.307500 0.237390 0.053000 0.038462
0 0.044000 0.659206 0.056000 0.039723
0 0.045500 0.358449 0.055000 0.038462
0 0.045000 0.420555 0.054000 0.039092
0 0.045000 0.598361 0.054000 0.039092
0 0.044000 0.953972 0.056000 0.039092
0 0.580000 0.480139 0.052000 0.038462
0 0.444000 0.298235 0.054000 0.037831
0 0.148500 0.479193 0.057000 0.039092
0 0.573000 0.237074 0.054000 0.037831
0 0.046000 0.237705 0.056000 0.037831
0 0.756000 0.780265 0.056000 0.039723
0 0.045000 0.834489 0.054000 0.038462
0 0.412000 0.720681 0.056000 0.037831
0 0.174000 0.779004 0.054000 0.038462
0 0.823000 0.357188 0.054000 0.038462
0 0.787500 0.238335 0.055000 0.039092
0 0.400500 0.420240 0.055000 0.038462
0 0.513500 0.358764 0.057000 0.039092
0 0.564500 0.539092 0.055000 0.039092
0 0.436500 0.894073 0.055000 0.037831
0 0.649500 0.837327 0.057000 0.039092
0 0.235000 0.539407 0.054000 0.038462