1 0.820500 0.213430 0.267000 0.062421
1 0.481500 0.119798 0.945000 0.124842
1 0.662000 0.275851 0.584000 0.062421
1 0.348000 0.213430 0.678000 0.062421
1 0.481500 0.401009 0.945000 0.187894
1 0.189500 0.275851 0.361000 0.062421
1 0.529500 0.526482 0.849000 0.063052
1 0.057000 0.526482 0.096000 0.063052
1 0.849000 0.838903 0.210000 0.062421
1 0.481500 0.682850 0.945000 0.249685
1 0.481500 0.932535 0.945000 0.124842
1 0.376500 0.838903 0.735000 0.062421
0 0.054500 0.968474 0.051000 0.037831
0 0.772000 0.843947 0.052000 0.035939
0 0.713500 0.219735 0.053000 0.038462
0 0.130500 0.530895 0.051000 0.037831
0 0.396500 0.281526 0.053000 0.037201