1 0.481500 0.158890 0.945000 0.052963
1 0.881000 0.216267 0.146000 0.061791
1 0.543000 0.216267 0.530000 0.061791
1 0.819500 0.278058 0.269000 0.061791
1 0.143500 0.216267 0.269000 0.061791
1 0.347000 0.278058 0.676000 0.061791
1 0.772000 0.339533 0.364000 0.061160
1 0.773000 0.400694 0.362000 0.061160
1 0.299500 0.339533 0.581000 0.061160
1 0.300500 0.400694 0.583000 0.061160
1 0.811500 0.524275 0.285000 0.061160
1 0.481500 0.462484 0.945000 0.062421
1 0.481500 0.585750 0.945000 0.061791
1 0.339000 0.524275 0.660000 0.061160
1 0.481500 0.647541 0.945000 0.061791
1 0.535000 0.709647 0.838000 0.062421
1 0.062500 0.709647 0.107000 0.062421
1 0.706500 0.894388 0.495000 0.061160
1 0.481500 0.802333 0.945000 0.122951
1 0.481500 0.955864 0.945000 0.061791
1 0.234000 0.894388 0.450000 0.061160
0 0.062500 0.956810 0.053000 0.035939
0 0.060000 0.592055 0.052000 0.035309
0 0.836500 0.218474 0.049000 0.035939
0 0.486500 0.895965 0.053000 0.036570
0 0.695000 0.527427 0.050000 0.037201
0 0.308000 0.218159 0.052000 0.036570
0 0.713000 0.279004 0.050000 0.037201
0 0.142000 0.713115 0.050000 0.036570
0 0.619500 0.400063 0.053000 0.037201
0 0.059500 0.652270 0.051000 0.037201
0 0.617000 0.338903 0.048000 0.034678