1 0.483000 0.089218 0.944000 0.062421
1 0.641500 0.151639 0.627000 0.062421
1 0.169500 0.151639 0.317000 0.062421
1 0.642500 0.213745 0.625000 0.061791
1 0.483000 0.307062 0.944000 0.124842
1 0.674500 0.401009 0.561000 0.063052
1 0.170500 0.213745 0.319000 0.061791
1 0.202500 0.401009 0.383000 0.063052
1 0.870000 0.525536 0.170000 0.062421
1 0.483000 0.463430 0.944000 0.061791
1 0.483000 0.587957 0.944000 0.062421
1 0.398000 0.525536 0.774000 0.062421
1 0.860500 0.838272 0.189000 0.062421
1 0.483000 0.713115 0.944000 0.187894
1 0.483000 0.932219 0.944000 0.125473
1 0.388500 0.838272 0.755000 0.062421
0 0.356000 0.153216 0.056000 0.041614
0 0.051500 0.589218 0.055000 0.040984
0 0.046500 0.960908 0.055000 0.040353
0 0.796000 0.840794 0.056000 0.040984
0 0.357500 0.218159 0.057000 0.039092
0 0.424000 0.402270 0.056000 0.040353
0 0.813500 0.526797 0.055000 0.040984