1 0.743500 0.092371 0.423000 0.061160
1 0.342000 0.092371 0.380000 0.061160
1 0.866500 0.153216 0.177000 0.060530
1 0.080500 0.092371 0.143000 0.061160
1 0.583000 0.153216 0.390000 0.060530
1 0.198500 0.153216 0.379000 0.060530
1 0.760500 0.214376 0.389000 0.061791
1 0.443000 0.214376 0.246000 0.061791
1 0.164500 0.214376 0.311000 0.061791
1 0.684000 0.275536 0.542000 0.060530
1 0.211000 0.275536 0.404000 0.060530
1 0.681000 0.336381 0.548000 0.061160
1 0.208000 0.336381 0.398000 0.061160
1 0.867000 0.397541 0.176000 0.061160
1 0.540500 0.397541 0.477000 0.061160
1 0.155500 0.397541 0.293000 0.061160
1 0.846000 0.458701 0.218000 0.061160
1 0.570500 0.458701 0.333000 0.061160
1 0.206500 0.458701 0.395000 0.061160
1 0.772500 0.519861 0.365000 0.061160
1 0.387000 0.519861 0.406000 0.061160
1 0.096500 0.519861 0.175000 0.061160
1 0.837500 0.581021 0.235000 0.061160
1 0.438500 0.581021 0.563000 0.061160
1 0.778000 0.641866 0.354000 0.060530
1 0.083000 0.581021 0.148000 0.061160
1 0.405500 0.641866 0.391000 0.060530
1 0.109500 0.641866 0.201000 0.060530
1 0.802000 0.702711 0.306000 0.061160
1 0.470000 0.702711 0.358000 0.061160
1 0.150000 0.702711 0.282000 0.061160
1 0.788000 0.763871 0.334000 0.061160
1 0.356500 0.763871 0.529000 0.061160
1 0.050500 0.763871 0.083000 0.061160
1 0.781000 0.825032 0.348000 0.061160
1 0.354000 0.825032 0.506000 0.061160
1 0.779500 0.886192 0.351000 0.061160
1 0.055000 0.825032 0.092000 0.061160
1 0.306500 0.886192 0.595000 0.061160
1 0.712500 0.947352 0.485000 0.061160
1 0.239500 0.947352 0.461000 0.061160
0 0.051000 0.461854 0.052000 0.037201
0 0.053000 0.279950 0.052000 0.036570
0 0.627500 0.645649 0.051000 0.037831
0 0.055000 0.156053 0.052000 0.037201
0 0.126000 0.829445 0.052000 0.037201
0 0.179500 0.094262 0.053000 0.037201
0 0.804500 0.401324 0.053000 0.037201
0 0.632000 0.891236 0.052000 0.037201
0 0.413500 0.155738 0.053000 0.036570
0 0.237500 0.645334 0.053000 0.037201
0 0.183500 0.584805 0.053000 0.037201
0 0.648000 0.764502 0.050000 0.038462
0 0.050500 0.888398 0.051000 0.036570
0 0.557500 0.093632 0.053000 0.037201
0 0.318500 0.703972 0.053000 0.038462
0 0.617500 0.526166 0.051000 0.037201
0 0.049500 0.948928 0.051000 0.036570
0 0.675500 0.706179 0.053000 0.036570
0 0.210000 0.525536 0.052000 0.038462
0 0.806500 0.158260 0.055000 0.037831
0 0.590000 0.217528 0.054000 0.036570
0 0.747500 0.586696 0.053000 0.037201
0 0.765000 0.464376 0.052000 0.037201
0 0.496000 0.950189 0.052000 0.037831
0 0.633000 0.829445 0.052000 0.037201
0 0.346500 0.217844 0.051000 0.037201
0 0.118500 0.763241 0.053000 0.037201
0 0.434000 0.339849 0.052000 0.037831
0 0.330500 0.399748 0.051000 0.037831
0 0.430000 0.463115 0.052000 0.037201
0 0.439500 0.280265 0.051000 0.035939