1 0.752500 0.212169 0.405000 0.062421
1 0.482000 0.118222 0.946000 0.125473
1 0.850000 0.274275 0.210000 0.061791
1 0.279500 0.212169 0.541000 0.062421
1 0.377000 0.274275 0.736000 0.061791
1 0.791000 0.461223 0.328000 0.062421
1 0.482000 0.367591 0.946000 0.124842
1 0.915500 0.523960 0.079000 0.063052
1 0.318000 0.461223 0.618000 0.062421
1 0.667500 0.586696 0.575000 0.062421
1 0.442500 0.523960 0.867000 0.063052
1 0.869500 0.711223 0.171000 0.061791
1 0.482000 0.649117 0.946000 0.062421
1 0.194500 0.586696 0.371000 0.062421
1 0.525000 0.773329 0.860000 0.062421
1 0.396500 0.711223 0.775000 0.061791
1 0.482000 0.897856 0.946000 0.186633
1 0.052000 0.773329 0.086000 0.062421
0 0.410000 0.587957 0.056000 0.040984
0 0.905000 0.525221 0.056000 0.039092
0 0.813000 0.713745 0.054000 0.040353
0 0.121500 0.776482 0.053000 0.037201
0 0.044000 0.961223 0.058000 0.040984
0 0.773000 0.277427 0.056000 0.040353
0 0.656000 0.462484 0.056000 0.039723
0 0.577000 0.213745 0.054000 0.040353