1 0.520000 0.085750 0.942000 0.061791
1 0.645000 0.147856 0.692000 0.062421
1 0.520000 0.209962 0.942000 0.061791
1 0.841500 0.272068 0.299000 0.062421
1 0.174000 0.147856 0.250000 0.062421
1 0.953500 0.396280 0.075000 0.061160
1 0.370500 0.272068 0.643000 0.062421
1 0.520000 0.334489 0.942000 0.062421
1 0.678500 0.458071 0.625000 0.062421
1 0.482500 0.396280 0.867000 0.061160
1 0.802500 0.768285 0.377000 0.062421
1 0.520000 0.613178 0.942000 0.247793
1 0.207500 0.458071 0.317000 0.062421
1 0.956500 0.892182 0.069000 0.061791
1 0.520000 0.830391 0.942000 0.061791
1 0.331500 0.768285 0.565000 0.062421
1 0.520000 0.954288 0.942000 0.062421
1 0.485500 0.892182 0.873000 0.061791
0 0.326500 0.153531 0.053000 0.039723
0 0.948500 0.894704 0.057000 0.039092
0 0.088500 0.952396 0.055000 0.039723
0 0.942500 0.401639 0.053000 0.037831
0 0.720500 0.277427 0.057000 0.039092
0 0.640500 0.768600 0.053000 0.037831
0 0.392500 0.464691 0.051000 0.037831