1 0.482000 0.121690 0.946000 0.123581
1 0.918000 0.337957 0.074000 0.061791
1 0.482000 0.245271 0.946000 0.123581
1 0.811000 0.400063 0.288000 0.062421
1 0.445000 0.337957 0.872000 0.061791
1 0.743500 0.462169 0.423000 0.061791
1 0.338000 0.400063 0.658000 0.062421
1 0.482000 0.555170 0.946000 0.124212
1 0.270500 0.462169 0.523000 0.061791
1 0.808500 0.709962 0.293000 0.061791
1 0.482000 0.648172 0.946000 0.061791
1 0.651000 0.772068 0.608000 0.062421
1 0.335500 0.709962 0.653000 0.061791
1 0.482000 0.834174 0.946000 0.061791
1 0.178000 0.772068 0.338000 0.062421
1 0.915000 0.896280 0.080000 0.062421
1 0.482000 0.958386 0.946000 0.061791
1 0.442000 0.896280 0.866000 0.062421
0 0.690000 0.716267 0.056000 0.039092
0 0.066000 0.592371 0.056000 0.038462
0 0.062000 0.962799 0.056000 0.039092
0 0.903000 0.900694 0.054000 0.039723
0 0.055000 0.153846 0.056000 0.039092
0 0.374500 0.777427 0.055000 0.040353
0 0.907500 0.341110 0.057000 0.040353
0 0.581500 0.466583 0.053000 0.039092
0 0.694000 0.405422 0.056000 0.040353