1 0.482000 0.122005 0.946000 0.124212
1 0.859500 0.215006 0.191000 0.061791
1 0.386500 0.215006 0.755000 0.061791
1 0.550000 0.276797 0.810000 0.061791
1 0.807500 0.401324 0.295000 0.062421
1 0.077000 0.276797 0.136000 0.061791
1 0.482000 0.338903 0.946000 0.062421
1 0.562000 0.463430 0.786000 0.061791
1 0.334500 0.401324 0.651000 0.062421
1 0.482000 0.525536 0.946000 0.062421
1 0.089000 0.463430 0.160000 0.061791
1 0.482000 0.587957 0.946000 0.062421
1 0.857000 0.650063 0.196000 0.061791
1 0.793000 0.712169 0.324000 0.062421
1 0.384000 0.650063 0.750000 0.061791
1 0.525000 0.774275 0.860000 0.061791
1 0.320000 0.712169 0.622000 0.062421
1 0.482000 0.836381 0.946000 0.062421
1 0.848500 0.898802 0.213000 0.062421
1 0.052000 0.774275 0.086000 0.061791
1 0.375500 0.898802 0.733000 0.062421
1 0.482000 0.960908 0.946000 0.061791
0 0.689000 0.404161 0.054000 0.039092
0 0.051000 0.962484 0.056000 0.039723
0 0.790500 0.218789 0.055000 0.040353
0 0.051500 0.525536 0.055000 0.039723
0 0.787500 0.655422 0.057000 0.040984
0 0.170000 0.280580 0.054000 0.040353
0 0.123500 0.777112 0.057000 0.040984
0 0.660000 0.715952 0.056000 0.039723
0 0.769500 0.901324 0.055000 0.039723
0 0.196500 0.465322 0.055000 0.040353