1 0.520000 0.117907 0.948000 0.124842
1 0.859500 0.211223 0.269000 0.061791
1 0.520000 0.273014 0.948000 0.061791
1 0.385500 0.211223 0.679000 0.061791
1 0.955000 0.335120 0.078000 0.062421
1 0.481000 0.335120 0.870000 0.062421
1 0.611500 0.397541 0.765000 0.062421
1 0.520000 0.490858 0.948000 0.124212
1 0.846000 0.584174 0.296000 0.062421
1 0.137500 0.397541 0.183000 0.062421
1 0.520000 0.677491 0.948000 0.124212
1 0.669000 0.770807 0.650000 0.062421
1 0.372000 0.584174 0.652000 0.062421
1 0.789000 0.895334 0.410000 0.061791
1 0.520000 0.833228 0.948000 0.062421
1 0.195000 0.770807 0.298000 0.062421
1 0.520000 0.957440 0.948000 0.062421
1 0.315000 0.895334 0.538000 0.061791
0 0.612000 0.894388 0.056000 0.039723
0 0.946500 0.336381 0.057000 0.039723
0 0.091000 0.955864 0.058000 0.039092
0 0.754000 0.212799 0.056000 0.039723
0 0.727000 0.588903 0.056000 0.040353
0 0.372000 0.770807 0.056000 0.039723
0 0.261000 0.401324 0.054000 0.039723