1 0.520500 0.150063 0.947000 0.187894
1 0.634500 0.275221 0.719000 0.062421
1 0.616500 0.462799 0.755000 0.063052
1 0.161000 0.275221 0.228000 0.062421
1 0.520500 0.368852 0.947000 0.124842
1 0.143000 0.462799 0.192000 0.063052
1 0.520500 0.525221 0.947000 0.061791
1 0.520500 0.587642 0.947000 0.063052
1 0.726500 0.650694 0.535000 0.063052
1 0.253000 0.650694 0.412000 0.063052
1 0.575000 0.713745 0.838000 0.063052
1 0.520500 0.808008 0.947000 0.125473
1 0.101500 0.713745 0.109000 0.063052
1 0.620500 0.901955 0.747000 0.062421
1 0.147000 0.901955 0.200000 0.062421
1 0.520500 0.964376 0.947000 0.062421
0 0.084000 0.525221 0.054000 0.039092
0 0.084500 0.964061 0.057000 0.040353
0 0.304000 0.279950 0.056000 0.040353
0 0.276500 0.901955 0.055000 0.040984
0 0.487500 0.650378 0.057000 0.039723
0 0.268000 0.464061 0.056000 0.040353
0 0.186000 0.713745 0.058000 0.040353