1 0.676500 0.151324 0.555000 0.061791
1 0.481500 0.089218 0.945000 0.062421
1 0.204000 0.151324 0.390000 0.061791
1 0.562000 0.213115 0.784000 0.061791
1 0.481500 0.274905 0.945000 0.061791
1 0.089500 0.213115 0.161000 0.061791
1 0.758000 0.336696 0.392000 0.061791
1 0.706500 0.522699 0.495000 0.061791
1 0.285500 0.336696 0.553000 0.061791
1 0.481500 0.429697 0.945000 0.124212
1 0.234000 0.522699 0.450000 0.061791
1 0.737000 0.708386 0.434000 0.062421
1 0.481500 0.615385 0.945000 0.123581
1 0.264500 0.708386 0.511000 0.062421
1 0.481500 0.770492 0.945000 0.061791
1 0.921000 0.832282 0.066000 0.061791
1 0.448500 0.832282 0.879000 0.061791
1 0.612000 0.894073 0.684000 0.061791
1 0.139500 0.894073 0.261000 0.061791
1 0.481500 0.955864 0.945000 0.061791
0 0.297000 0.895649 0.054000 0.037201
0 0.589000 0.341425 0.054000 0.037201
0 0.196500 0.218474 0.053000 0.035939
0 0.050500 0.954603 0.053000 0.037831
0 0.916500 0.837011 0.053000 0.038462
0 0.427500 0.154477 0.053000 0.039092
0 0.486500 0.525221 0.053000 0.037831
0 0.573000 0.710593 0.052000 0.037831