1 0.835500 0.152900 0.237000 0.056116
1 0.479500 0.090479 0.949000 0.068726
1 0.601500 0.212169 0.705000 0.062421
1 0.361000 0.152900 0.712000 0.056116
1 0.479500 0.274590 0.949000 0.062421
1 0.127000 0.212169 0.244000 0.062421
1 0.479500 0.337011 0.949000 0.062421
1 0.811000 0.399433 0.286000 0.062421
1 0.336500 0.399433 0.663000 0.062421
1 0.587500 0.461538 0.733000 0.061791
1 0.113000 0.461538 0.216000 0.061791
1 0.564000 0.523960 0.780000 0.063052
1 0.089500 0.523960 0.169000 0.063052
1 0.604500 0.586696 0.699000 0.062421
1 0.558000 0.711538 0.792000 0.062421
1 0.130000 0.586696 0.250000 0.062421
1 0.479500 0.649117 0.949000 0.062421
1 0.479500 0.773960 0.949000 0.062421
1 0.083500 0.711538 0.157000 0.062421
1 0.699500 0.836696 0.509000 0.063052
1 0.225000 0.836696 0.440000 0.063052
1 0.744500 0.899117 0.419000 0.061791
1 0.270000 0.899117 0.530000 0.061791
1 0.479500 0.961223 0.949000 0.062421
0 0.060000 0.958386 0.056000 0.040353
0 0.563500 0.896280 0.053000 0.039723
0 0.249000 0.465637 0.054000 0.039723
0 0.285500 0.588588 0.055000 0.039723
0 0.696000 0.402900 0.054000 0.040353
0 0.473500 0.834489 0.055000 0.040984
0 0.057500 0.281526 0.057000 0.039723
0 0.745000 0.158575 0.056000 0.040984
0 0.191500 0.712484 0.057000 0.040353
0 0.277500 0.221627 0.055000 0.039723
0 0.202000 0.525536 0.056000 0.039723