1 0.520000 0.124212 0.942000 0.122320
1 0.520000 0.246532 0.942000 0.122320
1 0.520000 0.399117 0.942000 0.182850
1 0.520000 0.521438 0.942000 0.061791
1 0.751500 0.582598 0.479000 0.060530
1 0.280500 0.582598 0.463000 0.060530
1 0.520000 0.643443 0.942000 0.061160
1 0.520000 0.704603 0.942000 0.061160
1 0.825000 0.765448 0.332000 0.060530
1 0.631500 0.826293 0.719000 0.061160
1 0.354000 0.765448 0.610000 0.060530
1 0.160500 0.826293 0.223000 0.061160
1 0.520000 0.917718 0.942000 0.121690
0 0.100500 0.282472 0.055000 0.036570
0 0.539500 0.584805 0.053000 0.038462
0 0.098500 0.646595 0.053000 0.037201
0 0.299000 0.830076 0.054000 0.037201
0 0.687000 0.767024 0.052000 0.037201
0 0.097000 0.459962 0.052000 0.037201
0 0.102000 0.949243 0.052000 0.037201
0 0.105500 0.161412 0.053000 0.037831