1 0.520000 0.087642 0.942000 0.061791
1 0.629500 0.149433 0.723000 0.061791
1 0.158500 0.149433 0.219000 0.061791
1 0.520000 0.211538 0.942000 0.062421
1 0.520000 0.273644 0.942000 0.061791
1 0.520000 0.335435 0.942000 0.061791
1 0.696500 0.397226 0.589000 0.061791
1 0.225500 0.397226 0.353000 0.061791
1 0.673000 0.459016 0.636000 0.061791
1 0.202000 0.459016 0.306000 0.061791
1 0.520000 0.521122 0.942000 0.062421
1 0.520000 0.614439 0.942000 0.124212
1 0.850000 0.707440 0.282000 0.061791
1 0.379000 0.707440 0.660000 0.061791
1 0.629500 0.769231 0.723000 0.061791
1 0.158500 0.769231 0.219000 0.061791
1 0.520000 0.831337 0.942000 0.062421
1 0.622000 0.893443 0.738000 0.061791
1 0.520000 0.955233 0.942000 0.061791
1 0.151000 0.893443 0.204000 0.061791
0 0.297500 0.157629 0.053000 0.037831
0 0.090500 0.216898 0.053000 0.036570
0 0.091500 0.834174 0.053000 0.036570
0 0.384000 0.460908 0.054000 0.037831
0 0.282000 0.896910 0.052000 0.038462
0 0.096000 0.957755 0.054000 0.036570
0 0.433500 0.400378 0.053000 0.037831
0 0.092500 0.519861 0.053000 0.037201
0 0.297000 0.772068 0.054000 0.037201
0 0.738500 0.713115 0.053000 0.037831
0 0.088500 0.276482 0.051000 0.037201