1 0.624500 0.214376 0.661000 0.061791
1 0.482000 0.122320 0.946000 0.122320
1 0.151500 0.214376 0.285000 0.061791
1 0.585500 0.336696 0.739000 0.060530
1 0.482000 0.275851 0.946000 0.061160
1 0.606500 0.458701 0.697000 0.061160
1 0.112500 0.336696 0.207000 0.060530
1 0.482000 0.397541 0.946000 0.061160
1 0.133500 0.458701 0.249000 0.061160
1 0.482000 0.519861 0.946000 0.061160
1 0.641000 0.581021 0.628000 0.061160
1 0.482000 0.672762 0.946000 0.122320
1 0.709000 0.764502 0.492000 0.061160
1 0.168000 0.581021 0.318000 0.061160
1 0.482000 0.825662 0.946000 0.061160
1 0.919500 0.886822 0.071000 0.061160
1 0.236000 0.764502 0.454000 0.061160
1 0.482000 0.947982 0.946000 0.061160
1 0.446500 0.886822 0.875000 0.061160
0 0.286500 0.463115 0.053000 0.038462
0 0.490000 0.769861 0.052000 0.037831
0 0.057500 0.950820 0.053000 0.036570
0 0.243500 0.339218 0.053000 0.036570
0 0.911000 0.889975 0.052000 0.035939
0 0.320000 0.218159 0.052000 0.036570
0 0.353500 0.587327 0.055000 0.037201