1 0.481500 0.086696 0.947000 0.062421
1 0.569000 0.149117 0.772000 0.062421
1 0.095500 0.149117 0.175000 0.062421
1 0.481500 0.211538 0.947000 0.062421
1 0.740500 0.273960 0.429000 0.062421
1 0.267000 0.273960 0.518000 0.062421
1 0.643500 0.398802 0.623000 0.062421
1 0.481500 0.336381 0.947000 0.062421
1 0.170000 0.398802 0.324000 0.062421
1 0.571000 0.523644 0.768000 0.062421
1 0.481500 0.461223 0.947000 0.062421
1 0.097500 0.523644 0.179000 0.062421
1 0.597000 0.649117 0.716000 0.062421
1 0.481500 0.586381 0.947000 0.063052
1 0.525000 0.711538 0.860000 0.062421
1 0.123500 0.649117 0.231000 0.062421
1 0.623000 0.836381 0.664000 0.062421
1 0.481500 0.773960 0.947000 0.062421
1 0.051500 0.711538 0.087000 0.062421
1 0.648500 0.898802 0.613000 0.062421
1 0.149500 0.836381 0.283000 0.062421
1 0.481500 0.961223 0.947000 0.062421
1 0.175000 0.898802 0.334000 0.062421
0 0.370500 0.903531 0.049000 0.037831
0 0.318000 0.842371 0.052000 0.036570
0 0.060000 0.964061 0.050000 0.037831
0 0.209000 0.155107 0.052000 0.037831
0 0.383000 0.403531 0.052000 0.037831
0 0.266500 0.650378 0.051000 0.038462
0 0.553000 0.277743 0.052000 0.038462
0 0.213500 0.527427 0.049000 0.037201
0 0.119500 0.712484 0.051000 0.037831