1 0.712000 0.212799 0.556000 0.062421
1 0.519500 0.119483 0.941000 0.124212
1 0.519500 0.274905 0.941000 0.061791
1 0.241500 0.212799 0.385000 0.062421
1 0.711500 0.336696 0.557000 0.061791
1 0.241000 0.336696 0.384000 0.061791
1 0.576000 0.398802 0.828000 0.062421
1 0.105500 0.398802 0.113000 0.062421
1 0.954500 0.585750 0.071000 0.061791
1 0.519500 0.492434 0.941000 0.124842
1 0.519500 0.647541 0.941000 0.061791
1 0.484000 0.585750 0.870000 0.061791
1 0.519500 0.709647 0.941000 0.062421
1 0.700500 0.772068 0.579000 0.062421
1 0.230000 0.772068 0.362000 0.062421
1 0.519500 0.865700 0.941000 0.124842
1 0.519500 0.959016 0.941000 0.061791
0 0.460500 0.217213 0.051000 0.037201
0 0.945500 0.590794 0.053000 0.037831
0 0.215500 0.402900 0.051000 0.037831
0 0.459000 0.341110 0.052000 0.037831
0 0.095500 0.651955 0.051000 0.037831
0 0.091500 0.962799 0.053000 0.037831
0 0.100500 0.901009 0.053000 0.037831
0 0.437500 0.774905 0.053000 0.037831