1 0.882000 0.274905 0.218000 0.064313
1 0.520000 0.149748 0.942000 0.186003
1 0.845000 0.336696 0.292000 0.059269
1 0.411000 0.274905 0.724000 0.064313
1 0.374000 0.336696 0.650000 0.059269
1 0.955500 0.708386 0.071000 0.062421
1 0.520000 0.521753 0.942000 0.310845
1 0.484500 0.708386 0.871000 0.062421
1 0.858000 0.832282 0.266000 0.061791
1 0.520000 0.770492 0.942000 0.061791
1 0.520000 0.925284 0.942000 0.124212
1 0.387000 0.832282 0.676000 0.061791
0 0.725500 0.340164 0.051000 0.037201
0 0.103000 0.954603 0.054000 0.037831
0 0.800500 0.279950 0.053000 0.037831
0 0.774000 0.838272 0.052000 0.037201
0 0.946500 0.711854 0.055000 0.037831