1 0.520000 0.093001 0.942000 0.061160
1 0.878500 0.154161 0.225000 0.061160
1 0.407500 0.154161 0.717000 0.061160
1 0.520000 0.215322 0.942000 0.061160
1 0.726000 0.399117 0.530000 0.061791
1 0.520000 0.307062 0.942000 0.122320
1 0.520000 0.460277 0.942000 0.060530
1 0.255000 0.399117 0.412000 0.061791
1 0.959000 0.521438 0.064000 0.061791
1 0.488000 0.521438 0.878000 0.061791
1 0.714000 0.582598 0.554000 0.060530
1 0.243000 0.582598 0.388000 0.060530
1 0.885000 0.705549 0.212000 0.061791
1 0.520000 0.643758 0.942000 0.061791
1 0.414000 0.705549 0.730000 0.061791
1 0.520000 0.858764 0.942000 0.244641
0 0.486500 0.402900 0.053000 0.037831
0 0.090500 0.950504 0.055000 0.039723
0 0.955000 0.526797 0.054000 0.037201
0 0.469000 0.585120 0.056000 0.040353
0 0.085500 0.218474 0.057000 0.039723
0 0.807500 0.707440 0.053000 0.040353
0 0.794000 0.160151 0.056000 0.039092