1 0.919500 0.153216 0.071000 0.061791
1 0.482000 0.090794 0.946000 0.063052
1 0.526000 0.153216 0.716000 0.061791
1 0.553000 0.215322 0.804000 0.062421
1 0.088500 0.153216 0.159000 0.061791
1 0.080000 0.215322 0.142000 0.062421
1 0.743500 0.277743 0.423000 0.062421
1 0.270500 0.277743 0.523000 0.062421
1 0.767000 0.340164 0.376000 0.062421
1 0.294000 0.340164 0.570000 0.062421
1 0.811500 0.402900 0.287000 0.063052
1 0.338500 0.402900 0.659000 0.063052
1 0.824000 0.465637 0.262000 0.062421
1 0.351000 0.465637 0.684000 0.062421
1 0.635000 0.528058 0.640000 0.062421
1 0.162000 0.528058 0.306000 0.062421
1 0.796000 0.590164 0.318000 0.061791
1 0.323000 0.590164 0.628000 0.061791
1 0.801000 0.652585 0.308000 0.063052
1 0.391500 0.652585 0.511000 0.063052
1 0.072500 0.652585 0.127000 0.063052
1 0.780000 0.715322 0.350000 0.062421
1 0.653000 0.777743 0.604000 0.062421
1 0.307000 0.715322 0.596000 0.062421
1 0.921000 0.840164 0.068000 0.062421
1 0.180000 0.777743 0.342000 0.062421
1 0.592500 0.840164 0.589000 0.062421
1 0.153500 0.840164 0.289000 0.062421
1 0.606000 0.902585 0.698000 0.062421
1 0.797500 0.964691 0.315000 0.061791
1 0.133000 0.902585 0.248000 0.062421
1 0.324500 0.964691 0.631000 0.061791
0 0.606500 0.347100 0.051000 0.037201
0 0.378000 0.780580 0.054000 0.036570
0 0.055500 0.965637 0.053000 0.038462
0 0.164000 0.657629 0.052000 0.036570
0 0.913500 0.844893 0.053000 0.037831
0 0.696500 0.409206 0.053000 0.037831
0 0.667500 0.966898 0.053000 0.038462
0 0.560000 0.283733 0.052000 0.037831
0 0.325500 0.842371 0.051000 0.036570
0 0.632500 0.719420 0.055000 0.037831
0 0.284500 0.903216 0.051000 0.038462
0 0.675000 0.658890 0.054000 0.037831
0 0.913000 0.161412 0.054000 0.037831
0 0.058500 0.470366 0.053000 0.037831
0 0.721000 0.473834 0.052000 0.037201
0 0.342000 0.534048 0.052000 0.037831
0 0.196500 0.159521 0.055000 0.037831
0 0.666000 0.595523 0.054000 0.038462
0 0.178000 0.221627 0.054000 0.037201