1 0.482000 0.117907 0.946000 0.124842
1 0.697500 0.211538 0.515000 0.062421
1 0.224500 0.211538 0.431000 0.062421
1 0.733000 0.336066 0.444000 0.061791
1 0.482000 0.273960 0.946000 0.062421
1 0.260000 0.336066 0.502000 0.061791
1 0.650000 0.398487 0.610000 0.063052
1 0.482000 0.460908 0.946000 0.061791
1 0.177000 0.398487 0.336000 0.063052
1 0.724000 0.523014 0.462000 0.062421
1 0.804500 0.585750 0.301000 0.063052
1 0.251000 0.523014 0.484000 0.062421
1 0.541500 0.710908 0.827000 0.062421
1 0.331500 0.585750 0.645000 0.063052
1 0.482000 0.648487 0.946000 0.062421
1 0.555000 0.773329 0.800000 0.062421
1 0.068500 0.710908 0.119000 0.062421
1 0.736500 0.835750 0.437000 0.062421
1 0.082000 0.773329 0.146000 0.062421
1 0.482000 0.929382 0.946000 0.124842
1 0.263500 0.835750 0.509000 0.062421
0 0.051500 0.962169 0.057000 0.040353
0 0.374000 0.402585 0.056000 0.039723
0 0.538500 0.340794 0.055000 0.039723
0 0.546000 0.838272 0.054000 0.039723
0 0.682000 0.587957 0.056000 0.039723
0 0.467000 0.215322 0.054000 0.039723
0 0.156500 0.712799 0.055000 0.039723
0 0.186000 0.776482 0.054000 0.039723
0 0.520500 0.526482 0.057000 0.040353