1 0.520000 0.122005 0.942000 0.122951
1 0.956000 0.214376 0.070000 0.061791
1 0.955500 0.337957 0.071000 0.061791
1 0.520000 0.276166 0.942000 0.061791
1 0.485000 0.214376 0.872000 0.061791
1 0.484500 0.337957 0.871000 0.061791
1 0.954500 0.647226 0.073000 0.061160
1 0.520000 0.492749 0.942000 0.247793
1 0.483500 0.647226 0.869000 0.061160
1 0.829500 0.709016 0.323000 0.062421
1 0.520000 0.770807 0.942000 0.061160
1 0.578000 0.832598 0.826000 0.062421
1 0.358500 0.709016 0.619000 0.062421
1 0.520000 0.925599 0.942000 0.123581
1 0.107000 0.832598 0.116000 0.062421
0 0.093000 0.343317 0.054000 0.038462
0 0.695500 0.713430 0.055000 0.039723
0 0.947000 0.344262 0.058000 0.040353
0 0.091500 0.956810 0.057000 0.039723
0 0.949000 0.222888 0.058000 0.040984
0 0.946000 0.651009 0.058000 0.039723
0 0.194000 0.835750 0.056000 0.039723