1 0.520000 0.150063 0.942000 0.185372
1 0.520000 0.273644 0.942000 0.061791
1 0.656500 0.335435 0.669000 0.061791
1 0.185500 0.335435 0.273000 0.061791
1 0.520000 0.428121 0.942000 0.123581
1 0.520000 0.521122 0.942000 0.062421
1 0.703000 0.582913 0.576000 0.061160
1 0.703000 0.707125 0.576000 0.062421
1 0.232000 0.582913 0.366000 0.061160
1 0.520000 0.644704 0.942000 0.062421
1 0.808500 0.830706 0.365000 0.062421
1 0.232000 0.707125 0.366000 0.062421
1 0.520000 0.768916 0.942000 0.061160
1 0.744000 0.892812 0.494000 0.061791
1 0.337500 0.830706 0.577000 0.062421
1 0.273000 0.892812 0.448000 0.061791
1 0.520000 0.954288 0.942000 0.061160
0 0.094000 0.460277 0.052000 0.036570
0 0.655500 0.834805 0.051000 0.037831
0 0.523000 0.895649 0.052000 0.037201
0 0.443000 0.712799 0.050000 0.038462
0 0.374000 0.339218 0.052000 0.037831
0 0.441000 0.588272 0.052000 0.037831
0 0.097500 0.215006 0.051000 0.037831
0 0.100500 0.959647 0.053000 0.036570