1 0.674000 0.151075 0.562000 0.063211
1 0.482000 0.088180 0.946000 0.062579
1 0.201000 0.151075 0.384000 0.063211
1 0.482000 0.213654 0.946000 0.061947
1 0.872000 0.276233 0.166000 0.063211
1 0.399000 0.276233 0.780000 0.063211
1 0.832000 0.401391 0.246000 0.063211
1 0.482000 0.338812 0.946000 0.061947
1 0.706000 0.464286 0.498000 0.062579
1 0.359000 0.401391 0.700000 0.063211
1 0.849500 0.527181 0.211000 0.063211
1 0.233000 0.464286 0.448000 0.062579
1 0.376500 0.527181 0.735000 0.063211
1 0.638500 0.590076 0.633000 0.062579
1 0.165500 0.590076 0.313000 0.062579
1 0.482000 0.652339 0.946000 0.061947
1 0.594500 0.714602 0.721000 0.062579
1 0.592500 0.902339 0.725000 0.062579
1 0.121500 0.714602 0.225000 0.062579
1 0.482000 0.808470 0.946000 0.125158
1 0.482000 0.964918 0.946000 0.062579
1 0.119500 0.902339 0.221000 0.062579
0 0.768000 0.530025 0.054000 0.038559
0 0.254000 0.905183 0.052000 0.037927
0 0.052000 0.972187 0.052000 0.036662
0 0.257500 0.719027 0.053000 0.037295
0 0.417500 0.159292 0.053000 0.037927
0 0.814500 0.283186 0.053000 0.037927
0 0.764000 0.404867 0.052000 0.037295
0 0.480500 0.468078 0.053000 0.037295
0 0.346500 0.595449 0.053000 0.037927