1 0.520000 0.088903 0.942000 0.061791
1 0.724000 0.150694 0.534000 0.061791
1 0.253000 0.150694 0.408000 0.061791
1 0.702000 0.273960 0.578000 0.061160
1 0.520000 0.212484 0.942000 0.061791
1 0.231000 0.273960 0.364000 0.061160
1 0.520000 0.366330 0.942000 0.123581
1 0.915500 0.643758 0.151000 0.061791
1 0.520000 0.520492 0.942000 0.184741
1 0.520000 0.705549 0.942000 0.061791
1 0.444500 0.643758 0.791000 0.061791
1 0.898000 0.767339 0.186000 0.061791
1 0.802500 0.829130 0.377000 0.061791
1 0.427000 0.767339 0.756000 0.061791
1 0.663500 0.890921 0.655000 0.061791
1 0.331500 0.829130 0.565000 0.061791
1 0.192500 0.890921 0.287000 0.061791
1 0.520000 0.952711 0.942000 0.061791
0 0.085000 0.401639 0.052000 0.036570
0 0.360500 0.892182 0.049000 0.036570
0 0.830500 0.771753 0.051000 0.036570
0 0.639500 0.831967 0.051000 0.035939
0 0.088000 0.953342 0.054000 0.037831
0 0.439500 0.280265 0.051000 0.035939
0 0.484000 0.156999 0.052000 0.036570
0 0.866000 0.649748 0.052000 0.037201