1 0.682500 0.147541 0.617000 0.061791
1 0.520000 0.086066 0.942000 0.061160
1 0.520000 0.209016 0.942000 0.061160
1 0.211500 0.147541 0.325000 0.061791
1 0.652000 0.270807 0.678000 0.062421
1 0.520000 0.394704 0.942000 0.185372
1 0.652500 0.517970 0.677000 0.061160
1 0.181000 0.270807 0.264000 0.062421
1 0.520000 0.610025 0.942000 0.122951
1 0.830000 0.702396 0.322000 0.061791
1 0.181500 0.517970 0.265000 0.061160
1 0.520000 0.856557 0.942000 0.246532
1 0.359000 0.702396 0.620000 0.061791
0 0.697500 0.707755 0.055000 0.039723
0 0.400500 0.146910 0.053000 0.039092
0 0.088000 0.950504 0.056000 0.039723
0 0.344500 0.517654 0.057000 0.039092
0 0.367000 0.273329 0.056000 0.039723