1 0.850000 0.152900 0.282000 0.061160
1 0.520000 0.091425 0.942000 0.061791
1 0.864000 0.276166 0.254000 0.061791
1 0.520000 0.214376 0.942000 0.061791
1 0.379000 0.152900 0.660000 0.061160
1 0.393000 0.276166 0.688000 0.061791
1 0.520000 0.337957 0.942000 0.061791
1 0.683500 0.399748 0.615000 0.061791
1 0.520000 0.461854 0.942000 0.062421
1 0.212500 0.399748 0.327000 0.061791
1 0.520000 0.523644 0.942000 0.061160
1 0.520000 0.646910 0.942000 0.185372
1 0.844500 0.770492 0.293000 0.061791
1 0.373500 0.770492 0.649000 0.061791
1 0.592500 0.832282 0.797000 0.061791
1 0.121500 0.832282 0.145000 0.061791
1 0.520000 0.924968 0.942000 0.123581
0 0.403000 0.405738 0.056000 0.037201
0 0.090000 0.529950 0.054000 0.039723
0 0.089000 0.956179 0.058000 0.039723
0 0.246500 0.835435 0.055000 0.040353
0 0.087500 0.466267 0.055000 0.039723
0 0.738000 0.159836 0.054000 0.039723
0 0.727500 0.773960 0.057000 0.039723
0 0.766500 0.281526 0.055000 0.038462