1 0.520000 0.095523 0.942000 0.061160
1 0.699000 0.156683 0.584000 0.061160
1 0.228000 0.156683 0.358000 0.061160
1 0.850500 0.340479 0.281000 0.061791
1 0.520000 0.248424 0.942000 0.122320
1 0.379500 0.340479 0.661000 0.061791
1 0.623500 0.462799 0.735000 0.061791
1 0.520000 0.401639 0.942000 0.060530
1 0.152500 0.462799 0.207000 0.061791
1 0.520000 0.524275 0.942000 0.061160
1 0.954500 0.585120 0.073000 0.060530
1 0.616000 0.646280 0.750000 0.061791
1 0.483500 0.585120 0.869000 0.060530
1 0.145000 0.646280 0.192000 0.061791
1 0.520000 0.707440 0.942000 0.060530
1 0.883000 0.768600 0.216000 0.061791
1 0.412000 0.768600 0.726000 0.061791
1 0.520000 0.891236 0.942000 0.183480
0 0.945000 0.587642 0.056000 0.040353
0 0.084500 0.952396 0.055000 0.039723
0 0.268000 0.650063 0.054000 0.039092
0 0.738000 0.341110 0.052000 0.039092
0 0.283000 0.466267 0.054000 0.039723
0 0.802000 0.773960 0.054000 0.038462
0 0.434500 0.158890 0.057000 0.040353