1 0.482000 0.123897 0.946000 0.122951
1 0.762000 0.216267 0.386000 0.061791
1 0.592000 0.339533 0.726000 0.061160
1 0.482000 0.278058 0.946000 0.061791
1 0.289000 0.216267 0.560000 0.061791
1 0.482000 0.401009 0.946000 0.061791
1 0.119000 0.339533 0.220000 0.061160
1 0.482000 0.558008 0.946000 0.117276
1 0.608000 0.647541 0.694000 0.061791
1 0.482000 0.740227 0.946000 0.123581
1 0.135000 0.647541 0.252000 0.061791
1 0.882000 0.832598 0.146000 0.061160
1 0.488500 0.832598 0.641000 0.061160
1 0.482000 0.924653 0.946000 0.122951
1 0.088500 0.832598 0.159000 0.061160
0 0.055500 0.587957 0.051000 0.037201
0 0.198500 0.833228 0.053000 0.037201
0 0.838000 0.833228 0.050000 0.037201
0 0.059000 0.406368 0.052000 0.035939
0 0.256500 0.342686 0.053000 0.037201
0 0.597000 0.218159 0.054000 0.037831
0 0.055000 0.954918 0.052000 0.037201
0 0.287500 0.651639 0.053000 0.037201