1 0.591500 0.148802 0.725000 0.061791
1 0.481500 0.086696 0.945000 0.062421
1 0.119000 0.148802 0.220000 0.061791
1 0.841000 0.210908 0.226000 0.062421
1 0.368500 0.210908 0.719000 0.062421
1 0.770500 0.273014 0.367000 0.061791
1 0.727500 0.334805 0.453000 0.061791
1 0.298000 0.273014 0.578000 0.061791
1 0.669000 0.396910 0.570000 0.062421
1 0.255000 0.334805 0.492000 0.061791
1 0.196500 0.396910 0.375000 0.062421
1 0.793500 0.459016 0.321000 0.061791
1 0.321000 0.459016 0.624000 0.061791
1 0.563000 0.521122 0.782000 0.062421
1 0.481500 0.582913 0.945000 0.061160
1 0.090500 0.521122 0.163000 0.062421
1 0.855000 0.644704 0.198000 0.062421
1 0.490000 0.644704 0.532000 0.062421
1 0.116500 0.644704 0.215000 0.062421
1 0.481500 0.707125 0.945000 0.062421
1 0.709000 0.769546 0.490000 0.062421
1 0.236500 0.769546 0.455000 0.062421
1 0.761000 0.831652 0.386000 0.061791
1 0.288500 0.831652 0.559000 0.061791
1 0.481500 0.893443 0.945000 0.061791
1 0.920500 0.955549 0.067000 0.062421
1 0.448000 0.955549 0.878000 0.062421
0 0.061000 0.961854 0.054000 0.037201
0 0.527500 0.338272 0.051000 0.038462
0 0.754500 0.215637 0.053000 0.037831
0 0.595000 0.834489 0.054000 0.038462
0 0.616000 0.276797 0.052000 0.036570
0 0.256000 0.153846 0.052000 0.037831
0 0.662000 0.460593 0.052000 0.037201
0 0.493500 0.773960 0.051000 0.037201
0 0.411000 0.400378 0.052000 0.037831
0 0.914000 0.960908 0.052000 0.036570
0 0.250500 0.648172 0.053000 0.036570
0 0.783000 0.647856 0.052000 0.037201
0 0.199000 0.525221 0.052000 0.037831