1 0.715500 0.098045 0.477000 0.061160
1 0.243000 0.098045 0.468000 0.061160
1 0.916500 0.159521 0.075000 0.061791
1 0.635000 0.159521 0.488000 0.061791
1 0.917500 0.220996 0.073000 0.061160
1 0.200000 0.159521 0.382000 0.061791
1 0.667000 0.220996 0.428000 0.061160
1 0.346000 0.220996 0.214000 0.061160
1 0.124000 0.220996 0.230000 0.061160
1 0.841000 0.282156 0.226000 0.061160
1 0.532500 0.282156 0.391000 0.061160
1 0.173000 0.282156 0.328000 0.061160
1 0.847000 0.343317 0.214000 0.061160
1 0.575000 0.343317 0.330000 0.061160
1 0.209500 0.343317 0.401000 0.061160
1 0.865000 0.404792 0.178000 0.061791
1 0.634500 0.404792 0.283000 0.061791
1 0.358500 0.404792 0.269000 0.061791
1 0.919000 0.466267 0.070000 0.061160
1 0.116500 0.404792 0.215000 0.061791
1 0.753500 0.466267 0.261000 0.061160
1 0.499500 0.466267 0.247000 0.061160
1 0.192500 0.466267 0.367000 0.061160
1 0.917500 0.527427 0.073000 0.061160
1 0.743000 0.527427 0.276000 0.061160
1 0.435500 0.527427 0.339000 0.061160
1 0.918000 0.588588 0.072000 0.061160
1 0.137500 0.527427 0.257000 0.061160
1 0.775500 0.588588 0.213000 0.061160
1 0.513000 0.588588 0.312000 0.061160
1 0.183000 0.588588 0.348000 0.061160
1 0.771000 0.649748 0.366000 0.061160
1 0.918500 0.711223 0.071000 0.061791
1 0.298500 0.649748 0.579000 0.061160
1 0.709000 0.711223 0.348000 0.061791
1 0.358000 0.711223 0.354000 0.061791
1 0.818500 0.772699 0.271000 0.061160
1 0.095000 0.711223 0.172000 0.061791
1 0.431500 0.772699 0.503000 0.061160
1 0.707500 0.833859 0.493000 0.061160
1 0.094500 0.772699 0.171000 0.061160
1 0.700500 0.895019 0.507000 0.061160
1 0.235000 0.833859 0.452000 0.061160
1 0.290000 0.895019 0.314000 0.061160
1 0.772000 0.956494 0.364000 0.061791
1 0.071000 0.895019 0.124000 0.061160
1 0.299500 0.956494 0.581000 0.061791
0 0.293500 0.530895 0.053000 0.036570
0 0.060500 0.955549 0.055000 0.035939
0 0.617500 0.957125 0.053000 0.036570
0 0.911000 0.468159 0.052000 0.035939
0 0.768000 0.349306 0.052000 0.036570
0 0.362000 0.288777 0.052000 0.037831
0 0.206500 0.776797 0.053000 0.037831
0 0.476000 0.897541 0.054000 0.037201
0 0.909500 0.591110 0.055000 0.038462
0 0.209500 0.718159 0.053000 0.035309
0 0.910000 0.718789 0.052000 0.036570
0 0.056500 0.589849 0.053000 0.037201
0 0.383500 0.590164 0.051000 0.037831
0 0.158500 0.896595 0.053000 0.037831
0 0.697500 0.590164 0.053000 0.036570
0 0.649500 0.467844 0.049000 0.037831
0 0.755000 0.288777 0.054000 0.036570
0 0.487500 0.838272 0.051000 0.037201
0 0.519000 0.408575 0.050000 0.035309
0 0.479500 0.227617 0.051000 0.037831
0 0.908000 0.228562 0.054000 0.037201
0 0.909500 0.531526 0.053000 0.035309
0 0.802000 0.409836 0.050000 0.036570
0 0.417000 0.166141 0.050000 0.035939
0 0.265000 0.229193 0.052000 0.035939
0 0.907500 0.165826 0.055000 0.036570
0 0.713500 0.777112 0.053000 0.037201
0 0.437000 0.347730 0.052000 0.037201
0 0.564000 0.719105 0.054000 0.035939
0 0.502500 0.102144 0.051000 0.036570
0 0.615000 0.659521 0.052000 0.036570
0 0.402000 0.465637 0.054000 0.037201
0 0.249500 0.409206 0.051000 0.036570
0 0.632500 0.529950 0.053000 0.037201