1 0.520000 0.157629 0.942000 0.055485
1 0.855000 0.215637 0.272000 0.060530
1 0.574500 0.215637 0.289000 0.060530
1 0.239500 0.215637 0.381000 0.060530
1 0.851500 0.276166 0.279000 0.060530
1 0.567000 0.276166 0.290000 0.060530
1 0.235500 0.276166 0.373000 0.060530
1 0.853000 0.337011 0.276000 0.061160
1 0.571500 0.337011 0.287000 0.061160
1 0.238500 0.337011 0.379000 0.061160
1 0.955000 0.397856 0.072000 0.060530
1 0.751500 0.397856 0.335000 0.060530
1 0.385000 0.397856 0.398000 0.060530
1 0.117500 0.397856 0.137000 0.060530
1 0.804000 0.458386 0.374000 0.060530
1 0.417500 0.458386 0.399000 0.060530
1 0.133500 0.458386 0.169000 0.060530
1 0.791500 0.518916 0.399000 0.060530
1 0.390500 0.518916 0.403000 0.060530
1 0.119000 0.518916 0.140000 0.060530
1 0.907500 0.579445 0.167000 0.060530
1 0.595500 0.579445 0.457000 0.060530
1 0.208000 0.579445 0.318000 0.060530
1 0.856000 0.640290 0.270000 0.061160
1 0.475000 0.640290 0.492000 0.061160
1 0.794000 0.701135 0.394000 0.060530
1 0.139000 0.640290 0.180000 0.061160
1 0.400000 0.701135 0.394000 0.060530
1 0.917000 0.761980 0.148000 0.061160
1 0.126000 0.701135 0.154000 0.060530
1 0.674000 0.761980 0.338000 0.061160
1 0.954000 0.822825 0.074000 0.060530
1 0.277000 0.761980 0.456000 0.061160
1 0.742000 0.822825 0.350000 0.060530
1 0.423500 0.822825 0.287000 0.060530
1 0.164500 0.822825 0.231000 0.060530
1 0.819500 0.883670 0.343000 0.061160
1 0.432500 0.883670 0.431000 0.061160
1 0.827500 0.944515 0.327000 0.060530
1 0.133000 0.883670 0.168000 0.061160
1 0.356500 0.944515 0.615000 0.060530
0 0.456500 0.219420 0.053000 0.037831
0 0.851500 0.582598 0.055000 0.039092
0 0.945000 0.825662 0.054000 0.039723
0 0.742000 0.339218 0.052000 0.039092
0 0.748000 0.645334 0.052000 0.039723
0 0.692500 0.944830 0.055000 0.038462
0 0.869500 0.765132 0.053000 0.039723
0 0.245500 0.884615 0.055000 0.039092
0 0.944000 0.400378 0.054000 0.039092
0 0.230000 0.704288 0.054000 0.039092
0 0.257000 0.645334 0.056000 0.039723
0 0.737500 0.279634 0.051000 0.037201
0 0.445500 0.278373 0.049000 0.038462
0 0.090000 0.942938 0.056000 0.038462
0 0.213500 0.398802 0.055000 0.038462
0 0.743000 0.220366 0.048000 0.038462
0 0.454000 0.339533 0.054000 0.039723
0 0.245500 0.460908 0.053000 0.039092
0 0.645000 0.461538 0.056000 0.039092
0 0.528500 0.763871 0.051000 0.039723
0 0.088500 0.276797 0.055000 0.039092
0 0.216000 0.520177 0.054000 0.039092
0 0.676500 0.885561 0.055000 0.039723
0 0.306500 0.824401 0.053000 0.039723
0 0.622000 0.521438 0.054000 0.039092
0 0.625500 0.705864 0.053000 0.038462
0 0.612000 0.399433 0.054000 0.038462
0 0.594500 0.825032 0.057000 0.038462
0 0.089500 0.219105 0.055000 0.038462
0 0.396500 0.582282 0.055000 0.039723