1 0.685000 0.217528 0.612000 0.061791
1 0.520000 0.125473 0.942000 0.122320
1 0.214000 0.217528 0.330000 0.061791
1 0.520000 0.370744 0.942000 0.244641
1 0.606500 0.646595 0.769000 0.061160
1 0.520000 0.554540 0.942000 0.122951
1 0.135500 0.646595 0.173000 0.061160
1 0.621500 0.769546 0.739000 0.061160
1 0.520000 0.708071 0.942000 0.061791
1 0.150500 0.769546 0.203000 0.061160
1 0.735500 0.892182 0.511000 0.060530
1 0.520000 0.831021 0.942000 0.061791
1 0.264500 0.892182 0.431000 0.060530
1 0.520000 0.953342 0.942000 0.061791
0 0.093500 0.466898 0.055000 0.038462
0 0.097500 0.954288 0.055000 0.038462
0 0.510500 0.896910 0.055000 0.040984
0 0.252000 0.649433 0.056000 0.039092
0 0.410000 0.221627 0.054000 0.039723
0 0.284000 0.775221 0.056000 0.039723