1 0.480500 0.087642 0.947000 0.061791
1 0.675000 0.149748 0.558000 0.062421
1 0.480500 0.274590 0.947000 0.187264
1 0.201500 0.149748 0.389000 0.062421
1 0.480500 0.430643 0.947000 0.124842
1 0.914500 0.524275 0.079000 0.062421
1 0.819500 0.586696 0.269000 0.062421
1 0.441000 0.524275 0.868000 0.062421
1 0.346000 0.586696 0.678000 0.062421
1 0.480500 0.649117 0.947000 0.062421
1 0.480500 0.773960 0.947000 0.187264
1 0.763500 0.898802 0.381000 0.062421
1 0.290000 0.898802 0.566000 0.062421
1 0.480500 0.961223 0.947000 0.062421
0 0.051000 0.339218 0.054000 0.040353
0 0.051500 0.964061 0.055000 0.040353
0 0.044000 0.649433 0.058000 0.040353
0 0.714000 0.588903 0.056000 0.040353
0 0.904000 0.527743 0.056000 0.040353
0 0.601000 0.902585 0.054000 0.039723
0 0.423000 0.153531 0.054000 0.039723