1 0.535000 0.148802 0.840000 0.063052
1 0.482000 0.086066 0.946000 0.062421
1 0.062000 0.148802 0.106000 0.063052
1 0.482000 0.211538 0.946000 0.062421
1 0.838500 0.335750 0.233000 0.062421
1 0.482000 0.273644 0.946000 0.061791
1 0.365500 0.335750 0.713000 0.062421
1 0.812000 0.398487 0.286000 0.063052
1 0.339000 0.398487 0.660000 0.063052
1 0.887500 0.461223 0.135000 0.062421
1 0.716000 0.523644 0.478000 0.062421
1 0.414500 0.461223 0.811000 0.062421
1 0.243000 0.523644 0.468000 0.062421
1 0.797500 0.586066 0.315000 0.062421
1 0.324500 0.586066 0.631000 0.062421
1 0.776500 0.648802 0.357000 0.063052
1 0.303500 0.648802 0.589000 0.063052
1 0.768000 0.711223 0.374000 0.061791
1 0.295000 0.711223 0.572000 0.061791
1 0.627000 0.773644 0.656000 0.063052
1 0.154000 0.773644 0.290000 0.063052
1 0.686500 0.836066 0.537000 0.061791
1 0.213500 0.836066 0.409000 0.061791
1 0.581500 0.898487 0.747000 0.063052
1 0.108500 0.898487 0.199000 0.063052
1 0.482000 0.961223 0.946000 0.062421
0 0.050500 0.964691 0.053000 0.037831
0 0.050000 0.215322 0.052000 0.038462
0 0.607500 0.716267 0.053000 0.037831
0 0.667000 0.590164 0.052000 0.037831
0 0.446500 0.841425 0.053000 0.037201
0 0.848000 0.467213 0.052000 0.037831
0 0.752000 0.340479 0.052000 0.037831
0 0.144000 0.154477 0.054000 0.037831
0 0.625000 0.652270 0.054000 0.038462
0 0.327000 0.779319 0.052000 0.036570
0 0.697500 0.401324 0.053000 0.037201
0 0.506500 0.527743 0.053000 0.037831
0 0.235500 0.902585 0.053000 0.038462