1 0.705500 0.213115 0.499000 0.061791
1 0.482000 0.120113 0.946000 0.124212
1 0.482000 0.274590 0.946000 0.061160
1 0.232500 0.213115 0.447000 0.061791
1 0.580500 0.336696 0.749000 0.063052
1 0.107500 0.336696 0.197000 0.063052
1 0.533000 0.399117 0.844000 0.061791
1 0.482000 0.460908 0.946000 0.061791
1 0.785500 0.522699 0.339000 0.061791
1 0.060000 0.399117 0.102000 0.061791
1 0.312500 0.522699 0.607000 0.061791
1 0.482000 0.615700 0.946000 0.124212
1 0.482000 0.708701 0.946000 0.061791
1 0.857500 0.770807 0.195000 0.062421
1 0.384500 0.770807 0.751000 0.062421
1 0.482000 0.832913 0.946000 0.061791
1 0.699000 0.894704 0.512000 0.061791
1 0.226000 0.894704 0.434000 0.061791
1 0.482000 0.956810 0.946000 0.062421
0 0.487500 0.215952 0.055000 0.039723
0 0.052000 0.650063 0.056000 0.039092
0 0.234000 0.338272 0.056000 0.039723
0 0.052000 0.959016 0.056000 0.039092
0 0.472500 0.895965 0.057000 0.039092
0 0.790000 0.773329 0.058000 0.039723
0 0.645000 0.521753 0.056000 0.040984
0 0.139500 0.400378 0.055000 0.039092