1 0.787500 0.152270 0.401000 0.061160
1 0.517500 0.091110 0.941000 0.061160
1 0.517500 0.213430 0.941000 0.061160
1 0.798500 0.274590 0.379000 0.061160
1 0.317000 0.152270 0.540000 0.061160
1 0.586000 0.335750 0.804000 0.061160
1 0.328000 0.274590 0.562000 0.061160
1 0.115500 0.335750 0.137000 0.061160
1 0.517500 0.458071 0.941000 0.183480
1 0.622000 0.580706 0.732000 0.061791
1 0.151500 0.580706 0.209000 0.061791
1 0.517500 0.673077 0.941000 0.122951
1 0.815000 0.765132 0.346000 0.061160
1 0.344500 0.765132 0.595000 0.061160
1 0.517500 0.826293 0.941000 0.061160
1 0.517500 0.918033 0.941000 0.122320
0 0.210000 0.341110 0.048000 0.035309
0 0.614000 0.156053 0.052000 0.035939
0 0.284000 0.586381 0.050000 0.036570
0 0.092500 0.827869 0.049000 0.036570
0 0.668500 0.770177 0.049000 0.035939
0 0.098500 0.948613 0.051000 0.035939
0 0.657000 0.277112 0.050000 0.035939