1 0.955000 0.210908 0.072000 0.062421
1 0.520000 0.117276 0.942000 0.124842
1 0.484000 0.210908 0.870000 0.062421
1 0.954000 0.335435 0.074000 0.061791
1 0.520000 0.273329 0.942000 0.062421
1 0.483000 0.335435 0.868000 0.061791
1 0.901500 0.397856 0.179000 0.063052
1 0.765500 0.460593 0.451000 0.062421
1 0.430500 0.397856 0.763000 0.063052
1 0.842000 0.585435 0.298000 0.062421
1 0.520000 0.523014 0.942000 0.062421
1 0.294500 0.460593 0.491000 0.062421
1 0.520000 0.648172 0.942000 0.063052
1 0.852000 0.710908 0.278000 0.062421
1 0.371000 0.585435 0.644000 0.062421
1 0.955000 0.773329 0.072000 0.062421
1 0.381000 0.710908 0.664000 0.062421
1 0.520000 0.835750 0.942000 0.062421
1 0.558500 0.897856 0.865000 0.061791
1 0.484000 0.773329 0.870000 0.062421
1 0.087500 0.897856 0.077000 0.061791
1 0.520000 0.960277 0.942000 0.063052
0 0.084500 0.961538 0.051000 0.037831
0 0.839000 0.404792 0.052000 0.036570
0 0.566500 0.466583 0.051000 0.037831
0 0.719500 0.588588 0.053000 0.037201
0 0.945500 0.344578 0.055000 0.037201
0 0.948500 0.218789 0.055000 0.036570
0 0.742000 0.715637 0.052000 0.037831
0 0.153500 0.901009 0.053000 0.037831
0 0.948000 0.776482 0.056000 0.038462