1 0.480500 0.153531 0.943000 0.187264
1 0.637000 0.278058 0.630000 0.061791
1 0.480500 0.371375 0.943000 0.124842
1 0.695000 0.465322 0.514000 0.063052
1 0.165500 0.278058 0.313000 0.061791
1 0.480500 0.559584 0.943000 0.125473
1 0.557000 0.653216 0.790000 0.061791
1 0.223500 0.465322 0.429000 0.063052
1 0.480500 0.840794 0.943000 0.313367
1 0.085500 0.653216 0.153000 0.061791
0 0.051000 0.966583 0.056000 0.040353
0 0.190500 0.655738 0.055000 0.041614
0 0.470500 0.471942 0.055000 0.040984
0 0.351000 0.281841 0.056000 0.039092