1 0.951000 0.273644 0.086000 0.061791
1 0.520000 0.149748 0.948000 0.186003
1 0.951500 0.460593 0.085000 0.062421
1 0.477000 0.273644 0.862000 0.061791
1 0.520000 0.366961 0.948000 0.124842
1 0.520000 0.553909 0.948000 0.124212
1 0.477500 0.460593 0.863000 0.062421
1 0.847000 0.647226 0.294000 0.062421
1 0.559500 0.709332 0.869000 0.061791
1 0.373000 0.647226 0.654000 0.062421
1 0.520000 0.864754 0.948000 0.249054
1 0.085500 0.709332 0.079000 0.061791
0 0.940000 0.460593 0.056000 0.039723
0 0.939000 0.274275 0.056000 0.040353
0 0.754500 0.648172 0.057000 0.040353
0 0.083000 0.958386 0.056000 0.040353
0 0.156500 0.713115 0.057000 0.039092