1 0.520000 0.086381 0.942000 0.061791
1 0.760500 0.148487 0.461000 0.062421
1 0.289500 0.148487 0.481000 0.062421
1 0.520000 0.303909 0.942000 0.248424
1 0.674500 0.459016 0.633000 0.061791
1 0.556500 0.708071 0.869000 0.061791
1 0.520000 0.583544 0.942000 0.187264
1 0.203500 0.459016 0.309000 0.061791
1 0.085500 0.708071 0.073000 0.061791
1 0.567500 0.770177 0.847000 0.062421
1 0.520000 0.894704 0.942000 0.186633
1 0.096500 0.770177 0.095000 0.062421
0 0.090500 0.953972 0.055000 0.040353
0 0.558000 0.153216 0.056000 0.040353
0 0.171500 0.772383 0.055000 0.039092
0 0.385000 0.462169 0.058000 0.040353
0 0.151000 0.708071 0.056000 0.040353