1 0.797500 0.343056 0.387000 0.062143
1 0.520000 0.218453 0.942000 0.187064
1 0.326500 0.343056 0.555000 0.062143
1 0.520000 0.405517 0.942000 0.062777
1 0.520000 0.467660 0.942000 0.061509
1 0.726000 0.591947 0.530000 0.062777
1 0.520000 0.529486 0.942000 0.062143
1 0.520000 0.654407 0.942000 0.062143
1 0.686000 0.716867 0.610000 0.062777
1 0.255000 0.591947 0.412000 0.062777
1 0.215000 0.716867 0.332000 0.062777
1 0.520000 0.779328 0.942000 0.062143
1 0.955500 0.841154 0.071000 0.061509
1 0.520000 0.935320 0.942000 0.126823
1 0.484500 0.841154 0.871000 0.061509
0 0.097000 0.970514 0.054000 0.037413
0 0.093000 0.412809 0.052000 0.038047
0 0.487500 0.599556 0.051000 0.037413
0 0.093000 0.474318 0.052000 0.038047
0 0.629500 0.348763 0.053000 0.035510
0 0.407000 0.721306 0.054000 0.036145
0 0.947500 0.850032 0.053000 0.037413