1 0.481500 0.124212 0.945000 0.122320
1 0.618000 0.215637 0.672000 0.060530
1 0.481500 0.307377 0.945000 0.122951
1 0.145500 0.215637 0.273000 0.060530
1 0.739500 0.460593 0.429000 0.061160
1 0.481500 0.399433 0.945000 0.061160
1 0.267000 0.460593 0.516000 0.061160
1 0.481500 0.552333 0.945000 0.122320
1 0.905000 0.766393 0.098000 0.061160
1 0.481500 0.674653 0.945000 0.122320
1 0.432500 0.766393 0.847000 0.061160
1 0.481500 0.888714 0.945000 0.183480
0 0.055000 0.585120 0.056000 0.039092
0 0.053500 0.338903 0.057000 0.039723
0 0.308000 0.218474 0.054000 0.039723
0 0.552500 0.464061 0.057000 0.040353
0 0.054500 0.949559 0.055000 0.039092
0 0.909000 0.767024 0.056000 0.039723