1 0.731000 0.157945 0.520000 0.061160
1 0.520000 0.097100 0.942000 0.060530
1 0.260000 0.157945 0.422000 0.061160
1 0.721000 0.401955 0.540000 0.061160
1 0.520000 0.279950 0.942000 0.182850
1 0.715000 0.462799 0.552000 0.060530
1 0.250000 0.401955 0.402000 0.061160
1 0.244000 0.462799 0.390000 0.060530
1 0.520000 0.553909 0.942000 0.121690
1 0.553500 0.645334 0.875000 0.061160
1 0.082500 0.645334 0.067000 0.061160
1 0.520000 0.828184 0.942000 0.304540
0 0.091500 0.949874 0.055000 0.038462
0 0.467000 0.466583 0.054000 0.039092
0 0.499000 0.162673 0.056000 0.039092
0 0.479000 0.405422 0.056000 0.039092
0 0.166000 0.644704 0.056000 0.038462