1 0.954000 0.151324 0.074000 0.063052
1 0.520000 0.088903 0.942000 0.061791
1 0.773500 0.213745 0.435000 0.061791
1 0.483000 0.151324 0.868000 0.063052
1 0.825000 0.275851 0.332000 0.062421
1 0.302500 0.213745 0.507000 0.061791
1 0.550500 0.337957 0.881000 0.061791
1 0.354000 0.275851 0.610000 0.062421
1 0.520000 0.400378 0.942000 0.063052
1 0.641000 0.463115 0.700000 0.062421
1 0.079500 0.337957 0.061000 0.061791
1 0.170000 0.463115 0.242000 0.062421
1 0.520000 0.587957 0.942000 0.187264
1 0.858500 0.837957 0.265000 0.063052
1 0.520000 0.744010 0.942000 0.124842
1 0.387500 0.837957 0.677000 0.063052
1 0.520000 0.931904 0.942000 0.124842
0 0.090500 0.653846 0.053000 0.037831
0 0.137000 0.340794 0.052000 0.037201
0 0.686000 0.279950 0.052000 0.037831
0 0.755000 0.843317 0.052000 0.037201
0 0.091500 0.962799 0.053000 0.037831
0 0.582500 0.218789 0.053000 0.037831
0 0.945500 0.159206 0.055000 0.037201
0 0.317000 0.466267 0.054000 0.038462