1 0.520000 0.152900 0.942000 0.059899
1 0.857500 0.213745 0.267000 0.061791
1 0.574000 0.213745 0.300000 0.061791
1 0.236500 0.213745 0.375000 0.061791
1 0.955000 0.274590 0.072000 0.059899
1 0.656500 0.274590 0.525000 0.059899
1 0.221500 0.274590 0.345000 0.059899
1 0.908500 0.335120 0.165000 0.061160
1 0.517500 0.335120 0.617000 0.061160
1 0.129000 0.335120 0.160000 0.061160
1 0.804000 0.396280 0.374000 0.061160
1 0.333000 0.396280 0.568000 0.061160
1 0.587500 0.457125 0.807000 0.060530
1 0.674500 0.517654 0.633000 0.060530
1 0.116500 0.457125 0.135000 0.060530
1 0.203500 0.517654 0.309000 0.060530
1 0.739000 0.578499 0.504000 0.061160
1 0.268000 0.578499 0.438000 0.061160
1 0.725500 0.639029 0.531000 0.059899
1 0.756500 0.699559 0.469000 0.061160
1 0.254500 0.639029 0.411000 0.059899
1 0.285500 0.699559 0.473000 0.061160
1 0.681000 0.760404 0.620000 0.060530
1 0.210000 0.760404 0.322000 0.060530
1 0.787500 0.821248 0.407000 0.061160
1 0.316500 0.821248 0.535000 0.061160
1 0.796000 0.881778 0.390000 0.059899
1 0.954000 0.942308 0.074000 0.061160
1 0.325000 0.881778 0.552000 0.059899
1 0.483000 0.942308 0.868000 0.061160
0 0.452000 0.215637 0.052000 0.040353
0 0.489500 0.642182 0.055000 0.038462
0 0.098000 0.942308 0.054000 0.038462
0 0.211000 0.458386 0.054000 0.039092
0 0.944500 0.278373 0.051000 0.035939
0 0.090500 0.582598 0.057000 0.037831
0 0.384500 0.518285 0.055000 0.039092
0 0.854000 0.337642 0.052000 0.038462
0 0.751000 0.217844 0.052000 0.037201
0 0.627500 0.881778 0.053000 0.037201
0 0.613000 0.821248 0.056000 0.039723
0 0.085000 0.400378 0.054000 0.037831
0 0.550000 0.701135 0.054000 0.039092
0 0.238000 0.339218 0.056000 0.039092
0 0.946000 0.941362 0.054000 0.039092
0 0.516000 0.581652 0.052000 0.039723
0 0.645000 0.399433 0.054000 0.039723
0 0.422000 0.277112 0.052000 0.038462
0 0.397000 0.761349 0.054000 0.038462