1 0.520000 0.122951 0.942000 0.123581
1 0.831500 0.215322 0.319000 0.061160
1 0.360500 0.215322 0.623000 0.061160
1 0.596500 0.276482 0.789000 0.061160
1 0.520000 0.337957 0.942000 0.061791
1 0.722500 0.399433 0.537000 0.061160
1 0.125500 0.276482 0.153000 0.061160
1 0.673000 0.460593 0.636000 0.061160
1 0.251500 0.399433 0.405000 0.061160
1 0.202000 0.460593 0.306000 0.061160
1 0.806500 0.583859 0.369000 0.061791
1 0.520000 0.522068 0.942000 0.061791
1 0.335500 0.583859 0.573000 0.061791
1 0.674000 0.645649 0.634000 0.061791
1 0.203000 0.645649 0.308000 0.061791
1 0.520000 0.830076 0.942000 0.307062
0 0.090000 0.952081 0.054000 0.039092
0 0.386000 0.645965 0.058000 0.039723
0 0.701500 0.216583 0.057000 0.039723
0 0.650000 0.588588 0.056000 0.039723
0 0.386000 0.464691 0.056000 0.040353
0 0.482000 0.400378 0.054000 0.039092
0 0.230500 0.275851 0.055000 0.039723