1 0.850000 0.216898 0.210000 0.061791
1 0.482000 0.124212 0.946000 0.123581
1 0.377000 0.216898 0.736000 0.061791
1 0.798000 0.278373 0.314000 0.061160
1 0.325000 0.278373 0.632000 0.061160
1 0.482000 0.370429 0.946000 0.122951
1 0.775000 0.462799 0.360000 0.061791
1 0.302000 0.462799 0.586000 0.061791
1 0.558000 0.524590 0.794000 0.061791
1 0.085000 0.524590 0.152000 0.061791
1 0.570000 0.586381 0.770000 0.061791
1 0.482000 0.648172 0.946000 0.061791
1 0.097000 0.586381 0.176000 0.061791
1 0.639500 0.709647 0.631000 0.061160
1 0.922000 0.832598 0.066000 0.061160
1 0.166500 0.709647 0.315000 0.061160
1 0.482000 0.771122 0.946000 0.061791
1 0.668000 0.893758 0.574000 0.061160
1 0.449000 0.832598 0.880000 0.061160
1 0.482000 0.954918 0.946000 0.061160
1 0.195000 0.893758 0.372000 0.061160
0 0.211000 0.590164 0.052000 0.037831
0 0.055000 0.957755 0.054000 0.036570
0 0.406000 0.897226 0.052000 0.036570
0 0.350000 0.712484 0.050000 0.037831
0 0.187500 0.529319 0.053000 0.037201
0 0.917000 0.835750 0.052000 0.037201
0 0.621000 0.467844 0.050000 0.036570
0 0.772000 0.225095 0.052000 0.036570
0 0.668500 0.284994 0.053000 0.037831