1 0.753500 0.274905 0.401000 0.061791
1 0.481000 0.150378 0.946000 0.187264
1 0.481000 0.336696 0.946000 0.061791
1 0.280500 0.274905 0.545000 0.061791
1 0.523500 0.399117 0.861000 0.063052
1 0.050500 0.399117 0.085000 0.063052
1 0.481000 0.492749 0.946000 0.124212
1 0.810500 0.586066 0.287000 0.062421
1 0.481000 0.648487 0.946000 0.062421
1 0.337500 0.586066 0.659000 0.062421
1 0.865000 0.710908 0.178000 0.062421
1 0.481000 0.773329 0.946000 0.062421
1 0.392000 0.710908 0.768000 0.062421
1 0.481000 0.897856 0.946000 0.186633
0 0.061000 0.775536 0.054000 0.037831
0 0.695000 0.593317 0.056000 0.037831
0 0.803500 0.714691 0.051000 0.038462
0 0.120000 0.404161 0.056000 0.037831
0 0.059000 0.962169 0.052000 0.037831
0 0.581500 0.277427 0.055000 0.037831