1 0.594000 0.153749 0.722000 0.061752
1 0.482000 0.091997 0.946000 0.061752
1 0.562500 0.215501 0.785000 0.061752
1 0.121000 0.153749 0.224000 0.061752
1 0.482000 0.277253 0.946000 0.061752
1 0.916000 0.339004 0.078000 0.061752
1 0.089500 0.215501 0.161000 0.061752
1 0.482000 0.462508 0.946000 0.185255
1 0.526000 0.586326 0.858000 0.062382
1 0.443000 0.339004 0.868000 0.061752
1 0.482000 0.710145 0.946000 0.185255
1 0.731000 0.833648 0.448000 0.061752
1 0.053000 0.586326 0.088000 0.062382
1 0.258000 0.833648 0.498000 0.061752
1 0.482000 0.926276 0.946000 0.123503
0 0.533000 0.839950 0.056000 0.040328
0 0.058500 0.959987 0.057000 0.040958
0 0.259500 0.158790 0.055000 0.039067
0 0.125500 0.587587 0.055000 0.039698
0 0.904000 0.344360 0.056000 0.039698
0 0.197500 0.219597 0.055000 0.039698