1 0.480500 0.086696 0.949000 0.062421
1 0.527500 0.149117 0.855000 0.062421
1 0.923500 0.274275 0.063000 0.063052
1 0.053000 0.149117 0.094000 0.062421
1 0.480500 0.211538 0.949000 0.062421
1 0.555500 0.399748 0.799000 0.061791
1 0.480500 0.337327 0.949000 0.063052
1 0.449000 0.274275 0.886000 0.063052
1 0.922000 0.587011 0.066000 0.061791
1 0.081000 0.399748 0.150000 0.061791
1 0.480500 0.493380 0.949000 0.125473
1 0.592500 0.649748 0.725000 0.063682
1 0.447500 0.587011 0.883000 0.061791
1 0.480500 0.712799 0.949000 0.062421
1 0.118000 0.649748 0.224000 0.063682
1 0.811000 0.837957 0.288000 0.061791
1 0.480500 0.775536 0.949000 0.063052
1 0.336500 0.837957 0.661000 0.061791
1 0.480500 0.931589 0.949000 0.125473
0 0.695500 0.842371 0.055000 0.037831
0 0.050000 0.963430 0.054000 0.040353
0 0.046000 0.713430 0.056000 0.039723
0 0.258500 0.650063 0.055000 0.039092
0 0.126000 0.153216 0.052000 0.040353
0 0.918500 0.278373 0.053000 0.039723
0 0.183500 0.399433 0.051000 0.037201
0 0.917000 0.587642 0.054000 0.039092