1 0.746500 0.273014 0.417000 0.061791
1 0.481500 0.149117 0.947000 0.186003
1 0.273000 0.273014 0.530000 0.061791
1 0.807500 0.334805 0.295000 0.061791
1 0.334000 0.334805 0.652000 0.061791
1 0.616000 0.396595 0.678000 0.061791
1 0.545500 0.458386 0.819000 0.061791
1 0.142500 0.396595 0.269000 0.061791
1 0.481500 0.520177 0.947000 0.061791
1 0.589500 0.582282 0.731000 0.062421
1 0.072000 0.458386 0.128000 0.061791
1 0.481500 0.766709 0.947000 0.306431
1 0.116000 0.582282 0.216000 0.062421
0 0.165000 0.465952 0.054000 0.037831
0 0.053000 0.893443 0.052000 0.036570
0 0.691000 0.338272 0.052000 0.037201
0 0.304500 0.401639 0.053000 0.037831
0 0.253500 0.586696 0.055000 0.037201
0 0.564000 0.278058 0.052000 0.037831