1 0.481500 0.088588 0.945000 0.062421
1 0.547500 0.151009 0.813000 0.062421
1 0.075000 0.151009 0.132000 0.062421
1 0.705000 0.213115 0.498000 0.061791
1 0.668000 0.337642 0.572000 0.062421
1 0.232500 0.213115 0.447000 0.061791
1 0.481500 0.275221 0.945000 0.062421
1 0.624000 0.462484 0.660000 0.062421
1 0.481500 0.400063 0.945000 0.062421
1 0.195500 0.337642 0.373000 0.062421
1 0.481500 0.524905 0.945000 0.062421
1 0.654000 0.587327 0.600000 0.062421
1 0.151500 0.462484 0.285000 0.062421
1 0.181500 0.587327 0.345000 0.062421
1 0.541500 0.649748 0.825000 0.062421
1 0.601000 0.898172 0.706000 0.062421
1 0.481500 0.773960 0.945000 0.186003
1 0.069000 0.649748 0.120000 0.062421
1 0.128500 0.898172 0.239000 0.062421
1 0.481500 0.960593 0.945000 0.062421
0 0.166000 0.153531 0.054000 0.038462
0 0.380000 0.590479 0.052000 0.038462
0 0.157500 0.651324 0.053000 0.037831
0 0.322000 0.466267 0.054000 0.037201
0 0.062000 0.962799 0.054000 0.037831
0 0.407500 0.337642 0.051000 0.038462
0 0.483000 0.215322 0.052000 0.037201
0 0.276000 0.901324 0.054000 0.037201