1 0.482000 0.119483 0.946000 0.124212
1 0.642000 0.337011 0.626000 0.062421
1 0.482000 0.243695 0.946000 0.124212
1 0.482000 0.399117 0.946000 0.061791
1 0.765500 0.460908 0.379000 0.061791
1 0.169000 0.337011 0.320000 0.062421
1 0.292500 0.460908 0.567000 0.061791
1 0.845500 0.523329 0.219000 0.063052
1 0.372500 0.523329 0.727000 0.063052
1 0.581000 0.585750 0.748000 0.061791
1 0.108000 0.585750 0.198000 0.061791
1 0.482000 0.709962 0.946000 0.186633
1 0.670000 0.834489 0.570000 0.062421
1 0.596000 0.896910 0.718000 0.062421
1 0.197000 0.834489 0.376000 0.062421
1 0.482000 0.959016 0.946000 0.061791
1 0.123000 0.896910 0.228000 0.062421
0 0.062000 0.961538 0.056000 0.040353
0 0.603500 0.463430 0.055000 0.040353
0 0.265000 0.900694 0.056000 0.039723
0 0.413000 0.838903 0.056000 0.040984
0 0.358000 0.338903 0.056000 0.039723
0 0.048000 0.148802 0.054000 0.040353
0 0.765000 0.525221 0.054000 0.039092
0 0.236500 0.587327 0.057000 0.039723