1 0.482000 0.154477 0.946000 0.058008
1 0.711000 0.213745 0.488000 0.060530
1 0.238000 0.213745 0.458000 0.060530
1 0.699500 0.274275 0.511000 0.060530
1 0.226500 0.274275 0.435000 0.060530
1 0.702000 0.333544 0.506000 0.058008
1 0.229000 0.333544 0.440000 0.058008
1 0.482000 0.457125 0.946000 0.059269
1 0.649000 0.516709 0.612000 0.059899
1 0.679000 0.576608 0.552000 0.059899
1 0.176000 0.516709 0.334000 0.059899
1 0.206000 0.576608 0.394000 0.059899
1 0.482000 0.636822 0.946000 0.060530
1 0.482000 0.762926 0.946000 0.051702
1 0.738000 0.818726 0.434000 0.059899
1 0.265000 0.818726 0.512000 0.059899
1 0.729000 0.878941 0.452000 0.060530
1 0.256000 0.878941 0.494000 0.060530
1 0.482000 0.939470 0.946000 0.060530
0 0.054000 0.279004 0.058000 0.038462
0 0.377000 0.518600 0.056000 0.038462
0 0.500000 0.219105 0.058000 0.038462
0 0.207000 0.639975 0.054000 0.039092
0 0.051000 0.218159 0.054000 0.039092
0 0.053000 0.339533 0.056000 0.038462
0 0.473500 0.280580 0.057000 0.037831
0 0.482000 0.339218 0.056000 0.037831
0 0.533000 0.882724 0.056000 0.037831
0 0.055000 0.881148 0.056000 0.038462
0 0.229000 0.940416 0.054000 0.039723
0 0.433500 0.582598 0.057000 0.039092
0 0.550000 0.823140 0.056000 0.039723
0 0.050500 0.823140 0.051000 0.035939