1 0.482500 0.116330 0.945000 0.125473
1 0.523500 0.210277 0.863000 0.062421
1 0.482500 0.303594 0.945000 0.124212
1 0.848500 0.397226 0.213000 0.063052
1 0.051000 0.210277 0.082000 0.062421
1 0.857500 0.522699 0.195000 0.063052
1 0.376000 0.397226 0.732000 0.063052
1 0.482500 0.459962 0.945000 0.062421
1 0.385000 0.522699 0.750000 0.063052
1 0.753500 0.585120 0.403000 0.061791
1 0.693500 0.647541 0.523000 0.063052
1 0.281000 0.585120 0.542000 0.061791
1 0.482500 0.741803 0.945000 0.125473
1 0.585000 0.835750 0.740000 0.062421
1 0.221000 0.647541 0.422000 0.063052
1 0.112500 0.835750 0.205000 0.062421
1 0.549000 0.897856 0.812000 0.061791
1 0.482500 0.960277 0.945000 0.063052
1 0.076500 0.897856 0.133000 0.061791
0 0.061500 0.960593 0.055000 0.040984
0 0.172500 0.896910 0.055000 0.039723
0 0.771000 0.401324 0.054000 0.039723
0 0.244000 0.838272 0.056000 0.039723
0 0.119500 0.212799 0.057000 0.039723
0 0.583000 0.582913 0.058000 0.042245
0 0.791500 0.523644 0.055000 0.040984
0 0.460000 0.648172 0.054000 0.040353