1 0.481500 0.087957 0.945000 0.062421
1 0.830500 0.213115 0.247000 0.061791
1 0.481500 0.150694 0.945000 0.063052
1 0.358000 0.213115 0.698000 0.061791
1 0.481500 0.275221 0.945000 0.062421
1 0.481500 0.337957 0.945000 0.063052
1 0.481500 0.431904 0.945000 0.124842
1 0.874000 0.525851 0.160000 0.063052
1 0.571000 0.588588 0.766000 0.062421
1 0.401500 0.525851 0.785000 0.063052
1 0.481500 0.651324 0.945000 0.063052
1 0.857500 0.714061 0.193000 0.062421
1 0.098500 0.588588 0.179000 0.062421
1 0.385000 0.714061 0.752000 0.062421
1 0.690000 0.776482 0.528000 0.062421
1 0.671500 0.901955 0.565000 0.062421
1 0.481500 0.839218 0.945000 0.063052
1 0.217500 0.776482 0.417000 0.062421
1 0.481500 0.964376 0.945000 0.062421
1 0.199000 0.901955 0.380000 0.062421
0 0.060000 0.967844 0.052000 0.037831
0 0.456000 0.780895 0.054000 0.038462
0 0.416500 0.904161 0.055000 0.037831
0 0.216500 0.593947 0.053000 0.036570
0 0.736000 0.215322 0.054000 0.038462
0 0.061000 0.094262 0.054000 0.037201
0 0.064500 0.280265 0.053000 0.035939
0 0.820500 0.531841 0.053000 0.038462
0 0.787000 0.719105 0.052000 0.038462
0 0.064500 0.344893 0.053000 0.036570