1 0.538000 0.095523 0.834000 0.061160
1 0.065000 0.095523 0.112000 0.061160
1 0.657500 0.156999 0.595000 0.061791
1 0.667000 0.218789 0.576000 0.061791
1 0.184500 0.156999 0.351000 0.061791
1 0.704500 0.280580 0.501000 0.061791
1 0.194000 0.218789 0.370000 0.061791
1 0.231500 0.280580 0.445000 0.061791
1 0.756500 0.342055 0.397000 0.061160
1 0.283500 0.342055 0.549000 0.061160
1 0.919000 0.403531 0.072000 0.061791
1 0.551000 0.403531 0.664000 0.061791
1 0.114000 0.403531 0.210000 0.061791
1 0.714500 0.465006 0.481000 0.061160
1 0.241500 0.465006 0.465000 0.061160
1 0.825000 0.526482 0.260000 0.061791
1 0.403500 0.526482 0.583000 0.061791
1 0.742500 0.588272 0.425000 0.061791
1 0.060500 0.526482 0.103000 0.061791
1 0.826000 0.649748 0.258000 0.061160
1 0.269500 0.588272 0.521000 0.061791
1 0.424500 0.649748 0.545000 0.061160
1 0.482000 0.711223 0.946000 0.061791
1 0.706000 0.773014 0.498000 0.061791
1 0.080500 0.649748 0.143000 0.061160
1 0.233000 0.773014 0.448000 0.061791
1 0.641000 0.834489 0.628000 0.061160
1 0.168000 0.834489 0.318000 0.061160
1 0.798500 0.895965 0.313000 0.061791
1 0.325500 0.895965 0.633000 0.061791
1 0.731500 0.957755 0.447000 0.061791
1 0.258500 0.957755 0.499000 0.061791
0 0.140000 0.532787 0.054000 0.036570
0 0.247500 0.409836 0.051000 0.037831
0 0.583500 0.347100 0.049000 0.034678
0 0.178500 0.653531 0.053000 0.038462
0 0.481500 0.286570 0.051000 0.037201
0 0.721500 0.533417 0.051000 0.036570
0 0.501000 0.470050 0.050000 0.035939
0 0.724500 0.653846 0.053000 0.037831
0 0.355000 0.840164 0.054000 0.037201
0 0.484000 0.777427 0.052000 0.036570
0 0.052000 0.961854 0.052000 0.037201
0 0.053500 0.899748 0.051000 0.037831
0 0.388000 0.162043 0.054000 0.037831
0 0.555000 0.593001 0.052000 0.037201
0 0.671500 0.900063 0.053000 0.037201
0 0.147500 0.101198 0.053000 0.038462
0 0.911000 0.408260 0.052000 0.035939
0 0.534000 0.960593 0.052000 0.037201
0 0.404000 0.224464 0.050000 0.036570