1 0.521500 0.147226 0.941000 0.054855
1 0.926000 0.205864 0.132000 0.062421
1 0.614500 0.205864 0.491000 0.062421
1 0.210000 0.205864 0.318000 0.062421
1 0.561000 0.268285 0.862000 0.062421
1 0.640000 0.394073 0.704000 0.063052
1 0.521500 0.331021 0.941000 0.063052
1 0.090500 0.268285 0.079000 0.062421
1 0.169500 0.394073 0.237000 0.063052
1 0.666000 0.456494 0.652000 0.061791
1 0.562000 0.518600 0.860000 0.062421
1 0.195500 0.456494 0.289000 0.061791
1 0.704500 0.831337 0.575000 0.062421
1 0.521500 0.674968 0.941000 0.250315
1 0.091500 0.518600 0.081000 0.062421
1 0.234000 0.831337 0.366000 0.062421
1 0.560500 0.894073 0.863000 0.063052
1 0.090000 0.894073 0.078000 0.063052
1 0.521500 0.957125 0.941000 0.063052
0 0.368500 0.458071 0.053000 0.035939
0 0.315000 0.396280 0.050000 0.035939
0 0.442500 0.833228 0.051000 0.035939
0 0.393500 0.211223 0.051000 0.036570
0 0.887500 0.211538 0.053000 0.037201
0 0.154000 0.899433 0.052000 0.037201
0 0.158500 0.521753 0.053000 0.037201
0 0.080500 0.959962 0.055000 0.037201
0 0.156000 0.273014 0.052000 0.037831