1 0.520000 0.087642 0.942000 0.061791
1 0.953500 0.149748 0.075000 0.062421
1 0.482500 0.149748 0.867000 0.062421
1 0.639000 0.274590 0.704000 0.061160
1 0.520000 0.212484 0.942000 0.063052
1 0.168000 0.274590 0.238000 0.061160
1 0.663000 0.523329 0.656000 0.061791
1 0.520000 0.398802 0.942000 0.187264
1 0.610000 0.648172 0.762000 0.063052
1 0.192000 0.523329 0.286000 0.061791
1 0.520000 0.585435 0.942000 0.062421
1 0.139000 0.648172 0.180000 0.063052
1 0.784000 0.710593 0.414000 0.061791
1 0.359000 0.710593 0.436000 0.061791
1 0.095000 0.710593 0.092000 0.061791
1 0.892500 0.835120 0.197000 0.062421
1 0.520000 0.772699 0.942000 0.062421
1 0.520000 0.928436 0.942000 0.124212
1 0.421500 0.835120 0.745000 0.062421
0 0.088000 0.962169 0.052000 0.037831
0 0.170000 0.715952 0.052000 0.038462
0 0.602500 0.716267 0.053000 0.036570
0 0.822500 0.839849 0.051000 0.037831
0 0.256000 0.650063 0.054000 0.037831
0 0.943000 0.154161 0.052000 0.037201
0 0.312500 0.278058 0.051000 0.037831
0 0.386500 0.525536 0.053000 0.038462