1 0.917000 0.155422 0.076000 0.061160
1 0.482000 0.094262 0.946000 0.061160
1 0.609000 0.155422 0.540000 0.061160
1 0.865000 0.216267 0.180000 0.060530
1 0.174000 0.155422 0.330000 0.061160
1 0.487000 0.216267 0.576000 0.060530
1 0.704500 0.276482 0.501000 0.059899
1 0.104000 0.216267 0.190000 0.060530
1 0.817000 0.337327 0.276000 0.061791
1 0.231500 0.276482 0.445000 0.059899
1 0.344000 0.337327 0.670000 0.061791
1 0.482000 0.398172 0.946000 0.059899
1 0.919000 0.458071 0.072000 0.059899
1 0.446000 0.458071 0.874000 0.059899
1 0.482000 0.583228 0.946000 0.055485
1 0.853000 0.641236 0.204000 0.060530
1 0.595500 0.641236 0.311000 0.060530
1 0.295000 0.641236 0.290000 0.060530
1 0.844500 0.702081 0.221000 0.061160
1 0.079500 0.641236 0.141000 0.060530
1 0.565500 0.702081 0.337000 0.061160
1 0.230500 0.702081 0.333000 0.061160
1 0.778000 0.762926 0.354000 0.060530
1 0.036500 0.702081 0.055000 0.061160
1 0.468500 0.762926 0.265000 0.060530
1 0.172500 0.762926 0.327000 0.060530
1 0.874500 0.823770 0.161000 0.061160
1 0.597500 0.823770 0.393000 0.061160
1 0.205000 0.823770 0.392000 0.061160
1 0.914500 0.884615 0.081000 0.060530
1 0.619000 0.884615 0.510000 0.060530
1 0.186500 0.884615 0.355000 0.060530
1 0.823500 0.945145 0.263000 0.060530
1 0.350500 0.945145 0.683000 0.060530
0 0.903000 0.886192 0.056000 0.039723
0 0.778500 0.642497 0.055000 0.037831
0 0.178500 0.642812 0.055000 0.038462
0 0.050500 0.341425 0.055000 0.038462
0 0.224500 0.221311 0.055000 0.037831
0 0.053000 0.946091 0.056000 0.038462
0 0.630000 0.766078 0.056000 0.039092
0 0.366000 0.767970 0.058000 0.039092
0 0.760500 0.710277 0.055000 0.038462
0 0.468500 0.643758 0.055000 0.039092
0 0.823000 0.827238 0.054000 0.039092
0 0.801500 0.220996 0.055000 0.038462
0 0.365500 0.159836 0.055000 0.039723
0 0.057500 0.461854 0.055000 0.038462
0 0.422500 0.708071 0.051000 0.035309
0 0.091500 0.706179 0.053000 0.039092
0 0.907500 0.160467 0.055000 0.039723
0 0.426000 0.827238 0.050000 0.036570
0 0.719500 0.947352 0.055000 0.038462
0 0.482000 0.279004 0.058000 0.039723
0 0.391000 0.887768 0.056000 0.039092
0 0.911500 0.462484 0.059000 0.038462
0 0.709000 0.341740 0.054000 0.039092