1 0.921000 0.339533 0.066000 0.062421
1 0.482000 0.184741 0.944000 0.247163
1 0.677500 0.525536 0.553000 0.061160
1 0.449000 0.339533 0.878000 0.062421
1 0.482000 0.432850 0.944000 0.124212
1 0.205500 0.525536 0.391000 0.061160
1 0.612000 0.649748 0.684000 0.062421
1 0.482000 0.587327 0.944000 0.062421
1 0.140000 0.649748 0.260000 0.062421
1 0.482000 0.835435 0.944000 0.308953
0 0.299000 0.651009 0.056000 0.039723
0 0.053000 0.961854 0.056000 0.039723
0 0.431000 0.529004 0.056000 0.040353
0 0.916000 0.343001 0.058000 0.040353