1 0.564500 0.212169 0.853000 0.062421
1 0.520000 0.119168 0.942000 0.123581
1 0.093500 0.212169 0.089000 0.062421
1 0.759500 0.335435 0.463000 0.061791
1 0.520000 0.273960 0.942000 0.061160
1 0.847500 0.397541 0.287000 0.062421
1 0.288500 0.335435 0.479000 0.061791
1 0.376500 0.397541 0.655000 0.062421
1 0.797000 0.459647 0.388000 0.061791
1 0.367500 0.459647 0.471000 0.061791
1 0.520000 0.521438 0.942000 0.061791
1 0.090500 0.459647 0.083000 0.061791
1 0.828000 0.707755 0.326000 0.062421
1 0.520000 0.614439 0.942000 0.124212
1 0.357000 0.707755 0.616000 0.062421
1 0.774500 0.769546 0.433000 0.061160
1 0.520000 0.893127 0.942000 0.186003
1 0.303500 0.769546 0.509000 0.061160
0 0.165000 0.217528 0.056000 0.039092
0 0.693500 0.712484 0.057000 0.039092
0 0.094000 0.954603 0.058000 0.039092
0 0.096000 0.528058 0.056000 0.039723
0 0.160000 0.463115 0.056000 0.039723
0 0.555000 0.339849 0.054000 0.040353
0 0.586000 0.773644 0.054000 0.040353
0 0.731500 0.401009 0.053000 0.039092
0 0.630500 0.463430 0.057000 0.039092