1 0.612500 0.213430 0.757000 0.061160
1 0.520000 0.153216 0.942000 0.059269
1 0.141500 0.213430 0.185000 0.061160
1 0.520000 0.274275 0.942000 0.060530
1 0.950500 0.335120 0.081000 0.061160
1 0.675000 0.395965 0.632000 0.060530
1 0.479500 0.335120 0.861000 0.061160
1 0.676000 0.456810 0.630000 0.061160
1 0.204000 0.395965 0.310000 0.060530
1 0.205000 0.456810 0.312000 0.061160
1 0.520000 0.517970 0.942000 0.061160
1 0.893000 0.578815 0.196000 0.060530
1 0.422000 0.578815 0.746000 0.060530
1 0.951500 0.639344 0.079000 0.060530
1 0.565000 0.639344 0.694000 0.060530
1 0.133500 0.639344 0.169000 0.060530
1 0.520000 0.700189 0.942000 0.061160
1 0.824500 0.822194 0.333000 0.060530
1 0.520000 0.761349 0.942000 0.061160
1 0.353500 0.822194 0.609000 0.060530
1 0.893500 0.882724 0.195000 0.060530
1 0.450500 0.882724 0.691000 0.060530
1 0.520000 0.943569 0.942000 0.061160
1 0.077000 0.882724 0.056000 0.060530
0 0.936000 0.333228 0.056000 0.038462
0 0.939000 0.640605 0.054000 0.039092
0 0.243000 0.640605 0.052000 0.037831
0 0.092000 0.942938 0.054000 0.038462
0 0.384000 0.393127 0.056000 0.038462
0 0.388000 0.454288 0.052000 0.039723
0 0.820500 0.884615 0.053000 0.039092
0 0.095500 0.698613 0.055000 0.039092
0 0.260500 0.212799 0.053000 0.038462
0 0.131000 0.883039 0.050000 0.035939
0 0.685500 0.820933 0.053000 0.039092
0 0.822500 0.578499 0.053000 0.038462