1 0.520500 0.150063 0.943000 0.186633
1 0.668500 0.274275 0.647000 0.061791
1 0.843000 0.460593 0.298000 0.062421
1 0.520500 0.367276 0.943000 0.124212
1 0.197000 0.274275 0.296000 0.061791
1 0.955000 0.585435 0.074000 0.062421
1 0.520500 0.523014 0.943000 0.062421
1 0.371500 0.460593 0.645000 0.062421
1 0.574000 0.647541 0.836000 0.061791
1 0.483500 0.585435 0.869000 0.062421
1 0.571000 0.771753 0.842000 0.063052
1 0.520500 0.709332 0.943000 0.061791
1 0.102500 0.647541 0.107000 0.061791
1 0.520500 0.896280 0.943000 0.186003
1 0.099500 0.771753 0.101000 0.063052
0 0.947000 0.588588 0.056000 0.039723
0 0.372000 0.277743 0.054000 0.039723
0 0.720500 0.463745 0.053000 0.040984
0 0.188000 0.652900 0.056000 0.039723
0 0.178500 0.775851 0.055000 0.038462
0 0.101500 0.959962 0.057000 0.039723