1 0.480500 0.151955 0.947000 0.186633
1 0.914000 0.276482 0.080000 0.062421
1 0.480500 0.431904 0.947000 0.248424
1 0.440500 0.276482 0.867000 0.062421
1 0.480500 0.649433 0.947000 0.186633
1 0.917000 0.773644 0.074000 0.061791
1 0.443500 0.773644 0.873000 0.061791
1 0.831000 0.897856 0.246000 0.061791
1 0.480500 0.835750 0.947000 0.062421
1 0.480500 0.960277 0.947000 0.063052
1 0.357500 0.897856 0.701000 0.061791
0 0.059500 0.960277 0.057000 0.041614
0 0.737500 0.897541 0.053000 0.040984
0 0.903000 0.278689 0.054000 0.040353
0 0.053500 0.526166 0.057000 0.039723
0 0.909500 0.773644 0.055000 0.040353