1 0.482000 0.089849 0.946000 0.061160
1 0.790000 0.151324 0.330000 0.061791
1 0.454000 0.151324 0.342000 0.061791
1 0.146000 0.151324 0.274000 0.061791
1 0.799000 0.212799 0.312000 0.061160
1 0.516000 0.212799 0.254000 0.061160
1 0.253000 0.212799 0.272000 0.061160
1 0.802000 0.273960 0.306000 0.061160
1 0.063000 0.212799 0.108000 0.061160
1 0.526500 0.273960 0.245000 0.061160
1 0.921000 0.335120 0.068000 0.061160
1 0.206500 0.273960 0.395000 0.061160
1 0.696000 0.335120 0.382000 0.061160
1 0.293000 0.335120 0.424000 0.061160
1 0.850500 0.396280 0.209000 0.061160
1 0.045000 0.335120 0.072000 0.061160
1 0.474000 0.396280 0.544000 0.061160
1 0.792500 0.457440 0.325000 0.061160
1 0.105500 0.396280 0.193000 0.061160
1 0.464500 0.457440 0.331000 0.061160
1 0.154000 0.457440 0.290000 0.061160
1 0.849000 0.518600 0.212000 0.061160
1 0.475500 0.518600 0.535000 0.061160
1 0.108500 0.518600 0.199000 0.061160
1 0.797500 0.579760 0.315000 0.061160
1 0.385500 0.579760 0.509000 0.061160
1 0.070000 0.579760 0.122000 0.061160
1 0.592000 0.640921 0.726000 0.061160
1 0.742500 0.702081 0.425000 0.061160
1 0.119000 0.640921 0.220000 0.061160
1 0.269500 0.702081 0.521000 0.061160
1 0.921500 0.763556 0.067000 0.061791
1 0.679500 0.763556 0.417000 0.061791
1 0.240000 0.763556 0.462000 0.061791
1 0.920500 0.825032 0.069000 0.061160
1 0.694000 0.825032 0.384000 0.061160
1 0.920500 0.886192 0.069000 0.061160
1 0.255500 0.825032 0.493000 0.061160
1 0.611500 0.886192 0.549000 0.061160
1 0.173000 0.886192 0.328000 0.061160
1 0.772000 0.947352 0.366000 0.061160
1 0.299000 0.947352 0.580000 0.061160
0 0.651000 0.153216 0.052000 0.037831
0 0.416000 0.219105 0.054000 0.037201
0 0.496500 0.766709 0.049000 0.037831
0 0.670500 0.218789 0.053000 0.036570
0 0.675000 0.282156 0.054000 0.035939
0 0.308500 0.153216 0.053000 0.037831
0 0.362500 0.887137 0.055000 0.037831
0 0.557000 0.705864 0.054000 0.037201
0 0.056500 0.093632 0.053000 0.035939
0 0.108000 0.339533 0.050000 0.037201
0 0.772500 0.401009 0.051000 0.036570
0 0.532500 0.341110 0.051000 0.037831
0 0.913500 0.764817 0.051000 0.037831
0 0.254500 0.643758 0.053000 0.036570
0 0.913000 0.887453 0.054000 0.037201
0 0.142500 0.218159 0.053000 0.036570
0 0.914000 0.339849 0.048000 0.036570
0 0.617000 0.952711 0.054000 0.037831
0 0.528500 0.827238 0.051000 0.036570
0 0.656000 0.465006 0.048000 0.037201
0 0.057000 0.952396 0.052000 0.037201
0 0.453000 0.281211 0.054000 0.035309
0 0.326000 0.462799 0.052000 0.037831
0 0.157500 0.582598 0.051000 0.036570
0 0.667000 0.581337 0.052000 0.036570
0 0.913000 0.827869 0.054000 0.037831
0 0.768500 0.523960 0.051000 0.036570
0 0.233500 0.523644 0.051000 0.037201
0 0.228000 0.400063 0.050000 0.037201