1 0.481500 0.126419 0.945000 0.122951
1 0.658500 0.218789 0.591000 0.061791
1 0.481500 0.280265 0.945000 0.061160
1 0.186000 0.218789 0.354000 0.061791
1 0.481500 0.405738 0.945000 0.056116
1 0.881500 0.464691 0.145000 0.061791
1 0.630000 0.464691 0.358000 0.061791
1 0.230000 0.464691 0.442000 0.061791
1 0.735500 0.526482 0.437000 0.061791
1 0.263000 0.526482 0.508000 0.061791
1 0.779000 0.588272 0.350000 0.061791
1 0.306500 0.588272 0.595000 0.061791
1 0.686000 0.649748 0.536000 0.061160
1 0.824000 0.710908 0.260000 0.061160
1 0.213500 0.649748 0.409000 0.061160
1 0.920000 0.772383 0.068000 0.061791
1 0.351500 0.710908 0.685000 0.061160
1 0.917500 0.833859 0.073000 0.061160
1 0.447500 0.772383 0.877000 0.061791
1 0.724000 0.895649 0.460000 0.062421
1 0.445000 0.833859 0.872000 0.061160
1 0.481500 0.957440 0.945000 0.061160
1 0.251500 0.895649 0.485000 0.062421
0 0.910000 0.842055 0.054000 0.038462
0 0.053500 0.960593 0.055000 0.039723
0 0.526000 0.902585 0.054000 0.039723
0 0.446000 0.652585 0.056000 0.040353
0 0.722500 0.713430 0.057000 0.039723
0 0.058500 0.283102 0.057000 0.040353
0 0.913500 0.779004 0.053000 0.039723
0 0.837500 0.468474 0.055000 0.039092
0 0.636000 0.591740 0.056000 0.038462
0 0.481000 0.471627 0.054000 0.039092
0 0.392500 0.224149 0.057000 0.038462
0 0.545000 0.531841 0.056000 0.038462