1 0.791000 0.154477 0.328000 0.061791
1 0.482000 0.092686 0.946000 0.061791
1 0.588000 0.216267 0.734000 0.061791
1 0.318000 0.154477 0.618000 0.061791
1 0.757500 0.339533 0.395000 0.061160
1 0.482000 0.278058 0.946000 0.061791
1 0.115000 0.216267 0.212000 0.061791
1 0.590000 0.401009 0.730000 0.061791
1 0.284500 0.339533 0.551000 0.061160
1 0.914500 0.524275 0.081000 0.061160
1 0.482000 0.462799 0.946000 0.061791
1 0.117000 0.401009 0.216000 0.061791
1 0.917500 0.647856 0.075000 0.061160
1 0.482000 0.586066 0.946000 0.062421
1 0.441500 0.524275 0.865000 0.061160
1 0.444500 0.647856 0.871000 0.061160
1 0.918000 0.771438 0.074000 0.061160
1 0.482000 0.709647 0.946000 0.062421
1 0.445000 0.771438 0.872000 0.061160
1 0.850000 0.892497 0.210000 0.056116
1 0.482000 0.833228 0.946000 0.062421
1 0.377000 0.892497 0.736000 0.056116
0 0.771000 0.893758 0.050000 0.035939
0 0.253000 0.405107 0.050000 0.035939
0 0.585500 0.345208 0.049000 0.035939
0 0.059500 0.892182 0.051000 0.036570
0 0.906000 0.649748 0.050000 0.037201
0 0.652500 0.159521 0.051000 0.037831
0 0.059500 0.775221 0.053000 0.037201
0 0.900500 0.529004 0.049000 0.036570
0 0.247000 0.224464 0.050000 0.036570
0 0.907500 0.773644 0.053000 0.035309