1 0.520000 0.091110 0.942000 0.061160
1 0.685000 0.152585 0.612000 0.061791
1 0.214000 0.152585 0.330000 0.061791
1 0.697500 0.337327 0.587000 0.063052
1 0.520000 0.244641 0.942000 0.122320
1 0.226500 0.337327 0.355000 0.063052
1 0.745000 0.399748 0.492000 0.061791
1 0.274000 0.399748 0.450000 0.061791
1 0.520000 0.460908 0.942000 0.060530
1 0.675000 0.584805 0.632000 0.061160
1 0.520000 0.522699 0.942000 0.063052
1 0.204000 0.584805 0.310000 0.061160
1 0.520000 0.646280 0.942000 0.061791
1 0.762000 0.707755 0.458000 0.061160
1 0.762000 0.769546 0.458000 0.062421
1 0.291000 0.707755 0.484000 0.061160
1 0.291000 0.769546 0.484000 0.062421
1 0.827000 0.831337 0.328000 0.061160
1 0.356000 0.831337 0.614000 0.061160
1 0.620500 0.892812 0.741000 0.061791
1 0.520000 0.954603 0.942000 0.061791
1 0.149500 0.892812 0.201000 0.061791
0 0.101500 0.957440 0.055000 0.037201
0 0.099000 0.467213 0.052000 0.035309
0 0.690500 0.837642 0.053000 0.037201
0 0.562000 0.716267 0.052000 0.036570
0 0.528500 0.406053 0.049000 0.036570
0 0.277500 0.896910 0.053000 0.038462
0 0.459000 0.343001 0.052000 0.036570
0 0.561500 0.774905 0.053000 0.037831
0 0.390500 0.593632 0.053000 0.035939
0 0.407000 0.162043 0.052000 0.037831