1 0.720000 0.154477 0.470000 0.060530
1 0.482000 0.093001 0.946000 0.062421
1 0.247000 0.154477 0.476000 0.060530
1 0.820500 0.215952 0.269000 0.062421
1 0.919000 0.277743 0.072000 0.061160
1 0.347500 0.215952 0.677000 0.062421
1 0.783000 0.339218 0.344000 0.061791
1 0.446000 0.277743 0.874000 0.061160
1 0.762000 0.401324 0.386000 0.062421
1 0.310000 0.339218 0.602000 0.061791
1 0.780500 0.463115 0.349000 0.061160
1 0.289000 0.401324 0.560000 0.062421
1 0.482000 0.524590 0.946000 0.061791
1 0.307500 0.463115 0.597000 0.061160
1 0.546000 0.586381 0.818000 0.061791
1 0.759000 0.709647 0.392000 0.062421
1 0.073000 0.586381 0.128000 0.061791
1 0.482000 0.647856 0.946000 0.061160
1 0.664500 0.832913 0.581000 0.061791
1 0.482000 0.771438 0.946000 0.061160
1 0.286000 0.709647 0.554000 0.062421
1 0.191500 0.832913 0.365000 0.061791
1 0.482000 0.925284 0.946000 0.122951
0 0.402500 0.835750 0.053000 0.039723
0 0.714500 0.220996 0.053000 0.039723
0 0.062000 0.527427 0.056000 0.039723
0 0.060500 0.954288 0.055000 0.039723
0 0.637000 0.343632 0.056000 0.039092
0 0.592000 0.715322 0.052000 0.039723
0 0.513500 0.157314 0.053000 0.039723
0 0.596500 0.403531 0.055000 0.040353
0 0.633500 0.469105 0.057000 0.040353
0 0.911000 0.282472 0.056000 0.039092
0 0.164500 0.588903 0.055000 0.039092