1 0.728000 0.095839 0.526000 0.061791
1 0.257000 0.095839 0.416000 0.061791
1 0.809000 0.157629 0.364000 0.061791
1 0.411500 0.157629 0.431000 0.061791
1 0.858000 0.218789 0.266000 0.060530
1 0.122500 0.157629 0.147000 0.061791
1 0.547000 0.218789 0.356000 0.060530
1 0.877500 0.279950 0.227000 0.061791
1 0.209000 0.218789 0.320000 0.060530
1 0.597000 0.279950 0.334000 0.061791
1 0.879500 0.341425 0.223000 0.061160
1 0.239500 0.279950 0.381000 0.061791
1 0.408500 0.341425 0.719000 0.061160
1 0.579000 0.402900 0.824000 0.061791
1 0.665500 0.464376 0.651000 0.061160
1 0.108000 0.402900 0.118000 0.061791
1 0.953000 0.525536 0.076000 0.061160
1 0.194500 0.464376 0.291000 0.061160
1 0.623000 0.525536 0.584000 0.061160
1 0.737000 0.587011 0.508000 0.061791
1 0.190000 0.525536 0.282000 0.061160
1 0.334000 0.587011 0.298000 0.061791
1 0.867500 0.648487 0.247000 0.061160
1 0.117000 0.587011 0.136000 0.061791
1 0.511000 0.648487 0.466000 0.061160
1 0.734000 0.709647 0.514000 0.061160
1 0.163500 0.648487 0.229000 0.061160
1 0.857500 0.770807 0.267000 0.061160
1 0.263000 0.709647 0.428000 0.061160
1 0.506500 0.770807 0.435000 0.061160
1 0.736000 0.831967 0.510000 0.061160
1 0.169000 0.770807 0.240000 0.061160
1 0.875000 0.893443 0.232000 0.061791
1 0.265000 0.831967 0.432000 0.061160
1 0.505000 0.893443 0.508000 0.061791
1 0.814000 0.954918 0.354000 0.061160
1 0.150000 0.893443 0.202000 0.061791
1 0.343000 0.954918 0.588000 0.061160
0 0.787500 0.891551 0.057000 0.039092
0 0.665000 0.951450 0.054000 0.039092
0 0.368000 0.465637 0.054000 0.039723
0 0.091000 0.346154 0.054000 0.037831
0 0.796500 0.347730 0.055000 0.039723
0 0.509500 0.830076 0.057000 0.040984
0 0.211000 0.587642 0.056000 0.039092
0 0.308000 0.889660 0.052000 0.040353
0 0.304000 0.648172 0.054000 0.040353
0 0.090000 0.949559 0.054000 0.039092
0 0.751000 0.769861 0.054000 0.036570
0 0.224000 0.161728 0.054000 0.039723
0 0.770000 0.649117 0.056000 0.038462
0 0.194000 0.406999 0.054000 0.039723
0 0.085000 0.100252 0.056000 0.039092
0 0.511500 0.588588 0.057000 0.039723
0 0.359500 0.527112 0.057000 0.039092
0 0.316500 0.766393 0.055000 0.039723
0 0.790500 0.286885 0.057000 0.039092
0 0.505500 0.707440 0.057000 0.040353
0 0.944500 0.528689 0.057000 0.039723
0 0.753000 0.224464 0.058000 0.039092
0 0.654000 0.162673 0.054000 0.039092
0 0.458000 0.287201 0.056000 0.038462
0 0.396500 0.221942 0.057000 0.039092
0 0.491500 0.100567 0.057000 0.039723