1 0.578000 0.094893 0.826000 0.061160
1 0.107000 0.094893 0.116000 0.061160
1 0.606500 0.156053 0.769000 0.061160
1 0.135500 0.156053 0.173000 0.061160
1 0.520000 0.217213 0.942000 0.061160
1 0.881500 0.278689 0.219000 0.061791
1 0.629500 0.340164 0.723000 0.061160
1 0.410500 0.278689 0.723000 0.061791
1 0.520000 0.401324 0.942000 0.061160
1 0.738500 0.462799 0.505000 0.061791
1 0.158500 0.340164 0.219000 0.061160
1 0.520000 0.524275 0.942000 0.061160
1 0.267500 0.462799 0.437000 0.061791
1 0.520000 0.616015 0.942000 0.122320
1 0.670500 0.707755 0.641000 0.061160
1 0.647500 0.830076 0.687000 0.061160
1 0.199500 0.707755 0.301000 0.061160
1 0.520000 0.768916 0.942000 0.061160
1 0.520000 0.921816 0.942000 0.122320
1 0.176500 0.830076 0.255000 0.061160
0 0.091000 0.529004 0.052000 0.037831
0 0.330500 0.837327 0.051000 0.037831
0 0.191500 0.102459 0.051000 0.037201
0 0.249000 0.163304 0.052000 0.037831
0 0.094500 0.956810 0.051000 0.035939
0 0.376000 0.715322 0.052000 0.037201
0 0.513000 0.469105 0.052000 0.036570
0 0.294000 0.347415 0.052000 0.036570
0 0.796500 0.287831 0.049000 0.037201