1 0.482000 0.087957 0.946000 0.062421
1 0.482000 0.150063 0.946000 0.061791
1 0.696000 0.273644 0.518000 0.061791
1 0.482000 0.211854 0.946000 0.061791
1 0.765500 0.335435 0.379000 0.061791
1 0.223000 0.273644 0.428000 0.061791
1 0.844500 0.397226 0.221000 0.061791
1 0.292500 0.335435 0.567000 0.061791
1 0.371500 0.397226 0.725000 0.061791
1 0.798500 0.521438 0.313000 0.061791
1 0.482000 0.459332 0.946000 0.062421
1 0.325500 0.521438 0.633000 0.061791
1 0.482000 0.582913 0.946000 0.061160
1 0.482000 0.743695 0.946000 0.112863
1 0.918500 0.831021 0.073000 0.061791
1 0.445500 0.831021 0.873000 0.061791
1 0.482000 0.893127 0.946000 0.062421
1 0.787500 0.954918 0.335000 0.061160
1 0.314500 0.954918 0.611000 0.061160
0 0.056000 0.895334 0.052000 0.036570
0 0.762500 0.402900 0.051000 0.037831
0 0.055000 0.154792 0.052000 0.037201
0 0.055500 0.955549 0.053000 0.037201
0 0.667000 0.526797 0.050000 0.037201
0 0.060000 0.586381 0.052000 0.037831
0 0.601500 0.343317 0.051000 0.035939
0 0.054500 0.096784 0.051000 0.035939
0 0.647000 0.961223 0.052000 0.037201
0 0.464500 0.282156 0.055000 0.037201
0 0.909000 0.839218 0.054000 0.036570