1 0.957500 0.210908 0.067000 0.062421
1 0.520000 0.118222 0.942000 0.122951
1 0.486500 0.210908 0.875000 0.062421
1 0.520000 0.272699 0.942000 0.061160
1 0.634500 0.334174 0.713000 0.061791
1 0.520000 0.395965 0.942000 0.061791
1 0.163500 0.334174 0.229000 0.061791
1 0.520000 0.457440 0.942000 0.061160
1 0.796500 0.518600 0.389000 0.061160
1 0.520000 0.765448 0.942000 0.432535
1 0.325500 0.518600 0.553000 0.061160
0 0.954000 0.216898 0.054000 0.036570
0 0.090500 0.951450 0.053000 0.037831
0 0.083500 0.397856 0.053000 0.037831
0 0.304500 0.337642 0.053000 0.037201
0 0.631000 0.523014 0.054000 0.037201