1 0.549000 0.092055 0.884000 0.061791
1 0.587000 0.153531 0.808000 0.061160
1 0.078000 0.092055 0.058000 0.061791
1 0.116000 0.153531 0.134000 0.061160
1 0.785000 0.215322 0.412000 0.062421
1 0.811000 0.277112 0.360000 0.061160
1 0.314000 0.215322 0.530000 0.062421
1 0.872000 0.338588 0.238000 0.061791
1 0.340000 0.277112 0.582000 0.061160
1 0.760000 0.462484 0.462000 0.061160
1 0.520000 0.400694 0.942000 0.062421
1 0.401000 0.338588 0.704000 0.061791
1 0.571000 0.523960 0.840000 0.061791
1 0.289000 0.462484 0.480000 0.061160
1 0.955500 0.771438 0.071000 0.062421
1 0.520000 0.647541 0.942000 0.185372
1 0.100000 0.523960 0.102000 0.061791
1 0.484500 0.771438 0.871000 0.062421
1 0.520000 0.895334 0.942000 0.185372
0 0.136000 0.093317 0.050000 0.036570
0 0.091500 0.772068 0.053000 0.035939
0 0.782000 0.342055 0.050000 0.037201
0 0.556000 0.466583 0.052000 0.036570
0 0.209000 0.155107 0.052000 0.036570
0 0.089000 0.955864 0.052000 0.035309
0 0.945500 0.773960 0.055000 0.034678
0 0.687500 0.280895 0.051000 0.035939
0 0.604500 0.220996 0.053000 0.035939
0 0.179500 0.525851 0.053000 0.036570