1 0.520000 0.118222 0.942000 0.124212
1 0.681500 0.211538 0.619000 0.062421
1 0.210500 0.211538 0.323000 0.062421
1 0.590000 0.273644 0.802000 0.061791
1 0.119000 0.273644 0.140000 0.061791
1 0.520000 0.366646 0.942000 0.124212
1 0.952500 0.459962 0.077000 0.062421
1 0.520000 0.522383 0.942000 0.062421
1 0.481500 0.459962 0.865000 0.062421
1 0.715500 0.584805 0.551000 0.062421
1 0.244500 0.584805 0.391000 0.062421
1 0.615000 0.646910 0.752000 0.061791
1 0.144000 0.646910 0.190000 0.061791
1 0.889000 0.771438 0.204000 0.062421
1 0.520000 0.709016 0.942000 0.062421
1 0.418000 0.771438 0.738000 0.062421
1 0.520000 0.895965 0.942000 0.186633
0 0.267500 0.651009 0.055000 0.039723
0 0.093000 0.959332 0.056000 0.040984
0 0.400000 0.213430 0.058000 0.039723
0 0.943500 0.462484 0.057000 0.039723
0 0.216500 0.275851 0.055000 0.039723
0 0.470500 0.592686 0.059000 0.040353
0 0.816000 0.776482 0.056000 0.040984