1 0.649500 0.153216 0.685000 0.061791
1 0.520500 0.090794 0.943000 0.063052
1 0.178000 0.153216 0.258000 0.061791
1 0.520500 0.215322 0.943000 0.062421
1 0.520500 0.277427 0.943000 0.061791
1 0.854000 0.339533 0.276000 0.062421
1 0.382500 0.339533 0.667000 0.062421
1 0.633500 0.401955 0.717000 0.062421
1 0.162000 0.401955 0.226000 0.062421
1 0.955000 0.588588 0.074000 0.062421
1 0.520500 0.495271 0.943000 0.124212
1 0.520500 0.650694 0.943000 0.061791
1 0.483500 0.588588 0.869000 0.062421
1 0.854500 0.713115 0.275000 0.063052
1 0.520500 0.775536 0.943000 0.061791
1 0.383000 0.713115 0.668000 0.063052
1 0.520500 0.899748 0.943000 0.186633
0 0.092500 0.780895 0.051000 0.035939
0 0.083500 0.964061 0.051000 0.037831
0 0.083500 0.218474 0.053000 0.037201
0 0.945500 0.593947 0.057000 0.039092
0 0.302000 0.405422 0.054000 0.037831
0 0.745000 0.717844 0.054000 0.038462
0 0.336000 0.157629 0.054000 0.037831
0 0.741500 0.343947 0.053000 0.037201