1 0.847000 0.151639 0.216000 0.062421
1 0.482000 0.089849 0.946000 0.061160
1 0.374000 0.151639 0.730000 0.062421
1 0.621500 0.213745 0.667000 0.061791
1 0.710500 0.337642 0.489000 0.062421
1 0.148500 0.213745 0.279000 0.061791
1 0.482000 0.275536 0.946000 0.061791
1 0.675000 0.523329 0.560000 0.061791
1 0.237500 0.337642 0.457000 0.062421
1 0.482000 0.430643 0.946000 0.123581
1 0.576000 0.585750 0.758000 0.063052
1 0.202000 0.523329 0.386000 0.061791
1 0.103000 0.585750 0.188000 0.063052
1 0.726500 0.709647 0.457000 0.062421
1 0.482000 0.647856 0.946000 0.061160
1 0.517500 0.833544 0.875000 0.061791
1 0.253500 0.709647 0.489000 0.062421
1 0.482000 0.771753 0.946000 0.061791
1 0.482000 0.895965 0.946000 0.063052
1 0.044500 0.833544 0.071000 0.061791
1 0.796500 0.958386 0.317000 0.061791
1 0.323500 0.958386 0.629000 0.061791
0 0.058500 0.960593 0.053000 0.037201
0 0.315000 0.216267 0.052000 0.037831
0 0.105000 0.833859 0.050000 0.035939
0 0.765500 0.155107 0.051000 0.035309
0 0.224000 0.589218 0.050000 0.035939
0 0.664000 0.958386 0.052000 0.036570
0 0.493000 0.339218 0.050000 0.037831
0 0.553500 0.711223 0.053000 0.036570
0 0.424000 0.523329 0.052000 0.037831