1 0.510500 0.090479 0.889000 0.061160
1 0.669000 0.151639 0.572000 0.061160
1 0.037500 0.090479 0.057000 0.061160
1 0.482000 0.212799 0.946000 0.061160
1 0.196000 0.151639 0.374000 0.061160
1 0.482000 0.273960 0.946000 0.061160
1 0.482000 0.335120 0.946000 0.061160
1 0.831000 0.396280 0.248000 0.061160
1 0.358000 0.396280 0.698000 0.061160
1 0.697000 0.518600 0.516000 0.061160
1 0.482000 0.457440 0.946000 0.061160
1 0.224000 0.518600 0.430000 0.061160
1 0.548000 0.579760 0.814000 0.061160
1 0.522500 0.640921 0.865000 0.061160
1 0.075000 0.579760 0.132000 0.061160
1 0.482000 0.702081 0.946000 0.061160
1 0.841500 0.763241 0.227000 0.061160
1 0.049500 0.640921 0.081000 0.061160
1 0.368500 0.763241 0.719000 0.061160
1 0.692000 0.824401 0.526000 0.061160
1 0.219000 0.824401 0.420000 0.061160
1 0.735000 0.885876 0.440000 0.061791
1 0.262000 0.885876 0.506000 0.061791
1 0.848500 0.947352 0.213000 0.061160
1 0.375500 0.947352 0.733000 0.061160
0 0.051000 0.214691 0.054000 0.039723
0 0.092000 0.089218 0.052000 0.038462
0 0.165500 0.583544 0.051000 0.035939
0 0.757000 0.764817 0.056000 0.040353
0 0.115000 0.642182 0.052000 0.038462
0 0.769500 0.948928 0.053000 0.037831
0 0.046500 0.396280 0.055000 0.039723
0 0.059500 0.946406 0.057000 0.040353
0 0.408000 0.155107 0.052000 0.036570
0 0.047000 0.276166 0.054000 0.039092
0 0.455000 0.824716 0.054000 0.039092
0 0.540000 0.886822 0.052000 0.037201
0 0.733500 0.399433 0.051000 0.037201
0 0.467000 0.523960 0.054000 0.039092