1 0.759000 0.096784 0.392000 0.061160
1 0.286000 0.096784 0.554000 0.061160
1 0.785000 0.279634 0.340000 0.061160
1 0.482000 0.223203 0.946000 0.051702
1 0.444000 0.279634 0.342000 0.061160
1 0.922500 0.340794 0.065000 0.061160
1 0.141000 0.279634 0.264000 0.061160
1 0.706000 0.340794 0.368000 0.061160
1 0.331000 0.340794 0.382000 0.061160
1 0.595500 0.401639 0.719000 0.060530
1 0.074500 0.340794 0.131000 0.061160
1 0.817500 0.462484 0.275000 0.061160
1 0.122500 0.401639 0.227000 0.060530
1 0.417000 0.462484 0.526000 0.061160
1 0.785500 0.523960 0.339000 0.061791
1 0.081500 0.462484 0.145000 0.061160
1 0.378000 0.523960 0.476000 0.061791
1 0.840500 0.585120 0.229000 0.060530
1 0.074500 0.523960 0.131000 0.061791
1 0.595000 0.585120 0.262000 0.060530
1 0.236500 0.585120 0.455000 0.060530
1 0.780500 0.645965 0.349000 0.061160
1 0.391500 0.645965 0.429000 0.061160
1 0.849000 0.707125 0.212000 0.061160
1 0.093000 0.645965 0.168000 0.061160
1 0.557000 0.707125 0.372000 0.061160
1 0.190000 0.707125 0.362000 0.061160
1 0.758000 0.768285 0.394000 0.061160
1 0.371000 0.768285 0.380000 0.061160
1 0.682500 0.829445 0.545000 0.061160
1 0.095000 0.768285 0.172000 0.061160
1 0.921500 0.890290 0.067000 0.060530
1 0.209500 0.829445 0.401000 0.061160
1 0.665500 0.890290 0.445000 0.060530
1 0.226000 0.890290 0.434000 0.060530
1 0.482000 0.951135 0.946000 0.061160
0 0.772500 0.707440 0.053000 0.036570
0 0.398000 0.706494 0.054000 0.035939
0 0.049500 0.890921 0.053000 0.036570
0 0.469500 0.891236 0.051000 0.035939
0 0.707000 0.465637 0.052000 0.035939
0 0.633500 0.645334 0.051000 0.035939
0 0.262000 0.405738 0.050000 0.034678
0 0.207500 0.767024 0.051000 0.037201
0 0.165000 0.523960 0.052000 0.036570
0 0.046500 0.949559 0.053000 0.036570
0 0.753000 0.585435 0.054000 0.034678
0 0.437000 0.829445 0.052000 0.037201
0 0.046500 0.584489 0.051000 0.035309
0 0.202500 0.646280 0.051000 0.036570
0 0.049000 0.706494 0.052000 0.035939
0 0.588500 0.767339 0.053000 0.036570
0 0.046500 0.096784 0.051000 0.035939
0 0.548500 0.346784 0.053000 0.036570
0 0.180500 0.464691 0.049000 0.036570
0 0.916000 0.891236 0.052000 0.035939
0 0.589000 0.098991 0.052000 0.036570
0 0.641000 0.286570 0.050000 0.035939
0 0.166000 0.346784 0.052000 0.036570
0 0.916500 0.347415 0.051000 0.036570
0 0.642000 0.524905 0.048000 0.035939
0 0.299500 0.286885 0.049000 0.036570
0 0.492000 0.584489 0.050000 0.035309