1 0.682000 0.154161 0.544000 0.061160
1 0.481500 0.093001 0.945000 0.061160
1 0.481500 0.215637 0.945000 0.061791
1 0.919000 0.276797 0.070000 0.060530
1 0.209500 0.154161 0.401000 0.061160
1 0.726000 0.337642 0.456000 0.061160
1 0.446500 0.276797 0.875000 0.060530
1 0.253500 0.337642 0.489000 0.061160
1 0.481500 0.398802 0.945000 0.061160
1 0.838000 0.459962 0.232000 0.061160
1 0.365500 0.459962 0.713000 0.061160
1 0.481500 0.521438 0.945000 0.061791
1 0.918500 0.582913 0.071000 0.061160
1 0.636000 0.644073 0.636000 0.061160
1 0.446000 0.582913 0.874000 0.061160
1 0.163500 0.644073 0.309000 0.061160
1 0.810000 0.826923 0.288000 0.061160
1 0.481500 0.735498 0.945000 0.121690
1 0.337500 0.826923 0.657000 0.061160
1 0.481500 0.918663 0.945000 0.122320
0 0.693000 0.830076 0.056000 0.038462
0 0.525500 0.341740 0.055000 0.039092
0 0.437000 0.156053 0.058000 0.040984
0 0.344500 0.646595 0.053000 0.037201
0 0.749500 0.464376 0.057000 0.039723
0 0.046500 0.950820 0.055000 0.039092
0 0.910500 0.583859 0.057000 0.040353
0 0.911000 0.280265 0.056000 0.038462