1 0.520000 0.086381 0.942000 0.061791
1 0.695000 0.148487 0.592000 0.062421
1 0.224000 0.148487 0.350000 0.062421
1 0.576000 0.210908 0.830000 0.062421
1 0.105000 0.210908 0.112000 0.062421
1 0.520000 0.273329 0.942000 0.062421
1 0.687500 0.335435 0.607000 0.061791
1 0.216500 0.335435 0.335000 0.061791
1 0.520000 0.397226 0.942000 0.061791
1 0.520000 0.459332 0.942000 0.062421
1 0.688000 0.521753 0.606000 0.062421
1 0.723000 0.584174 0.536000 0.062421
1 0.217000 0.521753 0.336000 0.062421
1 0.252000 0.584174 0.406000 0.062421
1 0.520000 0.646595 0.942000 0.062421
1 0.520000 0.709016 0.942000 0.062421
1 0.834500 0.771122 0.313000 0.061791
1 0.363500 0.771122 0.629000 0.061791
1 0.788000 0.832913 0.406000 0.061791
1 0.317000 0.832913 0.536000 0.061791
1 0.667500 0.895019 0.647000 0.062421
1 0.520000 0.957440 0.942000 0.062421
1 0.196500 0.895019 0.295000 0.062421
0 0.095000 0.397856 0.052000 0.037831
0 0.369500 0.899748 0.051000 0.037831
0 0.187500 0.214061 0.051000 0.038462
0 0.427500 0.152585 0.053000 0.037831
0 0.409500 0.337642 0.051000 0.038462
0 0.612500 0.838588 0.053000 0.036570
0 0.096500 0.650378 0.053000 0.038462
0 0.409000 0.526166 0.050000 0.038462
0 0.100000 0.959647 0.052000 0.037831
0 0.703500 0.775536 0.051000 0.039092
0 0.480500 0.589218 0.051000 0.037201