1 0.520500 0.094937 0.941000 0.062025
1 0.955000 0.156646 0.072000 0.061392
1 0.484500 0.156646 0.869000 0.061392
1 0.886500 0.218354 0.209000 0.062025
1 0.416000 0.218354 0.732000 0.062025
1 0.677500 0.280063 0.627000 0.061392
1 0.956000 0.465190 0.070000 0.060759
1 0.207000 0.280063 0.314000 0.061392
1 0.520500 0.372785 0.941000 0.124051
1 0.680500 0.526582 0.621000 0.062025
1 0.485500 0.465190 0.871000 0.060759
1 0.599000 0.650000 0.784000 0.060759
1 0.520500 0.588608 0.941000 0.062025
1 0.210000 0.526582 0.320000 0.062025
1 0.952500 0.773418 0.077000 0.062025
1 0.520500 0.711392 0.941000 0.062025
1 0.128500 0.650000 0.157000 0.060759
1 0.863000 0.896203 0.256000 0.062025
1 0.520500 0.834810 0.941000 0.060759
1 0.482000 0.773418 0.864000 0.062025
1 0.956500 0.957911 0.069000 0.061392
1 0.392500 0.896203 0.685000 0.062025
1 0.486000 0.957911 0.872000 0.061392
0 0.943500 0.161709 0.051000 0.037342
0 0.396000 0.530696 0.052000 0.036076
0 0.092500 0.961709 0.051000 0.037342
0 0.762000 0.901266 0.050000 0.036709
0 0.944500 0.471519 0.053000 0.036709
0 0.416500 0.288291 0.051000 0.036076
0 0.808000 0.223734 0.052000 0.036076
0 0.232000 0.655063 0.052000 0.036709
0 0.946500 0.963291 0.053000 0.036709
0 0.939000 0.779430 0.052000 0.036076