1 0.798000 0.218159 0.314000 0.060530
1 0.482000 0.158260 0.946000 0.059269
1 0.511500 0.218159 0.259000 0.060530
1 0.195500 0.218159 0.373000 0.060530
1 0.673000 0.279004 0.564000 0.061160
1 0.920000 0.339849 0.070000 0.060530
1 0.200000 0.279004 0.382000 0.061160
1 0.447000 0.339849 0.876000 0.060530
1 0.738000 0.400378 0.434000 0.060530
1 0.265000 0.400378 0.512000 0.060530
1 0.482000 0.524590 0.946000 0.056747
1 0.743000 0.583228 0.424000 0.060530
1 0.352500 0.583228 0.357000 0.060530
1 0.866500 0.644073 0.177000 0.061160
1 0.091500 0.583228 0.165000 0.060530
1 0.635500 0.644073 0.285000 0.061160
1 0.309000 0.644073 0.368000 0.061160
1 0.067000 0.644073 0.116000 0.061160
1 0.821000 0.704918 0.268000 0.060530
1 0.561000 0.704918 0.252000 0.060530
1 0.279000 0.704918 0.312000 0.060530
1 0.066000 0.704918 0.114000 0.060530
1 0.848500 0.765448 0.213000 0.060530
1 0.628000 0.765448 0.228000 0.060530
1 0.317000 0.765448 0.394000 0.060530
1 0.064500 0.765448 0.111000 0.060530
1 0.859000 0.826293 0.192000 0.061160
1 0.585000 0.826293 0.356000 0.061160
1 0.244500 0.826293 0.325000 0.061160
1 0.045500 0.826293 0.073000 0.061160
1 0.714000 0.887137 0.482000 0.060530
1 0.297000 0.887137 0.352000 0.060530
1 0.065000 0.887137 0.112000 0.060530
1 0.882000 0.947667 0.146000 0.060530
1 0.673000 0.947667 0.272000 0.060530
1 0.273000 0.947667 0.528000 0.060530
0 0.770000 0.769546 0.052000 0.034678
0 0.713500 0.711538 0.047000 0.033417
0 0.434000 0.830391 0.052000 0.035309
0 0.539500 0.769861 0.051000 0.035309
0 0.790500 0.828815 0.051000 0.035939
0 0.058500 0.342686 0.051000 0.034678
0 0.146000 0.887137 0.050000 0.036570
0 0.912500 0.342686 0.051000 0.035939
0 0.148500 0.711538 0.049000 0.035939
0 0.145000 0.766393 0.048000 0.032156
0 0.805000 0.650063 0.050000 0.036570
0 0.668500 0.220050 0.053000 0.036570
0 0.059000 0.219735 0.052000 0.035939
0 0.499000 0.889344 0.048000 0.035939
0 0.055000 0.948928 0.050000 0.036570
0 0.406500 0.220366 0.051000 0.034678
0 0.418500 0.280265 0.053000 0.035939
0 0.058500 0.402900 0.051000 0.035309
0 0.548000 0.403216 0.050000 0.035939
0 0.461000 0.711538 0.050000 0.035939
0 0.833500 0.949874 0.049000 0.035939
0 0.519500 0.650378 0.051000 0.035939
0 0.107000 0.825977 0.050000 0.036570
0 0.565500 0.950189 0.051000 0.036570
0 0.557000 0.591425 0.052000 0.036570
0 0.150000 0.651324 0.050000 0.036570
0 0.201000 0.587327 0.050000 0.035939