1 0.637500 0.151324 0.707000 0.061791
1 0.520000 0.089218 0.942000 0.062421
1 0.166500 0.151324 0.235000 0.061791
1 0.668000 0.213115 0.646000 0.061791
1 0.197000 0.213115 0.296000 0.061791
1 0.616000 0.274590 0.750000 0.061160
1 0.145000 0.274590 0.192000 0.061160
1 0.838500 0.397856 0.305000 0.061791
1 0.520000 0.336066 0.942000 0.061791
1 0.367500 0.397856 0.637000 0.061791
1 0.658500 0.459647 0.665000 0.061791
1 0.187500 0.459647 0.277000 0.061791
1 0.668500 0.583228 0.645000 0.061791
1 0.520000 0.521438 0.942000 0.061791
1 0.520000 0.676230 0.942000 0.124212
1 0.197500 0.583228 0.297000 0.061791
1 0.520000 0.800126 0.942000 0.123581
1 0.854500 0.892497 0.273000 0.061160
1 0.520000 0.953657 0.942000 0.061160
1 0.383500 0.892497 0.669000 0.061160
0 0.089500 0.954288 0.051000 0.037201
0 0.743500 0.896280 0.051000 0.034678
0 0.374000 0.215637 0.052000 0.036570
0 0.373000 0.585750 0.054000 0.037831
0 0.712500 0.400694 0.051000 0.037201
0 0.094000 0.712169 0.052000 0.037201
0 0.310500 0.153531 0.051000 0.037201
0 0.267000 0.276797 0.052000 0.037831
0 0.352500 0.461538 0.053000 0.037831