1 0.698500 0.277743 0.513000 0.061160
1 0.482000 0.155422 0.946000 0.183480
1 0.482000 0.338903 0.946000 0.061160
1 0.648000 0.400063 0.614000 0.061160
1 0.225500 0.277743 0.433000 0.061160
1 0.482000 0.461223 0.946000 0.061160
1 0.175000 0.400063 0.332000 0.061160
1 0.885500 0.522383 0.139000 0.061160
1 0.479500 0.522383 0.673000 0.061160
1 0.821500 0.644704 0.267000 0.061160
1 0.482000 0.583544 0.946000 0.061160
1 0.076000 0.522383 0.134000 0.061160
1 0.482000 0.736444 0.946000 0.122320
1 0.691000 0.828184 0.528000 0.061160
1 0.348500 0.644704 0.679000 0.061160
1 0.218000 0.828184 0.418000 0.061160
1 0.482000 0.919924 0.946000 0.122320
0 0.455500 0.832598 0.055000 0.039723
0 0.171000 0.517970 0.056000 0.038462
0 0.051500 0.950820 0.055000 0.039092
0 0.368500 0.400063 0.051000 0.038462
0 0.843000 0.521753 0.056000 0.039723
0 0.472000 0.279319 0.054000 0.039092
0 0.716500 0.647541 0.055000 0.040353