1 0.670000 0.087642 0.568000 0.063052
1 0.623000 0.150378 0.662000 0.062421
1 0.197500 0.087642 0.377000 0.063052
1 0.150500 0.150378 0.283000 0.062421
1 0.584500 0.212799 0.739000 0.062421
1 0.112000 0.212799 0.206000 0.062421
1 0.571000 0.274905 0.766000 0.061791
1 0.777500 0.337327 0.353000 0.063052
1 0.098500 0.274905 0.179000 0.061791
1 0.559000 0.400063 0.790000 0.062421
1 0.305000 0.337327 0.592000 0.063052
1 0.850000 0.462484 0.208000 0.062421
1 0.086500 0.400063 0.155000 0.062421
1 0.486500 0.462484 0.519000 0.062421
1 0.608000 0.524590 0.692000 0.061791
1 0.118000 0.462484 0.218000 0.062421
1 0.545000 0.587011 0.818000 0.063052
1 0.135500 0.524590 0.253000 0.061791
1 0.770500 0.650063 0.367000 0.063052
1 0.072500 0.587011 0.127000 0.063052
1 0.349000 0.650063 0.476000 0.063052
1 0.060000 0.650063 0.102000 0.063052
1 0.742500 0.712484 0.423000 0.061791
1 0.393500 0.712484 0.275000 0.061791
1 0.132500 0.712484 0.247000 0.061791
1 0.866000 0.774590 0.176000 0.062421
1 0.661000 0.774590 0.234000 0.062421
1 0.337000 0.774590 0.414000 0.062421
1 0.069500 0.774590 0.121000 0.062421
1 0.883000 0.837327 0.142000 0.063052
1 0.664500 0.837327 0.295000 0.063052
1 0.367500 0.837327 0.299000 0.063052
1 0.875500 0.900063 0.157000 0.062421
1 0.113500 0.837327 0.209000 0.063052
1 0.664000 0.900063 0.266000 0.062421
1 0.345000 0.900063 0.372000 0.062421
1 0.084000 0.900063 0.150000 0.062421
1 0.737000 0.965637 0.434000 0.068726
1 0.264500 0.965637 0.511000 0.068726
0 0.546500 0.965637 0.053000 0.039723
0 0.773000 0.470050 0.052000 0.037201
0 0.836000 0.842055 0.052000 0.037201
0 0.215500 0.280895 0.053000 0.037201
0 0.559000 0.902270 0.052000 0.037831
0 0.255000 0.468789 0.052000 0.035939
0 0.614500 0.655422 0.053000 0.037201
0 0.245000 0.841110 0.052000 0.037831
0 0.542000 0.841110 0.052000 0.036570
0 0.414500 0.095839 0.051000 0.037831
0 0.321000 0.158260 0.052000 0.037831
0 0.629500 0.343947 0.053000 0.037201
0 0.055000 0.963115 0.054000 0.038462
0 0.571500 0.779950 0.053000 0.037831
0 0.805500 0.780580 0.049000 0.036570
0 0.137000 0.655422 0.054000 0.037201
0 0.242000 0.219735 0.052000 0.037201
0 0.163500 0.593317 0.051000 0.036570
0 0.556500 0.718159 0.051000 0.036570
0 0.187000 0.901639 0.050000 0.037831
0 0.288500 0.532156 0.053000 0.037831
0 0.157000 0.779319 0.052000 0.037831
0 0.191500 0.406368 0.053000 0.037201
0 0.824000 0.903531 0.052000 0.037831
0 0.282000 0.717528 0.052000 0.037831