1 0.694000 0.094494 0.424000 0.058464
1 0.287500 0.094494 0.389000 0.058464
1 0.810500 0.152617 0.191000 0.057784
1 0.540500 0.152617 0.349000 0.057784
1 0.805000 0.211081 0.202000 0.059143
1 0.229500 0.152617 0.273000 0.057784
1 0.507000 0.211081 0.394000 0.059143
1 0.721500 0.269545 0.369000 0.057784
1 0.201500 0.211081 0.217000 0.059143
1 0.391500 0.269545 0.291000 0.057784
1 0.704500 0.327328 0.403000 0.057784
1 0.169500 0.269545 0.153000 0.057784
1 0.298000 0.327328 0.410000 0.057784
1 0.676500 0.385792 0.459000 0.059143
1 0.821000 0.444256 0.170000 0.057784
1 0.270000 0.385792 0.354000 0.059143
1 0.518500 0.444256 0.435000 0.057784
1 0.705500 0.502039 0.401000 0.057784
1 0.197000 0.444256 0.208000 0.057784
1 0.864000 0.560503 0.084000 0.059143
1 0.299000 0.502039 0.412000 0.057784
1 0.542000 0.560503 0.560000 0.059143
1 0.723500 0.618967 0.365000 0.057784
1 0.177500 0.560503 0.169000 0.059143
1 0.317000 0.618967 0.448000 0.057784
1 0.693000 0.676751 0.426000 0.057784
1 0.286500 0.676751 0.387000 0.057784
1 0.632500 0.735214 0.547000 0.059143
1 0.226000 0.735214 0.266000 0.059143
1 0.803000 0.793678 0.206000 0.057784
1 0.396500 0.793678 0.607000 0.057784
1 0.669000 0.851462 0.474000 0.057784
1 0.262500 0.851462 0.339000 0.057784
1 0.788000 0.911625 0.236000 0.062542
1 0.381500 0.911625 0.577000 0.062542
0 0.856000 0.562882 0.062000 0.044867
0 0.703000 0.911285 0.060000 0.045547
0 0.394000 0.735214 0.060000 0.045547
0 0.144500 0.910945 0.059000 0.044867
0 0.344500 0.211081 0.059000 0.045547
0 0.735000 0.794018 0.060000 0.047587
0 0.770000 0.442556 0.060000 0.047587
0 0.570500 0.270904 0.059000 0.045547
0 0.144000 0.793338 0.060000 0.047587
0 0.738500 0.211081 0.059000 0.044188
0 0.144000 0.326649 0.058000 0.044188
0 0.515000 0.676411 0.060000 0.044867
0 0.747500 0.151258 0.059000 0.044188
0 0.542500 0.502719 0.061000 0.045547
0 0.332500 0.442216 0.059000 0.046907
0 0.464500 0.851462 0.059000 0.044188
0 0.296000 0.560503 0.060000 0.045547
0 0.279000 0.270904 0.058000 0.045547
0 0.143500 0.619646 0.057000 0.045547
0 0.481000 0.386132 0.058000 0.044867
0 0.573000 0.619307 0.060000 0.046227
0 0.515500 0.093474 0.061000 0.048266
0 0.401000 0.151258 0.058000 0.044188
0 0.143500 0.676411 0.059000 0.043508
0 0.538000 0.327328 0.058000 0.045547