1 0.339000 0.821970 0.356000 0.054408
1 0.534500 0.235537 0.747000 0.053719
1 0.725000 0.289945 0.366000 0.055096
1 0.399500 0.662879 0.475000 0.055785
1 0.498000 0.556818 0.674000 0.055785
1 0.426000 0.181474 0.530000 0.054408
1 0.712500 0.821970 0.393000 0.054408
1 0.351500 0.289945 0.381000 0.055096
1 0.773500 0.662879 0.271000 0.055785
1 0.535500 0.609848 0.745000 0.050275
1 0.293500 0.344353 0.265000 0.053719
1 0.800500 0.181474 0.217000 0.054408
1 0.667000 0.344353 0.482000 0.053719
1 0.705000 0.449380 0.408000 0.050275
1 0.331000 0.449036 0.340000 0.050964
1 0.535500 0.767906 0.745000 0.053719
1 0.260500 0.716253 0.197000 0.050964
1 0.633500 0.716253 0.549000 0.050964
1 0.534500 0.878099 0.745000 0.057851
1 0.535000 0.501377 0.746000 0.055096
1 0.535000 0.397727 0.746000 0.053030
1 0.872000 0.556474 0.074000 0.056474
0 0.714000 0.186295 0.044000 0.033747
0 0.193000 0.876033 0.044000 0.034435
0 0.523000 0.452479 0.044000 0.034435
0 0.539500 0.822314 0.045000 0.034435
0 0.661000 0.663223 0.046000 0.034435
0 0.380000 0.715909 0.044000 0.033747
0 0.447500 0.345386 0.043000 0.033747
0 0.565000 0.292355 0.044000 0.033747
0 0.879500 0.555785 0.045000 0.034435
1 0.536000 0.125689 0.752000 0.057163