1 0.742500 0.612603 0.333000 0.054408
1 0.285000 0.453512 0.248000 0.051653
1 0.509000 0.769628 0.696000 0.053030
1 0.509000 0.878788 0.694000 0.056474
1 0.535000 0.558540 0.748000 0.053719
1 0.670500 0.185606 0.475000 0.054408
1 0.670500 0.401860 0.475000 0.051653
1 0.535000 0.823347 0.748000 0.054408
1 0.357500 0.294766 0.391000 0.055096
1 0.368500 0.612603 0.415000 0.054408
1 0.730000 0.295110 0.356000 0.055785
1 0.297500 0.185262 0.271000 0.055096
1 0.399000 0.505854 0.474000 0.053030
1 0.775500 0.240014 0.267000 0.054408
1 0.297500 0.401515 0.271000 0.050964
1 0.773000 0.505510 0.272000 0.052342
1 0.658500 0.453168 0.499000 0.052342
1 0.290500 0.666322 0.259000 0.053030
1 0.567000 0.349518 0.682000 0.053030
1 0.463000 0.240014 0.354000 0.054408
1 0.534500 0.717975 0.749000 0.050275
1 0.665000 0.666322 0.488000 0.053030
1 0.623500 0.128444 0.569000 0.059917
1 0.250000 0.128099 0.178000 0.059229
1 0.224000 0.240014 0.126000 0.054408
1 0.883000 0.769628 0.052000 0.053030
1 0.882000 0.879132 0.054000 0.055785
0 0.247000 0.346763 0.044000 0.033747
0 0.879500 0.773416 0.045000 0.034435
0 0.191000 0.504821 0.044000 0.034435
0 0.663500 0.239325 0.045000 0.033747
1 0.193500 0.349174 0.063000 0.053719
0 0.195500 0.771694 0.045000 0.033747
0 0.431500 0.452479 0.045000 0.034435
0 0.197000 0.879477 0.044000 0.034435
0 0.442500 0.666667 0.045000 0.034435
0 0.308500 0.240358 0.045000 0.034435
0 0.456500 0.186295 0.045000 0.033747
0 0.659000 0.505854 0.044000 0.033747
0 0.598000 0.612948 0.044000 0.034435
0 0.360000 0.133609 0.044000 0.033058
0 0.456000 0.399793 0.044000 0.033747
0 0.878000 0.878788 0.046000 0.034435
0 0.594000 0.293388 0.044000 0.034435