1 0.766500 0.154657 0.283000 0.057784
1 0.500500 0.096533 0.815000 0.058464
1 0.359000 0.154657 0.532000 0.057784
1 0.500500 0.271244 0.815000 0.175391
1 0.766500 0.387492 0.283000 0.057104
1 0.359000 0.387492 0.532000 0.057104
1 0.500500 0.445275 0.815000 0.058464
1 0.784500 0.503399 0.247000 0.057784
1 0.377000 0.503399 0.568000 0.057784
1 0.803000 0.618967 0.210000 0.057784
1 0.500500 0.561183 0.815000 0.057784
1 0.395500 0.618967 0.605000 0.057784
1 0.625500 0.677430 0.565000 0.059143
1 0.218000 0.677430 0.250000 0.059143
1 0.803000 0.793678 0.210000 0.057784
1 0.500500 0.735894 0.815000 0.057784
1 0.564000 0.851801 0.688000 0.058464
1 0.395500 0.793678 0.605000 0.057784
1 0.156500 0.851801 0.127000 0.058464
1 0.500500 0.911625 0.815000 0.061183
0 0.656000 0.384772 0.060000 0.046227
0 0.142000 0.912305 0.060000 0.044867
0 0.656500 0.155337 0.059000 0.046907
0 0.696000 0.501700 0.058000 0.043508
0 0.141000 0.154657 0.060000 0.045547
0 0.728500 0.618287 0.061000 0.048266
0 0.729000 0.793678 0.058000 0.046907
0 0.252500 0.852481 0.061000 0.044867
0 0.372000 0.679130 0.058000 0.046227