1 0.389500 0.609848 0.409000 0.055785
1 0.714500 0.610193 0.241000 0.056474
1 0.686500 0.345730 0.297000 0.055096
1 0.359000 0.452135 0.542000 0.055785
1 0.733000 0.452135 0.204000 0.055785
1 0.323500 0.662879 0.473000 0.050275
1 0.338000 0.878099 0.500000 0.057851
1 0.201000 0.769284 0.226000 0.053719
1 0.496500 0.185606 0.571000 0.054408
1 0.596000 0.715565 0.478000 0.055096
1 0.668500 0.292700 0.333000 0.050964
1 0.348500 0.398760 0.523000 0.050964
1 0.549500 0.769284 0.473000 0.053719
1 0.558000 0.823003 0.552000 0.053719
1 0.337500 0.556129 0.499000 0.051653
1 0.222500 0.715565 0.269000 0.055096
1 0.697500 0.663223 0.275000 0.049587
1 0.722500 0.398760 0.225000 0.050964
1 0.581500 0.505165 0.505000 0.050275
1 0.711000 0.556129 0.248000 0.051653
1 0.711500 0.878444 0.247000 0.057163
1 0.313000 0.345730 0.450000 0.055096
1 0.186000 0.822658 0.196000 0.053030
1 0.208500 0.505165 0.241000 0.050275
1 0.516000 0.240014 0.640000 0.054408
1 0.142500 0.240014 0.109000 0.054408
1 0.294500 0.292355 0.413000 0.051653
1 0.149500 0.185606 0.123000 0.054408
1 0.809000 0.185950 0.052000 0.055096
1 0.136500 0.609848 0.097000 0.055785
1 0.811000 0.769628 0.050000 0.053030
0 0.207000 0.614325 0.042000 0.033058
0 0.523000 0.296488 0.042000 0.030992
0 0.234000 0.189738 0.042000 0.032369
0 0.122000 0.453857 0.042000 0.033058
0 0.349500 0.508264 0.041000 0.031680
0 0.633000 0.403237 0.042000 0.032369
0 0.379000 0.720386 0.042000 0.031680
0 0.337000 0.773760 0.042000 0.032369
0 0.120500 0.879821 0.043000 0.032369
0 0.561000 0.349518 0.042000 0.032369
0 0.304000 0.826791 0.042000 0.032369
0 0.807500 0.775482 0.043000 0.031680
0 0.608000 0.561983 0.042000 0.031680
0 0.610500 0.880854 0.043000 0.031680
0 0.653000 0.456267 0.042000 0.032369
0 0.616000 0.615014 0.042000 0.031680
0 0.807000 0.191116 0.044000 0.032369
0 0.218500 0.243113 0.041000 0.031680
0 0.581000 0.668044 0.042000 0.031680
1 0.463000 0.127755 0.752000 0.061295