1 0.535000 0.581956 0.746000 0.209366
1 0.533500 0.369490 0.749000 0.106749
1 0.534000 0.796143 0.746000 0.220386
1 0.627000 0.289256 0.564000 0.053719
1 0.327500 0.180441 0.331000 0.052342
1 0.700500 0.180785 0.415000 0.053030
1 0.535500 0.234848 0.745000 0.055096
1 0.254000 0.289256 0.184000 0.053719
1 0.601000 0.450069 0.612000 0.054408
1 0.228000 0.450069 0.132000 0.054408
0 0.188000 0.665289 0.044000 0.034435
0 0.316500 0.451791 0.043000 0.034435
0 0.539000 0.185262 0.044000 0.034435
0 0.192500 0.879477 0.045000 0.034435
0 0.368000 0.292355 0.044000 0.033747
1 0.536000 0.125000 0.750000 0.058540