1 0.461000 0.366736 0.750000 0.108127
1 0.461000 0.823003 0.748000 0.166667
1 0.676500 0.233471 0.317000 0.053719
1 0.609500 0.552342 0.451000 0.053719
1 0.493500 0.712121 0.683000 0.055096
1 0.381500 0.286501 0.583000 0.053719
1 0.397500 0.658058 0.617000 0.053030
1 0.235500 0.551997 0.295000 0.053030
1 0.432500 0.498967 0.691000 0.053030
1 0.303000 0.233127 0.430000 0.053030
1 0.334000 0.446625 0.494000 0.051653
1 0.708000 0.446625 0.254000 0.051653
1 0.461000 0.605028 0.748000 0.053030
1 0.754500 0.286501 0.161000 0.052342
1 0.807000 0.499311 0.056000 0.052342
1 0.770500 0.658058 0.129000 0.053030
1 0.461500 0.150826 0.747000 0.110193
0 0.172500 0.712810 0.041000 0.031680
1 0.120500 0.711777 0.065000 0.055785
0 0.539000 0.235537 0.042000 0.033058
0 0.112500 0.873278 0.041000 0.031680
0 0.695500 0.288567 0.043000 0.034435
0 0.602500 0.448691 0.043000 0.032369
0 0.404500 0.554063 0.043000 0.032369
0 0.727500 0.661501 0.041000 0.030992
0 0.801500 0.502066 0.045000 0.034435