1 0.461000 0.317837 0.750000 0.109504
1 0.461000 0.532369 0.746000 0.104683
1 0.233500 0.611226 0.291000 0.053030
1 0.607000 0.611570 0.456000 0.053719
1 0.461000 0.452479 0.746000 0.056474
1 0.437000 0.237259 0.698000 0.051653
1 0.461000 0.663567 0.746000 0.050275
1 0.460500 0.797521 0.749000 0.106061
1 0.250500 0.398072 0.325000 0.052342
1 0.623500 0.398072 0.423000 0.052342
1 0.703500 0.716942 0.263000 0.056474
1 0.330000 0.716598 0.484000 0.055785
1 0.461500 0.153926 0.747000 0.115014
1 0.361500 0.878444 0.549000 0.054408
1 0.736000 0.878099 0.198000 0.055096
1 0.810500 0.237603 0.049000 0.052342
0 0.125000 0.884298 0.042000 0.031680
0 0.121000 0.456956 0.042000 0.032369
0 0.658500 0.883953 0.041000 0.032369
0 0.594000 0.724174 0.042000 0.032369
0 0.400000 0.617424 0.042000 0.032369
0 0.456000 0.403581 0.042000 0.031680
0 0.808000 0.244835 0.042000 0.032369