1 0.667500 0.090075 0.475000 0.059143
1 0.261500 0.090075 0.337000 0.059143
1 0.790500 0.148538 0.229000 0.057784
1 0.478500 0.148538 0.395000 0.057784
1 0.187000 0.148538 0.188000 0.057784
1 0.791500 0.207002 0.227000 0.059143
1 0.438000 0.207002 0.480000 0.059143
1 0.145500 0.207002 0.105000 0.059143
1 0.728500 0.265466 0.353000 0.057784
1 0.775500 0.323249 0.259000 0.057784
1 0.322500 0.265466 0.459000 0.057784
1 0.437000 0.323249 0.418000 0.057784
1 0.160500 0.323249 0.135000 0.057784
1 0.632500 0.381373 0.545000 0.058464
1 0.743500 0.439497 0.323000 0.057784
1 0.226500 0.381373 0.267000 0.058464
1 0.383000 0.439497 0.398000 0.057784
1 0.764500 0.497281 0.281000 0.057784
1 0.138500 0.439497 0.091000 0.057784
1 0.452000 0.497281 0.344000 0.057784
1 0.818000 0.555065 0.174000 0.057784
1 0.186500 0.497281 0.187000 0.057784
1 0.473000 0.555065 0.516000 0.057784
1 0.777000 0.613188 0.256000 0.058464
1 0.154000 0.555065 0.122000 0.057784
1 0.371000 0.613188 0.556000 0.058464
1 0.678000 0.670972 0.454000 0.057104
1 0.798000 0.728756 0.214000 0.058464
1 0.272000 0.670972 0.358000 0.057104
1 0.455500 0.728756 0.471000 0.058464
1 0.156500 0.728756 0.127000 0.058464
1 0.499000 0.816111 0.812000 0.116247
0 0.681500 0.612848 0.059000 0.044188
0 0.218000 0.440517 0.060000 0.044867
0 0.312000 0.497621 0.058000 0.044867
0 0.657000 0.497621 0.060000 0.046227
0 0.311500 0.149218 0.059000 0.044188
0 0.679500 0.323589 0.059000 0.044867
0 0.709500 0.205642 0.057000 0.046907
0 0.230000 0.209721 0.058000 0.045547
0 0.761500 0.555065 0.059000 0.046907
0 0.615500 0.439497 0.059000 0.044188
0 0.585000 0.265806 0.058000 0.044867
0 0.708500 0.149558 0.059000 0.044867
0 0.253500 0.728076 0.059000 0.046227
0 0.390500 0.380354 0.061000 0.046907
0 0.722500 0.728076 0.059000 0.044867
0 0.142000 0.843984 0.058000 0.045547
0 0.483000 0.669613 0.060000 0.046227
0 0.142500 0.612169 0.059000 0.044188
0 0.463000 0.093814 0.060000 0.046227
0 0.261000 0.324269 0.060000 0.044867
0 0.246000 0.555065 0.058000 0.046907