1 0.765500 0.152277 0.285000 0.058464
1 0.500500 0.093474 0.815000 0.059143
1 0.682500 0.210401 0.451000 0.057784
1 0.358000 0.152277 0.530000 0.058464
1 0.865500 0.268185 0.085000 0.057784
1 0.275000 0.210401 0.364000 0.057784
1 0.651500 0.268185 0.343000 0.057784
1 0.285500 0.268185 0.385000 0.057784
1 0.752500 0.326988 0.311000 0.059823
1 0.345000 0.326988 0.504000 0.059823
1 0.536000 0.385452 0.744000 0.057104
1 0.128500 0.385452 0.071000 0.057104
1 0.816500 0.502379 0.183000 0.058464
1 0.500500 0.443576 0.815000 0.059143
1 0.409000 0.502379 0.632000 0.058464
1 0.567500 0.560163 0.681000 0.057104
1 0.160000 0.560163 0.134000 0.057104
1 0.790000 0.735554 0.236000 0.058464
1 0.500500 0.647519 0.815000 0.117607
1 0.382500 0.735554 0.579000 0.058464
1 0.500500 0.853501 0.815000 0.177430
0 0.511500 0.269884 0.057000 0.046227
0 0.194500 0.385112 0.061000 0.046907
0 0.143000 0.910945 0.058000 0.046227
0 0.700500 0.734874 0.059000 0.046227
0 0.654500 0.151598 0.059000 0.044867
0 0.142000 0.735214 0.060000 0.045547
0 0.857500 0.269205 0.059000 0.046227
0 0.487500 0.210061 0.059000 0.046227
0 0.260000 0.560843 0.060000 0.044867
0 0.756500 0.501700 0.059000 0.044867
0 0.630000 0.326649 0.060000 0.044188