1 0.585500 0.092794 0.647000 0.059143
1 0.177500 0.092794 0.169000 0.059143
1 0.730500 0.151258 0.357000 0.057784
1 0.367500 0.151258 0.369000 0.057784
1 0.693000 0.209041 0.432000 0.057784
1 0.138000 0.151258 0.090000 0.057784
1 0.812500 0.266825 0.193000 0.057784
1 0.285000 0.209041 0.384000 0.057784
1 0.443500 0.266825 0.545000 0.057784
1 0.716000 0.324949 0.386000 0.058464
1 0.132000 0.266825 0.078000 0.057784
1 0.361500 0.324949 0.323000 0.058464
1 0.744500 0.383073 0.329000 0.057784
1 0.146500 0.324949 0.107000 0.058464
1 0.336500 0.383073 0.487000 0.057784
1 0.545000 0.441196 0.728000 0.058464
1 0.137000 0.441196 0.088000 0.058464
1 0.623500 0.499320 0.571000 0.057784
1 0.215500 0.499320 0.245000 0.057784
1 0.711000 0.557104 0.396000 0.057784
1 0.803000 0.614888 0.212000 0.057784
1 0.303000 0.557104 0.420000 0.057784
1 0.395000 0.614888 0.604000 0.057784
1 0.865500 0.672672 0.087000 0.057784
1 0.653000 0.672672 0.338000 0.057784
1 0.288500 0.672672 0.391000 0.057784
1 0.771000 0.730455 0.276000 0.057784
1 0.404500 0.730455 0.457000 0.057784
1 0.134500 0.730455 0.083000 0.057784
1 0.501000 0.788579 0.816000 0.058464
1 0.866000 0.847383 0.086000 0.059143
1 0.458000 0.847383 0.730000 0.059143
1 0.501000 0.907206 0.816000 0.060503
0 0.203000 0.266485 0.058000 0.046227
0 0.511500 0.208702 0.059000 0.046227
0 0.546500 0.556764 0.059000 0.047587
0 0.143000 0.847383 0.060000 0.045547
0 0.730000 0.615228 0.058000 0.044867
0 0.294000 0.092454 0.060000 0.047587
0 0.214500 0.440857 0.059000 0.045547
0 0.857000 0.847383 0.060000 0.045547
0 0.143000 0.905846 0.060000 0.048266
0 0.856500 0.673351 0.061000 0.044188
0 0.217500 0.150578 0.059000 0.044188
0 0.748500 0.266825 0.059000 0.046907
0 0.555000 0.323589 0.058000 0.044867
0 0.370500 0.498300 0.059000 0.044867
0 0.667000 0.730116 0.058000 0.047587
0 0.142500 0.383413 0.059000 0.048946
0 0.233500 0.323249 0.059000 0.045547
0 0.518000 0.673691 0.058000 0.044867
0 0.612000 0.381713 0.060000 0.046907
0 0.585500 0.150578 0.059000 0.044188
0 0.208000 0.730116 0.060000 0.047587