1 0.622000 0.766185 0.426000 0.048898
1 0.249000 0.765840 0.322000 0.049587
1 0.314000 0.663912 0.454000 0.055096
1 0.501500 0.185606 0.667000 0.054408
1 0.338000 0.556129 0.500000 0.054408
1 0.409500 0.452135 0.645000 0.053030
1 0.320500 0.609848 0.465000 0.053030
1 0.201500 0.716253 0.227000 0.049587
1 0.694000 0.609848 0.282000 0.053030
1 0.349000 0.398416 0.524000 0.054408
1 0.272500 0.503788 0.369000 0.050275
1 0.461500 0.240014 0.747000 0.054408
1 0.370500 0.344697 0.567000 0.053030
1 0.688000 0.663912 0.294000 0.055096
1 0.575000 0.716598 0.520000 0.050275
1 0.647000 0.503444 0.378000 0.049587
1 0.461000 0.292700 0.748000 0.050964
1 0.711500 0.556129 0.247000 0.054408
1 0.723000 0.398416 0.224000 0.054408
1 0.538000 0.818526 0.592000 0.055785
1 0.462500 0.876722 0.747000 0.060606
1 0.165500 0.818526 0.153000 0.055785
1 0.744500 0.344697 0.181000 0.053030
1 0.128000 0.185606 0.080000 0.054408
1 0.784000 0.451791 0.102000 0.052342
0 0.432500 0.772383 0.043000 0.032369
0 0.115500 0.240014 0.043000 0.032369
0 0.610000 0.558884 0.042000 0.032369
0 0.117000 0.878788 0.044000 0.033058
0 0.753000 0.453168 0.042000 0.031680
0 0.190500 0.187672 0.043000 0.032369
0 0.337000 0.719008 0.042000 0.031680
0 0.634000 0.399449 0.042000 0.033058
0 0.263500 0.824725 0.043000 0.032369
0 0.677000 0.346419 0.042000 0.031680
0 0.480000 0.506198 0.042000 0.031680
0 0.575500 0.611570 0.043000 0.033058
0 0.562000 0.664256 0.042000 0.032369
1 0.461000 0.128099 0.748000 0.060606