1 0.665500 0.209721 0.481000 0.059143
1 0.500000 0.121686 0.812000 0.116927
1 0.500000 0.268185 0.812000 0.057784
1 0.259500 0.209721 0.331000 0.059143
1 0.862000 0.326309 0.088000 0.058464
1 0.598500 0.384772 0.615000 0.058464
1 0.456000 0.326309 0.724000 0.058464
1 0.192500 0.384772 0.197000 0.058464
1 0.652000 0.442896 0.508000 0.057784
1 0.500000 0.501360 0.812000 0.059143
1 0.246000 0.442896 0.304000 0.057784
1 0.815000 0.559823 0.182000 0.057784
1 0.500000 0.647179 0.812000 0.116927
1 0.831500 0.734874 0.149000 0.058464
1 0.409000 0.559823 0.630000 0.057784
1 0.678500 0.793338 0.455000 0.058464
1 0.425500 0.734874 0.663000 0.058464
1 0.500000 0.882393 0.812000 0.119646
1 0.272500 0.793338 0.357000 0.058464
0 0.321000 0.384092 0.060000 0.047587
0 0.144000 0.911285 0.058000 0.045547
0 0.788500 0.735554 0.059000 0.044867
0 0.428500 0.443576 0.061000 0.046907
0 0.483000 0.792658 0.060000 0.047587
0 0.755000 0.559143 0.060000 0.045547
0 0.460500 0.209041 0.061000 0.045547
0 0.853000 0.326309 0.060000 0.043508