1 0.498500 0.123385 0.811000 0.116247
1 0.700500 0.211081 0.407000 0.059143
1 0.795000 0.269545 0.218000 0.057784
1 0.295000 0.211081 0.404000 0.059143
1 0.498500 0.327328 0.811000 0.057784
1 0.543500 0.385452 0.721000 0.058464
1 0.389500 0.269545 0.593000 0.057784
1 0.498500 0.443916 0.811000 0.058464
1 0.138000 0.385452 0.090000 0.058464
1 0.794000 0.502039 0.220000 0.057784
1 0.786500 0.560503 0.235000 0.059143
1 0.388500 0.502039 0.591000 0.057784
1 0.734500 0.618627 0.339000 0.057104
1 0.381000 0.560503 0.576000 0.059143
1 0.329000 0.618627 0.472000 0.057104
1 0.604000 0.676411 0.600000 0.058464
1 0.498500 0.764106 0.811000 0.116927
1 0.198500 0.676411 0.211000 0.058464
1 0.774000 0.851462 0.260000 0.057784
1 0.368500 0.851462 0.551000 0.057784
1 0.498500 0.911965 0.811000 0.063222
0 0.715500 0.502379 0.061000 0.044867
0 0.716500 0.270564 0.059000 0.044867
0 0.677500 0.852141 0.059000 0.044188
0 0.143500 0.911965 0.059000 0.045547
0 0.600000 0.618287 0.058000 0.046907
0 0.213500 0.387492 0.061000 0.044867
0 0.529500 0.211761 0.059000 0.044188
0 0.334500 0.676751 0.059000 0.044188
0 0.700000 0.561523 0.060000 0.044867