1 0.534500 0.421488 0.749000 0.110193
1 0.535000 0.744146 0.748000 0.324380
1 0.687500 0.556474 0.441000 0.050964
1 0.381500 0.287534 0.441000 0.054408
1 0.314000 0.556129 0.304000 0.051653
1 0.457000 0.503788 0.590000 0.054408
1 0.607500 0.340909 0.603000 0.050964
1 0.613500 0.233471 0.589000 0.053719
1 0.755000 0.287879 0.306000 0.055096
1 0.240500 0.233471 0.157000 0.053719
1 0.233500 0.340909 0.145000 0.050964
1 0.830500 0.503444 0.155000 0.055096
1 0.535000 0.151171 0.746000 0.110882
0 0.773000 0.507576 0.040000 0.031680
0 0.194000 0.880165 0.042000 0.031680
0 0.486500 0.560262 0.041000 0.030992
0 0.623500 0.293733 0.041000 0.030992
0 0.326000 0.345041 0.038000 0.030303
0 0.339500 0.238981 0.041000 0.031680