1 0.535000 0.449725 0.746000 0.159780
1 0.535500 0.261708 0.747000 0.108815
1 0.425000 0.661501 0.526000 0.055785
1 0.327000 0.556129 0.332000 0.051653
1 0.798000 0.661501 0.222000 0.055785
1 0.701000 0.556474 0.414000 0.050964
1 0.535000 0.742080 0.748000 0.105372
1 0.535000 0.850207 0.748000 0.112259
1 0.534500 0.607782 0.747000 0.051653
1 0.409500 0.342975 0.497000 0.053719
1 0.619000 0.180785 0.580000 0.051653
1 0.783000 0.342975 0.252000 0.053719
1 0.244500 0.180785 0.167000 0.051653
0 0.517000 0.559917 0.046000 0.034435
0 0.189000 0.878444 0.046000 0.035124
0 0.682000 0.346763 0.046000 0.033747
0 0.350500 0.183884 0.045000 0.034435
0 0.191500 0.772039 0.047000 0.034435
0 0.711000 0.666667 0.046000 0.034435
1 0.534000 0.126377 0.748000 0.058540