1 0.502000 0.124405 0.816000 0.116927
1 0.502000 0.241332 0.816000 0.116927
1 0.866000 0.328688 0.088000 0.057784
1 0.819000 0.386132 0.182000 0.057104
1 0.458000 0.328688 0.728000 0.057784
1 0.693500 0.444256 0.433000 0.059143
1 0.411000 0.386132 0.634000 0.057104
1 0.764000 0.561183 0.292000 0.057784
1 0.502000 0.503059 0.816000 0.058464
1 0.285500 0.444256 0.383000 0.059143
1 0.866000 0.677430 0.088000 0.059143
1 0.356000 0.561183 0.524000 0.057784
1 0.502000 0.618967 0.816000 0.057784
1 0.515000 0.677430 0.614000 0.059143
1 0.502000 0.764786 0.816000 0.115568
1 0.151000 0.677430 0.114000 0.059143
1 0.593000 0.852141 0.634000 0.059143
1 0.502000 0.912984 0.816000 0.062542
1 0.185000 0.852141 0.182000 0.059143
0 0.511000 0.445955 0.058000 0.044867
0 0.857000 0.678450 0.060000 0.046227
0 0.759500 0.387492 0.059000 0.043508
0 0.145000 0.910945 0.060000 0.044867
0 0.651500 0.563562 0.059000 0.044867
0 0.855500 0.328008 0.061000 0.045547
0 0.144500 0.154317 0.061000 0.046227
0 0.308000 0.853161 0.060000 0.046227
0 0.237000 0.678110 0.060000 0.045547