1 0.599000 0.093134 0.616000 0.058464
1 0.194000 0.093134 0.198000 0.058464
1 0.784000 0.151937 0.246000 0.059143
1 0.486500 0.151937 0.349000 0.059143
1 0.203500 0.151937 0.217000 0.059143
1 0.626000 0.210401 0.562000 0.057784
1 0.220000 0.210401 0.250000 0.057784
1 0.740500 0.268865 0.333000 0.059143
1 0.401000 0.268865 0.346000 0.059143
1 0.620000 0.327328 0.574000 0.057784
1 0.161500 0.268865 0.133000 0.059143
1 0.214000 0.327328 0.238000 0.057784
1 0.724000 0.385112 0.366000 0.057784
1 0.318000 0.385112 0.446000 0.057784
1 0.824500 0.443576 0.165000 0.059143
1 0.418500 0.443576 0.647000 0.059143
1 0.789000 0.502379 0.236000 0.058464
1 0.383000 0.502379 0.576000 0.058464
1 0.747000 0.560843 0.320000 0.058464
1 0.341000 0.560843 0.492000 0.058464
1 0.868000 0.618967 0.078000 0.057784
1 0.633000 0.618967 0.392000 0.057784
1 0.755000 0.676751 0.304000 0.057784
1 0.266000 0.618967 0.342000 0.057784
1 0.817000 0.735214 0.180000 0.059143
1 0.349000 0.676751 0.508000 0.057784
1 0.515000 0.735214 0.424000 0.059143
1 0.199000 0.735214 0.208000 0.059143
1 0.777500 0.793678 0.259000 0.057784
1 0.371500 0.793678 0.553000 0.057784
1 0.866000 0.851462 0.082000 0.057784
1 0.604000 0.851462 0.442000 0.057784
1 0.684000 0.911965 0.446000 0.063222
1 0.239000 0.851462 0.288000 0.057784
1 0.278000 0.911965 0.366000 0.063222
0 0.635500 0.677090 0.059000 0.044867
0 0.147500 0.910605 0.059000 0.044188
0 0.679500 0.792998 0.059000 0.046907
0 0.492500 0.910605 0.061000 0.045547
0 0.412500 0.851462 0.057000 0.044188
0 0.375500 0.210741 0.061000 0.044867
0 0.760500 0.735554 0.059000 0.044867
0 0.603500 0.265806 0.057000 0.046227
0 0.859000 0.617267 0.058000 0.046227
0 0.335000 0.735554 0.060000 0.044867
0 0.774000 0.441196 0.060000 0.046227
0 0.367000 0.325969 0.060000 0.044188
0 0.324000 0.091434 0.058000 0.046907
0 0.692500 0.152617 0.059000 0.045547
0 0.860000 0.851122 0.058000 0.043508
0 0.618000 0.559143 0.060000 0.046907
0 0.471500 0.618627 0.057000 0.047587
0 0.703500 0.500340 0.059000 0.044867
0 0.260000 0.267505 0.058000 0.048266
0 0.343000 0.150918 0.060000 0.044867
0 0.144500 0.500000 0.059000 0.044188
0 0.572000 0.384432 0.060000 0.045547