1 0.661000 0.558540 0.348000 0.053719
1 0.461500 0.638774 0.745000 0.108127
1 0.459500 0.824725 0.745000 0.054408
1 0.437000 0.879477 0.698000 0.055096
1 0.602500 0.771006 0.465000 0.053030
1 0.436000 0.344697 0.698000 0.053030
1 0.287500 0.558196 0.399000 0.053030
1 0.437000 0.398416 0.698000 0.054408
1 0.461000 0.239669 0.746000 0.059229
1 0.690000 0.452824 0.288000 0.054408
1 0.229500 0.771006 0.283000 0.053030
1 0.316500 0.452479 0.457000 0.053719
1 0.461500 0.505510 0.745000 0.052342
1 0.435000 0.718664 0.700000 0.051653
1 0.434500 0.293388 0.695000 0.049587
1 0.485500 0.184229 0.697000 0.051653
1 0.811500 0.398416 0.049000 0.054408
1 0.811000 0.879821 0.050000 0.054408
1 0.809500 0.293044 0.051000 0.048898
1 0.811000 0.719008 0.050000 0.052342
1 0.811500 0.344697 0.049000 0.053030
0 0.392000 0.774449 0.044000 0.032369
0 0.568000 0.454890 0.042000 0.032369
0 0.117500 0.880165 0.043000 0.031680
0 0.509000 0.560950 0.042000 0.032369
0 0.807500 0.721419 0.043000 0.032369
0 0.808500 0.401171 0.043000 0.032369
0 0.808000 0.348829 0.042000 0.032369
0 0.157500 0.189394 0.041000 0.031680
1 0.112000 0.184229 0.048000 0.051653
1 0.461000 0.128099 0.744000 0.060606
0 0.805000 0.295110 0.044000 0.032369
0 0.808000 0.879821 0.042000 0.032369