1 0.462000 0.662534 0.748000 0.055096
1 0.669500 0.610193 0.331000 0.049587
1 0.382000 0.237948 0.590000 0.050275
1 0.462000 0.556818 0.748000 0.055785
1 0.461000 0.185606 0.748000 0.054408
1 0.689500 0.716942 0.291000 0.053719
1 0.359500 0.824036 0.543000 0.055785
1 0.315500 0.716942 0.457000 0.053719
1 0.733000 0.824036 0.204000 0.055785
1 0.295500 0.609848 0.415000 0.050275
1 0.435000 0.290634 0.694000 0.055096
1 0.436500 0.504132 0.699000 0.049587
1 0.462000 0.769972 0.748000 0.052342
1 0.461500 0.879477 0.747000 0.055096
1 0.462000 0.451102 0.746000 0.056474
1 0.526000 0.128444 0.618000 0.059917
1 0.191500 0.395317 0.207000 0.055096
1 0.755500 0.237948 0.159000 0.050275
1 0.564000 0.396006 0.540000 0.053719
1 0.810500 0.504132 0.049000 0.048209
1 0.809000 0.290634 0.052000 0.055096
1 0.152000 0.128444 0.130000 0.059917
1 0.459500 0.343320 0.743000 0.051653
0 0.119500 0.881198 0.043000 0.032369
0 0.525000 0.615014 0.042000 0.031680
0 0.113500 0.296832 0.043000 0.031680
0 0.805500 0.296488 0.043000 0.032369
0 0.808000 0.508953 0.042000 0.031680
0 0.317000 0.401860 0.042000 0.032369
0 0.652000 0.828168 0.042000 0.032369
0 0.696500 0.243113 0.041000 0.031680
0 0.238000 0.137052 0.042000 0.031680
0 0.564000 0.720730 0.042000 0.032369