1 0.661500 0.662190 0.495000 0.051653
1 0.460500 0.452824 0.599000 0.054408
1 0.534500 0.584022 0.747000 0.104683
1 0.288000 0.662190 0.254000 0.051653
1 0.534000 0.714876 0.748000 0.053719
1 0.599000 0.769284 0.618000 0.055096
1 0.509500 0.293044 0.697000 0.055785
1 0.649500 0.346074 0.519000 0.050275
1 0.534500 0.505854 0.747000 0.051653
1 0.535000 0.876722 0.748000 0.060606
1 0.535000 0.398760 0.746000 0.055096
1 0.274000 0.821625 0.226000 0.049587
1 0.834500 0.453168 0.147000 0.055096
1 0.646500 0.821625 0.523000 0.049587
1 0.275500 0.346074 0.229000 0.050275
1 0.226000 0.768939 0.128000 0.055785
1 0.535000 0.180441 0.746000 0.168044
1 0.884000 0.293044 0.050000 0.055785
0 0.190000 0.503444 0.046000 0.034435
0 0.409500 0.821970 0.045000 0.033747
0 0.784500 0.452135 0.045000 0.033747
0 0.197500 0.873278 0.045000 0.034435
0 0.312000 0.768251 0.044000 0.033747
0 0.411500 0.345041 0.043000 0.034435
0 0.452000 0.663223 0.044000 0.034435
0 0.881000 0.292700 0.044000 0.034435