1 0.533500 0.663223 0.747000 0.056474
1 0.534500 0.369835 0.751000 0.107438
1 0.534500 0.504821 0.749000 0.161157
1 0.534000 0.289256 0.748000 0.055096
1 0.506000 0.235193 0.692000 0.053030
1 0.533000 0.850551 0.748000 0.112948
1 0.455500 0.717287 0.591000 0.051653
1 0.429500 0.768939 0.541000 0.051653
1 0.592000 0.610193 0.632000 0.049587
1 0.534000 0.152204 0.746000 0.111570
1 0.805000 0.768939 0.206000 0.051653
1 0.829500 0.717287 0.155000 0.051653
1 0.218000 0.610537 0.116000 0.050275
1 0.880500 0.235537 0.055000 0.053719
0 0.190000 0.288912 0.046000 0.033747
0 0.189500 0.878444 0.047000 0.035124
0 0.773500 0.720730 0.043000 0.033747
0 0.297500 0.612948 0.043000 0.033058
0 0.741500 0.774449 0.043000 0.033747
0 0.876500 0.238636 0.045000 0.035124
0 0.192000 0.394284 0.046000 0.033747