1 0.462000 0.530303 0.748000 0.104683
1 0.460000 0.319215 0.746000 0.105372
1 0.539000 0.663912 0.592000 0.055096
1 0.252500 0.609848 0.329000 0.053030
1 0.602000 0.185606 0.466000 0.054408
1 0.626500 0.609848 0.417000 0.053030
1 0.228500 0.185606 0.281000 0.054408
1 0.436000 0.452135 0.698000 0.053030
1 0.461000 0.717631 0.748000 0.052342
1 0.461500 0.240014 0.747000 0.054408
1 0.461000 0.851240 0.748000 0.110193
1 0.165000 0.663912 0.156000 0.055096
1 0.435500 0.770317 0.695000 0.053030
1 0.434500 0.398760 0.691000 0.053719
1 0.810500 0.451791 0.051000 0.052342
1 0.808000 0.398760 0.054000 0.053719
1 0.809000 0.769972 0.052000 0.052342
0 0.118500 0.240702 0.043000 0.032369
0 0.117500 0.454201 0.043000 0.032369
0 0.412000 0.189050 0.042000 0.032369
0 0.265500 0.667011 0.043000 0.032369
0 0.119500 0.880510 0.043000 0.032369
0 0.805000 0.774449 0.044000 0.032369
0 0.440500 0.614325 0.043000 0.031680
0 0.805000 0.402548 0.044000 0.032369
0 0.807500 0.455579 0.043000 0.032369
1 0.462000 0.127755 0.750000 0.061295