1 0.499000 0.095173 0.812000 0.058464
1 0.733000 0.153297 0.344000 0.057784
1 0.499000 0.240313 0.812000 0.116247
1 0.327000 0.153297 0.468000 0.057784
1 0.739500 0.327328 0.331000 0.057784
1 0.763000 0.385792 0.284000 0.059143
1 0.333500 0.327328 0.481000 0.057784
1 0.499000 0.444256 0.812000 0.057784
1 0.357000 0.385792 0.528000 0.059143
1 0.499000 0.531271 0.812000 0.116247
1 0.713000 0.618287 0.384000 0.057784
1 0.580000 0.734194 0.650000 0.058464
1 0.499000 0.676071 0.812000 0.057784
1 0.307000 0.618287 0.428000 0.057784
1 0.499000 0.792318 0.812000 0.057784
1 0.174000 0.734194 0.162000 0.058464
1 0.499000 0.850442 0.812000 0.058464
1 0.499000 0.910605 0.812000 0.061863
0 0.143000 0.441536 0.058000 0.046907
0 0.653000 0.384092 0.060000 0.046227
0 0.143500 0.908226 0.059000 0.046227
0 0.286500 0.732495 0.061000 0.046907
0 0.143500 0.789939 0.059000 0.044867
0 0.551500 0.615908 0.063000 0.047587
0 0.609500 0.326649 0.059000 0.045547
0 0.144000 0.848742 0.058000 0.044188
0 0.592000 0.151937 0.058000 0.044188