1 0.811500 0.151598 0.195000 0.058464
1 0.501000 0.093134 0.816000 0.058464
1 0.403500 0.151598 0.621000 0.058464
1 0.573500 0.209041 0.671000 0.056424
1 0.600500 0.266145 0.617000 0.057784
1 0.165500 0.209041 0.145000 0.056424
1 0.646500 0.323589 0.525000 0.057104
1 0.192500 0.266145 0.199000 0.057784
1 0.652500 0.381033 0.513000 0.057784
1 0.238500 0.323589 0.291000 0.057104
1 0.244500 0.381033 0.303000 0.057784
1 0.588000 0.439157 0.642000 0.058464
1 0.180000 0.439157 0.174000 0.058464
1 0.501000 0.496941 0.816000 0.057104
1 0.501000 0.554045 0.816000 0.057104
1 0.865000 0.611149 0.088000 0.057104
1 0.776500 0.668593 0.265000 0.057784
1 0.457000 0.611149 0.728000 0.057104
1 0.501000 0.726377 0.816000 0.057784
1 0.368500 0.668593 0.551000 0.057784
1 0.501000 0.783821 0.816000 0.057104
1 0.501000 0.843644 0.816000 0.062542
0 0.270500 0.208702 0.059000 0.044867
0 0.301000 0.438137 0.060000 0.044188
0 0.143500 0.840585 0.059000 0.044188
0 0.677000 0.669952 0.058000 0.045547
0 0.747000 0.149898 0.060000 0.044188
0 0.858500 0.612169 0.059000 0.044188
0 0.327000 0.265466 0.060000 0.045547
0 0.143000 0.495241 0.058000 0.045547
0 0.143500 0.149218 0.059000 0.044188
0 0.142500 0.726377 0.059000 0.044188
0 0.143000 0.785180 0.060000 0.044867
0 0.428500 0.380693 0.059000 0.047587
0 0.417000 0.324269 0.058000 0.044867