1 0.461000 0.472796 0.746000 0.215565
1 0.259000 0.339187 0.342000 0.053030
1 0.633000 0.339187 0.404000 0.053030
1 0.460000 0.286157 0.746000 0.053030
1 0.681500 0.232094 0.307000 0.056474
1 0.308000 0.231749 0.440000 0.055785
1 0.461000 0.686639 0.746000 0.106061
1 0.461500 0.850551 0.747000 0.112948
1 0.157000 0.767562 0.140000 0.054408
1 0.531000 0.767218 0.608000 0.055096
1 0.151000 0.606749 0.128000 0.053719
1 0.525000 0.607094 0.620000 0.053030
1 0.461000 0.149449 0.746000 0.108815
0 0.113000 0.882576 0.042000 0.032369
0 0.249000 0.774449 0.042000 0.032369
0 0.451000 0.344008 0.042000 0.032369
0 0.550000 0.237259 0.042000 0.032369
0 0.237500 0.613981 0.043000 0.032369