1 0.500500 0.124065 0.815000 0.117607
1 0.653000 0.270224 0.510000 0.059143
1 0.500500 0.211761 0.815000 0.057784
1 0.245500 0.270224 0.305000 0.059143
1 0.760000 0.386472 0.296000 0.057784
1 0.500500 0.328688 0.815000 0.057784
1 0.352500 0.386472 0.519000 0.057784
1 0.578000 0.503399 0.660000 0.057784
1 0.500500 0.444935 0.815000 0.059143
1 0.170500 0.503399 0.155000 0.057784
1 0.500500 0.591094 0.815000 0.117607
1 0.534500 0.795377 0.747000 0.058464
1 0.500500 0.708022 0.815000 0.116247
1 0.127000 0.795377 0.068000 0.058464
1 0.500500 0.883753 0.815000 0.118287
0 0.141500 0.617267 0.059000 0.046227
0 0.142500 0.913324 0.059000 0.045547
0 0.192000 0.794358 0.060000 0.048266
0 0.431500 0.268185 0.059000 0.046907
0 0.643000 0.385452 0.060000 0.044867
0 0.141000 0.152957 0.060000 0.046227
0 0.278000 0.503739 0.060000 0.046227