1 0.462500 0.689050 0.747000 0.105372
1 0.461500 0.584022 0.747000 0.104683
1 0.460500 0.267218 0.749000 0.107438
1 0.392000 0.506198 0.606000 0.050964
1 0.255500 0.188361 0.335000 0.051653
1 0.629000 0.188017 0.412000 0.050964
1 0.378000 0.769284 0.580000 0.055096
1 0.665000 0.346074 0.340000 0.050275
1 0.461500 0.452824 0.745000 0.054408
1 0.530000 0.398760 0.608000 0.053719
1 0.752000 0.769284 0.166000 0.055096
1 0.291000 0.346074 0.408000 0.050275
1 0.461500 0.851584 0.747000 0.109504
1 0.156500 0.398416 0.137000 0.054408
1 0.765500 0.505854 0.139000 0.051653
0 0.717500 0.508609 0.043000 0.033747
0 0.247000 0.401515 0.044000 0.034435
0 0.122000 0.613636 0.044000 0.034435
0 0.445000 0.190427 0.044000 0.033747
0 0.122500 0.878444 0.045000 0.033747
0 0.537500 0.348829 0.043000 0.033747
0 0.690000 0.772727 0.044000 0.034435
1 0.461500 0.129821 0.749000 0.065427