1 0.666000 0.396006 0.338000 0.056474
1 0.391500 0.554408 0.607000 0.052342
1 0.461000 0.711777 0.748000 0.053030
1 0.194000 0.659780 0.212000 0.050964
1 0.191000 0.449380 0.206000 0.050275
1 0.567500 0.659780 0.535000 0.050964
1 0.461000 0.291322 0.746000 0.052342
1 0.679500 0.342975 0.311000 0.050964
1 0.460500 0.211433 0.745000 0.106061
1 0.462500 0.607438 0.749000 0.053719
1 0.387500 0.765496 0.601000 0.054408
1 0.306000 0.342631 0.436000 0.050275
1 0.292500 0.396006 0.409000 0.056474
1 0.574000 0.819559 0.522000 0.053719
1 0.461000 0.501033 0.746000 0.054408
1 0.200000 0.819559 0.224000 0.053719
1 0.564500 0.449380 0.541000 0.050275
1 0.461000 0.876722 0.748000 0.060606
1 0.762000 0.765496 0.146000 0.054408
1 0.765500 0.554408 0.139000 0.052342
1 0.484000 0.128444 0.702000 0.059917
0 0.121500 0.241391 0.043000 0.032369
0 0.119000 0.877410 0.042000 0.033058
0 0.333500 0.824380 0.041000 0.031680
0 0.716000 0.559573 0.040000 0.032369
0 0.152500 0.135331 0.041000 0.030992
0 0.520000 0.400482 0.042000 0.032369
0 0.315000 0.453168 0.042000 0.031680
0 0.320000 0.666322 0.040000 0.030992
0 0.711500 0.772039 0.041000 0.031680
0 0.545500 0.347796 0.041000 0.031680
1 0.110000 0.128444 0.044000 0.059917