1 0.534000 0.316804 0.750000 0.108815
1 0.340000 0.609504 0.356000 0.049587
1 0.639500 0.501033 0.537000 0.054408
1 0.421500 0.821970 0.521000 0.054408
1 0.620500 0.235537 0.575000 0.053719
1 0.536000 0.556474 0.746000 0.056474
1 0.719000 0.449036 0.378000 0.050964
1 0.796000 0.821970 0.226000 0.054408
1 0.713500 0.609848 0.391000 0.050275
1 0.266000 0.501033 0.210000 0.054408
1 0.534500 0.768251 0.745000 0.053030
1 0.535500 0.662879 0.745000 0.055785
1 0.345500 0.449036 0.369000 0.050964
1 0.534500 0.878099 0.747000 0.057851
1 0.247000 0.235882 0.172000 0.054408
1 0.508500 0.181474 0.695000 0.054408
1 0.564000 0.716253 0.688000 0.050964
1 0.509500 0.397383 0.697000 0.052342
1 0.883000 0.181474 0.052000 0.054408
1 0.883500 0.397727 0.051000 0.053030
0 0.540500 0.611226 0.045000 0.033747
0 0.394000 0.502755 0.044000 0.034435
1 0.190500 0.716253 0.057000 0.050964
0 0.196500 0.873967 0.047000 0.034435
0 0.705500 0.824380 0.045000 0.034435
0 0.241000 0.715909 0.044000 0.033747
0 0.880500 0.186639 0.045000 0.034435
0 0.552500 0.450758 0.045000 0.033747
0 0.356500 0.238292 0.045000 0.034435
0 0.880500 0.399105 0.045000 0.033747
1 0.536000 0.125000 0.750000 0.058540