1 0.462000 0.610193 0.746000 0.162534
1 0.461000 0.368802 0.748000 0.108127
1 0.679500 0.827824 0.309000 0.055096
1 0.306500 0.827824 0.437000 0.055096
1 0.603500 0.503099 0.463000 0.051653
1 0.244500 0.288567 0.313000 0.052342
1 0.229500 0.503099 0.283000 0.051653
1 0.435500 0.718320 0.697000 0.053719
1 0.436000 0.773072 0.696000 0.055785
1 0.618000 0.288567 0.434000 0.052342
1 0.706500 0.450069 0.257000 0.054408
1 0.333000 0.450069 0.490000 0.054408
1 0.461000 0.178030 0.746000 0.168733
1 0.461000 0.881198 0.746000 0.051653
1 0.811000 0.772727 0.050000 0.055096
1 0.811000 0.718320 0.050000 0.053719
0 0.393500 0.507576 0.043000 0.033058
0 0.127500 0.885331 0.043000 0.032369
0 0.422000 0.292355 0.042000 0.032369
0 0.600500 0.453512 0.043000 0.033747
0 0.807500 0.723485 0.043000 0.032369
0 0.808500 0.776171 0.043000 0.033058
0 0.546000 0.829545 0.042000 0.032369