1 0.535000 0.373623 0.748000 0.105372
1 0.535000 0.662190 0.746000 0.051653
1 0.593500 0.608471 0.627000 0.055785
1 0.661000 0.505854 0.496000 0.051653
1 0.508500 0.188361 0.695000 0.051653
1 0.286500 0.505854 0.251000 0.051653
1 0.507000 0.714876 0.694000 0.053719
1 0.510500 0.876377 0.699000 0.059917
1 0.454500 0.239669 0.585000 0.050964
1 0.536000 0.769284 0.746000 0.055096
1 0.658500 0.293044 0.501000 0.055785
1 0.284500 0.293044 0.247000 0.055785
1 0.435500 0.821625 0.551000 0.049587
1 0.510000 0.452824 0.698000 0.054408
1 0.827500 0.239669 0.161000 0.050964
1 0.534000 0.556474 0.746000 0.049587
1 0.809500 0.821625 0.199000 0.049587
1 0.883000 0.188361 0.052000 0.051653
1 0.884500 0.452824 0.049000 0.054408
1 0.220500 0.608471 0.119000 0.055785
1 0.881500 0.715220 0.055000 0.053030
1 0.885000 0.877066 0.048000 0.059917
0 0.449500 0.296488 0.041000 0.032369
0 0.189000 0.878788 0.042000 0.033058
0 0.301000 0.613292 0.042000 0.032369
0 0.768500 0.244146 0.041000 0.032369
0 0.876000 0.719697 0.042000 0.031680
0 0.433000 0.507231 0.042000 0.032369
0 0.878500 0.190083 0.041000 0.033058
0 0.732000 0.824725 0.042000 0.032369
0 0.881000 0.455923 0.042000 0.033058
0 0.882500 0.879821 0.043000 0.032369
1 0.536000 0.130165 0.746000 0.064738