1 0.534500 0.367424 0.747000 0.214187
1 0.534500 0.609848 0.745000 0.163223
1 0.535500 0.826446 0.747000 0.161157
1 0.447000 0.235882 0.568000 0.051653
1 0.737000 0.501377 0.342000 0.053719
1 0.754000 0.719008 0.308000 0.055096
1 0.380500 0.718664 0.439000 0.054408
1 0.364000 0.501377 0.404000 0.053719
1 0.819500 0.235882 0.177000 0.051653
0 0.187500 0.882920 0.043000 0.031680
0 0.621000 0.723140 0.042000 0.033058
0 0.752500 0.240358 0.043000 0.031680
0 0.588000 0.507231 0.042000 0.032369
1 0.535500 0.152548 0.747000 0.115014