1 0.535000 0.612259 0.748000 0.161157
1 0.535000 0.824725 0.748000 0.163223
1 0.745500 0.240014 0.327000 0.054408
1 0.725000 0.453857 0.366000 0.052342
1 0.442500 0.349518 0.563000 0.053030
1 0.371500 0.240014 0.419000 0.054408
1 0.393500 0.295110 0.465000 0.055785
1 0.766500 0.295110 0.283000 0.055785
1 0.352000 0.453512 0.380000 0.053030
1 0.585500 0.185606 0.645000 0.054408
1 0.535000 0.401515 0.748000 0.050964
1 0.572500 0.505854 0.669000 0.051653
1 0.508000 0.717975 0.696000 0.050275
1 0.816000 0.349174 0.184000 0.053719
1 0.211500 0.185606 0.101000 0.054408
1 0.557500 0.128444 0.709000 0.059917
1 0.200000 0.505165 0.076000 0.053030
1 0.883000 0.717631 0.052000 0.050964
0 0.189000 0.883264 0.044000 0.033747
0 0.284000 0.191116 0.044000 0.033747
0 0.189500 0.721763 0.045000 0.034435
0 0.604000 0.244835 0.044000 0.033747
0 0.225000 0.136708 0.044000 0.033747
0 0.261500 0.508264 0.045000 0.034435
0 0.746500 0.350895 0.043000 0.033747
0 0.564500 0.455923 0.043000 0.034435
0 0.880500 0.724174 0.045000 0.033747
0 0.670000 0.297521 0.044000 0.034435
1 0.182000 0.128444 0.042000 0.059917