1 0.461000 0.559917 0.748000 0.056474
1 0.680500 0.614669 0.309000 0.053030
1 0.333500 0.453857 0.491000 0.055096
1 0.307500 0.614669 0.439000 0.053030
1 0.662000 0.346419 0.346000 0.050964
1 0.359500 0.240702 0.545000 0.054408
1 0.461500 0.852617 0.747000 0.107438
1 0.191000 0.506543 0.206000 0.050275
1 0.211000 0.773072 0.246000 0.053030
1 0.734000 0.240358 0.202000 0.055096
1 0.707500 0.453857 0.255000 0.056474
1 0.461000 0.398760 0.746000 0.055096
1 0.277500 0.294421 0.379000 0.053030
1 0.564500 0.506543 0.541000 0.050275
1 0.461500 0.154959 0.747000 0.115702
1 0.650500 0.294421 0.369000 0.053030
1 0.288000 0.346074 0.402000 0.050275
1 0.583500 0.772727 0.501000 0.052342
1 0.461500 0.668044 0.747000 0.053719
1 0.460500 0.720386 0.747000 0.052342
0 0.117500 0.884986 0.043000 0.031680
0 0.315000 0.510675 0.042000 0.032369
0 0.113500 0.672176 0.043000 0.031680
0 0.356500 0.778581 0.043000 0.032369
0 0.487500 0.297521 0.043000 0.033058
0 0.548000 0.619146 0.042000 0.031680
0 0.512000 0.351240 0.042000 0.031680
0 0.601000 0.457989 0.042000 0.031680
0 0.654500 0.244835 0.043000 0.032369