1 0.461500 0.661501 0.745000 0.159091
1 0.461000 0.315427 0.746000 0.107438
1 0.212500 0.235537 0.249000 0.050964
1 0.391500 0.502755 0.607000 0.055096
1 0.211500 0.183540 0.247000 0.053030
1 0.585000 0.235882 0.498000 0.051653
1 0.611500 0.396350 0.445000 0.053030
1 0.461500 0.556129 0.747000 0.051653
1 0.584500 0.183540 0.501000 0.053030
1 0.238500 0.396350 0.301000 0.053030
1 0.461000 0.449036 0.746000 0.052342
1 0.460000 0.850895 0.748000 0.110882
1 0.386500 0.768939 0.597000 0.054408
1 0.765500 0.503099 0.139000 0.055785
1 0.760000 0.767906 0.150000 0.053719
0 0.359500 0.238292 0.045000 0.034435
0 0.118500 0.555441 0.045000 0.033747
0 0.114000 0.873278 0.046000 0.034435
0 0.411500 0.398072 0.045000 0.034435
0 0.356000 0.183884 0.042000 0.033058
0 0.718500 0.505510 0.043000 0.034435
0 0.707000 0.769972 0.044000 0.034435
1 0.461500 0.127066 0.747000 0.059917