1 0.500000 0.151598 0.814000 0.175391
1 0.586000 0.268185 0.642000 0.057784
1 0.179000 0.268185 0.172000 0.057784
1 0.500000 0.355540 0.814000 0.116927
1 0.861000 0.443576 0.092000 0.059143
1 0.500000 0.647859 0.814000 0.349422
1 0.454000 0.443576 0.722000 0.059143
1 0.531500 0.851801 0.751000 0.058464
1 0.124500 0.851801 0.063000 0.058464
1 0.500000 0.911965 0.814000 0.061863
0 0.856500 0.442896 0.061000 0.046907
0 0.142500 0.911285 0.059000 0.045547
0 0.303000 0.266825 0.060000 0.046907
0 0.186500 0.852141 0.059000 0.044188