1 0.270500 0.240014 0.365000 0.054408
1 0.217000 0.558884 0.258000 0.051653
1 0.461500 0.609848 0.747000 0.050275
1 0.461000 0.770317 0.748000 0.054408
1 0.590500 0.559229 0.489000 0.050964
1 0.436500 0.661846 0.697000 0.053719
1 0.664000 0.399105 0.342000 0.050275
1 0.460500 0.452479 0.747000 0.056474
1 0.462000 0.879821 0.746000 0.054408
1 0.644000 0.240358 0.382000 0.053719
1 0.461500 0.506887 0.747000 0.053719
1 0.502500 0.825069 0.663000 0.055096
1 0.518000 0.715909 0.634000 0.054408
1 0.291000 0.399105 0.406000 0.050275
1 0.460500 0.346763 0.747000 0.054408
1 0.493500 0.293388 0.687000 0.052342
1 0.130000 0.825069 0.084000 0.055096
1 0.461500 0.154614 0.747000 0.116391
1 0.144000 0.715909 0.114000 0.054408
1 0.810000 0.661846 0.050000 0.053719
1 0.119000 0.293044 0.062000 0.053030
0 0.172500 0.298898 0.043000 0.031680
0 0.118500 0.882920 0.043000 0.031680
0 0.223500 0.723140 0.041000 0.031680
0 0.113000 0.457989 0.042000 0.031680
0 0.113500 0.670799 0.043000 0.031680
0 0.475500 0.245868 0.041000 0.031680
0 0.193000 0.830579 0.042000 0.031680
0 0.366500 0.564738 0.041000 0.031680
0 0.515000 0.404614 0.042000 0.032369
0 0.806500 0.670455 0.041000 0.030992