1 0.461500 0.663223 0.747000 0.161157
1 0.459500 0.397039 0.747000 0.054408
1 0.461000 0.263774 0.746000 0.107438
1 0.587500 0.343664 0.495000 0.052342
1 0.538500 0.555785 0.593000 0.052342
1 0.377500 0.501377 0.579000 0.055096
1 0.214000 0.343664 0.252000 0.052342
1 0.236000 0.770317 0.296000 0.053030
1 0.462000 0.878099 0.746000 0.057851
1 0.687000 0.449380 0.296000 0.050275
1 0.751500 0.502066 0.167000 0.055096
1 0.550000 0.823003 0.570000 0.052342
1 0.313000 0.449380 0.450000 0.050275
1 0.609000 0.770317 0.450000 0.053030
1 0.176500 0.823003 0.177000 0.052342
1 0.165500 0.555785 0.153000 0.053719
1 0.460000 0.152548 0.744000 0.115014
0 0.264500 0.560606 0.045000 0.034435
0 0.407000 0.773072 0.044000 0.035124
0 0.114500 0.184229 0.045000 0.033747
0 0.288500 0.827135 0.045000 0.034435
0 0.559000 0.453168 0.044000 0.034435
0 0.362000 0.346419 0.044000 0.034435
0 0.689000 0.505854 0.044000 0.035124
0 0.125500 0.880165 0.045000 0.034435