1 0.738500 0.093474 0.339000 0.059143
1 0.331000 0.093474 0.476000 0.059143
1 0.763500 0.283141 0.289000 0.056424
1 0.500500 0.228076 0.815000 0.053705
1 0.473500 0.283141 0.291000 0.056424
1 0.210500 0.283141 0.235000 0.056424
1 0.871500 0.339905 0.073000 0.057104
1 0.676000 0.339905 0.318000 0.057104
1 0.362000 0.339905 0.310000 0.057104
1 0.150000 0.339905 0.114000 0.057104
1 0.602500 0.397009 0.611000 0.057104
1 0.195000 0.397009 0.204000 0.057104
1 0.782000 0.453773 0.252000 0.056424
1 0.435500 0.453773 0.441000 0.056424
1 0.154000 0.453773 0.122000 0.056424
1 0.762500 0.510537 0.291000 0.057104
1 0.411000 0.510537 0.412000 0.057104
1 0.149000 0.510537 0.112000 0.057104
1 0.799000 0.567981 0.218000 0.057784
1 0.572500 0.567981 0.235000 0.057784
1 0.274000 0.567981 0.362000 0.057784
1 0.753500 0.625425 0.309000 0.057104
1 0.421500 0.625425 0.355000 0.057104
1 0.168500 0.625425 0.151000 0.057104
1 0.808500 0.682529 0.199000 0.057104
1 0.559000 0.682529 0.300000 0.057104
1 0.251000 0.682529 0.316000 0.057104
1 0.723500 0.739293 0.369000 0.056424
1 0.384500 0.739293 0.309000 0.056424
1 0.676500 0.796057 0.463000 0.057104
1 0.161500 0.739293 0.137000 0.056424
1 0.866500 0.853501 0.083000 0.057784
1 0.269000 0.796057 0.352000 0.057104
1 0.637000 0.853501 0.376000 0.057784
1 0.271000 0.853501 0.356000 0.057784
1 0.500500 0.912305 0.815000 0.059823
0 0.631500 0.624405 0.059000 0.042828
0 0.857000 0.851462 0.060000 0.044188
0 0.328000 0.394630 0.058000 0.045547
0 0.440500 0.681849 0.061000 0.046227
0 0.571000 0.737933 0.060000 0.044188
0 0.549000 0.337525 0.060000 0.045547
0 0.143000 0.910945 0.058000 0.044867
0 0.719500 0.565262 0.059000 0.046907
0 0.264000 0.737933 0.060000 0.044188
0 0.744000 0.681849 0.062000 0.047587
0 0.142500 0.851122 0.059000 0.043508
0 0.143000 0.091774 0.060000 0.046227
0 0.275000 0.623725 0.060000 0.044188
0 0.237500 0.337186 0.059000 0.044867
0 0.485000 0.565602 0.058000 0.046227
0 0.648500 0.509517 0.059000 0.045547
0 0.143500 0.682189 0.059000 0.045547
0 0.361000 0.281781 0.058000 0.046907
0 0.867000 0.337186 0.060000 0.043508
0 0.476500 0.794358 0.059000 0.046907
0 0.237000 0.509517 0.060000 0.044188
0 0.651000 0.281441 0.060000 0.047587
0 0.599500 0.091094 0.059000 0.046227
0 0.142000 0.565942 0.058000 0.046907
0 0.686500 0.452073 0.059000 0.044867
0 0.480500 0.851801 0.059000 0.044867
0 0.246500 0.452753 0.059000 0.044867