1 0.500000 0.122026 0.814000 0.117607
1 0.824000 0.209381 0.166000 0.057104
1 0.417000 0.209381 0.648000 0.057104
1 0.500000 0.355201 0.814000 0.234534
1 0.865000 0.501700 0.084000 0.058464
1 0.573500 0.560163 0.667000 0.058464
1 0.458000 0.501700 0.730000 0.058464
1 0.783500 0.676411 0.247000 0.058464
1 0.500000 0.618287 0.814000 0.057784
1 0.166500 0.560163 0.147000 0.058464
1 0.376500 0.676411 0.567000 0.058464
1 0.500000 0.734534 0.814000 0.057784
1 0.599500 0.792998 0.615000 0.059143
1 0.806000 0.851462 0.202000 0.057784
1 0.192500 0.792998 0.199000 0.059143
1 0.399000 0.851462 0.612000 0.057784
1 0.500000 0.911285 0.814000 0.061863
0 0.272500 0.559483 0.059000 0.046227
0 0.143000 0.909585 0.058000 0.046227
0 0.740500 0.851122 0.059000 0.044867
0 0.856000 0.501360 0.060000 0.044188
0 0.328000 0.794358 0.058000 0.046907
0 0.772500 0.209041 0.063000 0.048266
0 0.143000 0.735554 0.058000 0.046227
0 0.692500 0.676751 0.059000 0.044188