1 0.461500 0.824380 0.747000 0.165289
1 0.461000 0.475895 0.748000 0.110193
1 0.460500 0.663223 0.747000 0.053719
1 0.664000 0.608815 0.342000 0.055096
1 0.461500 0.205579 0.747000 0.219697
1 0.334500 0.715909 0.495000 0.051653
1 0.708500 0.715565 0.253000 0.050964
1 0.290500 0.608815 0.405000 0.055096
1 0.328000 0.556474 0.480000 0.049587
1 0.701500 0.556474 0.267000 0.049587
1 0.435500 0.341253 0.695000 0.050275
1 0.532500 0.393939 0.603000 0.053719
1 0.159000 0.393939 0.144000 0.053719
1 0.809000 0.341598 0.052000 0.050964
0 0.252000 0.397383 0.042000 0.033058
0 0.603500 0.719353 0.043000 0.032369
0 0.590000 0.556818 0.042000 0.032369
0 0.515000 0.612948 0.042000 0.033058
0 0.116500 0.880854 0.043000 0.033058
0 0.805000 0.343664 0.042000 0.033058