1 0.671000 0.501033 0.324000 0.054408
1 0.610500 0.662879 0.447000 0.055785
1 0.409000 0.235537 0.212000 0.053719
1 0.378000 0.501033 0.264000 0.054408
1 0.237000 0.662879 0.300000 0.055785
1 0.460000 0.556474 0.748000 0.056474
1 0.460000 0.609848 0.746000 0.050275
1 0.620000 0.821970 0.426000 0.054408
1 0.429000 0.715909 0.464000 0.050275
1 0.247500 0.822314 0.321000 0.055096
1 0.678000 0.449380 0.310000 0.050275
1 0.349500 0.449036 0.347000 0.050964
1 0.232500 0.397727 0.293000 0.053030
1 0.623500 0.289945 0.419000 0.055096
1 0.330500 0.767906 0.489000 0.053719
1 0.194500 0.235882 0.217000 0.054408
1 0.606000 0.397727 0.454000 0.053030
1 0.460000 0.878099 0.744000 0.057851
1 0.275500 0.344353 0.377000 0.053719
1 0.591000 0.344353 0.250000 0.053719
1 0.250000 0.290289 0.328000 0.054408
1 0.603000 0.235537 0.174000 0.053719
1 0.705000 0.767906 0.256000 0.053719
1 0.141000 0.716253 0.110000 0.050964
1 0.166500 0.501722 0.159000 0.054408
1 0.747500 0.716253 0.171000 0.050964
1 0.774500 0.344697 0.117000 0.053030
1 0.131500 0.449036 0.089000 0.049587
1 0.761000 0.235537 0.144000 0.053719
0 0.408000 0.663223 0.044000 0.034435
0 0.428000 0.821625 0.044000 0.034435
0 0.531500 0.503788 0.043000 0.033747
0 0.114500 0.876033 0.045000 0.034435
0 0.266500 0.503099 0.043000 0.033747
0 0.683000 0.717287 0.044000 0.033747
0 0.115500 0.768251 0.045000 0.033747
0 0.197000 0.450069 0.044000 0.033747
0 0.115000 0.556129 0.044000 0.033747
0 0.115000 0.398072 0.044000 0.033058
0 0.710500 0.239325 0.043000 0.033747
0 0.114500 0.610537 0.045000 0.033747
0 0.399500 0.398416 0.043000 0.033747
0 0.218000 0.715565 0.044000 0.034435
0 0.543500 0.450758 0.043000 0.033747
0 0.536000 0.237948 0.042000 0.033747
0 0.324500 0.238292 0.043000 0.034435
0 0.114500 0.344697 0.043000 0.033747
0 0.488000 0.345386 0.044000 0.033747
0 0.115500 0.238636 0.045000 0.033747
0 0.435500 0.291667 0.043000 0.033747
0 0.599000 0.770661 0.044000 0.033058
0 0.737500 0.343664 0.043000 0.034435