1 0.500500 0.093474 0.807000 0.059143
1 0.613500 0.152277 0.581000 0.058464
1 0.210000 0.152277 0.226000 0.058464
1 0.629500 0.210401 0.549000 0.057784
1 0.226000 0.210401 0.258000 0.057784
1 0.500500 0.268185 0.807000 0.057784
1 0.500500 0.442896 0.807000 0.291638
1 0.862000 0.618287 0.084000 0.059143
1 0.458500 0.618287 0.723000 0.059143
1 0.500500 0.706322 0.807000 0.116927
1 0.634500 0.794018 0.539000 0.058464
1 0.231000 0.794018 0.268000 0.058464
1 0.500500 0.882393 0.807000 0.118287
0 0.147000 0.910945 0.060000 0.044867
0 0.145500 0.267165 0.061000 0.047587
0 0.397000 0.792998 0.060000 0.046907
0 0.854500 0.618287 0.061000 0.045547
0 0.355500 0.151258 0.059000 0.044188
0 0.387500 0.210061 0.059000 0.044867