1 0.497500 0.317811 0.587000 0.061863
1 0.560000 0.378314 0.462000 0.059143
1 0.682500 0.438137 0.217000 0.060503
1 0.266500 0.378314 0.125000 0.059143
1 0.389000 0.438137 0.370000 0.060503
1 0.497500 0.498640 0.587000 0.060503
1 0.566500 0.559143 0.449000 0.060503
1 0.273000 0.559143 0.138000 0.060503
1 0.497500 0.680150 0.587000 0.061863
1 0.497500 0.619307 0.587000 0.059823
0 0.371500 0.556424 0.043000 0.033311
0 0.255500 0.318831 0.045000 0.033990
0 0.242500 0.439157 0.043000 0.033990
0 0.356000 0.375935 0.044000 0.035350
0 0.339500 0.680489 0.045000 0.033990
0 0.607000 0.439157 0.046000 0.033990
0 0.242500 0.496941 0.045000 0.033990