1 0.816000 0.216519 0.180000 0.057784
1 0.499500 0.159415 0.813000 0.056424
1 0.652000 0.274303 0.508000 0.057784
1 0.409500 0.216519 0.633000 0.057784
1 0.499500 0.332087 0.813000 0.057784
1 0.245500 0.274303 0.305000 0.057784
1 0.499500 0.389871 0.813000 0.057784
1 0.861500 0.447995 0.089000 0.058464
1 0.781500 0.506118 0.249000 0.057784
1 0.455000 0.447995 0.724000 0.058464
1 0.794500 0.563562 0.223000 0.057104
1 0.375000 0.506118 0.564000 0.057784
1 0.388000 0.563562 0.590000 0.057104
1 0.499500 0.621006 0.813000 0.057784
1 0.787500 0.678790 0.237000 0.057784
1 0.624500 0.736574 0.563000 0.057784
1 0.381000 0.678790 0.576000 0.057784
1 0.218000 0.736574 0.250000 0.057784
1 0.499500 0.794697 0.813000 0.058464
1 0.499500 0.883753 0.813000 0.119646
0 0.142500 0.793338 0.059000 0.046227
0 0.143500 0.911965 0.057000 0.045547
0 0.716500 0.563222 0.059000 0.045547
0 0.855500 0.447995 0.061000 0.046227
0 0.144000 0.562882 0.058000 0.044867
0 0.705000 0.681169 0.060000 0.047587
0 0.143500 0.331407 0.059000 0.046907
0 0.381000 0.736914 0.060000 0.044867
0 0.430000 0.273283 0.060000 0.044867
0 0.756000 0.215160 0.060000 0.045547
0 0.688500 0.505438 0.059000 0.046907