1 0.401500 0.235537 0.627000 0.053719
1 0.316000 0.397383 0.456000 0.052342
1 0.635000 0.716253 0.400000 0.050964
1 0.690000 0.397727 0.290000 0.053030
1 0.633000 0.449036 0.404000 0.050964
1 0.460500 0.289945 0.749000 0.055096
1 0.202000 0.821625 0.228000 0.055096
1 0.666000 0.344353 0.338000 0.053719
1 0.260500 0.716253 0.347000 0.050964
1 0.259500 0.449380 0.343000 0.050275
1 0.433000 0.556474 0.692000 0.056474
1 0.461000 0.501377 0.746000 0.053719
1 0.461500 0.878099 0.747000 0.057851
1 0.574500 0.821970 0.519000 0.054408
1 0.461500 0.637741 0.747000 0.106061
1 0.292500 0.344353 0.409000 0.053719
1 0.460500 0.768251 0.745000 0.053030
1 0.461500 0.152548 0.747000 0.112259
1 0.775000 0.235537 0.120000 0.053719
1 0.807000 0.556818 0.056000 0.055785
0 0.114500 0.874311 0.045000 0.033747
0 0.339500 0.822658 0.045000 0.035124
0 0.520000 0.346763 0.042000 0.033747
0 0.452500 0.451791 0.045000 0.034435
0 0.566500 0.399793 0.045000 0.033747
0 0.738000 0.240358 0.044000 0.034435
0 0.456500 0.717631 0.043000 0.033058
0 0.801500 0.560262 0.045000 0.033747