1 0.461500 0.823003 0.747000 0.166667
1 0.434500 0.713499 0.695000 0.052342
1 0.426500 0.239669 0.677000 0.050964
1 0.690000 0.504477 0.290000 0.053030
1 0.316000 0.504132 0.458000 0.052342
1 0.436000 0.451446 0.696000 0.051653
1 0.463000 0.555441 0.752000 0.050275
1 0.461500 0.607438 0.745000 0.053719
1 0.487000 0.292011 0.696000 0.053719
1 0.461500 0.398416 0.749000 0.054408
1 0.489500 0.345041 0.687000 0.052342
1 0.462000 0.660813 0.746000 0.053030
1 0.810000 0.451446 0.052000 0.051653
1 0.117000 0.345041 0.058000 0.052342
1 0.800500 0.239325 0.069000 0.051653
1 0.809000 0.713843 0.052000 0.053030
1 0.113500 0.292011 0.051000 0.053719
0 0.121500 0.609848 0.045000 0.033747
0 0.117500 0.556474 0.045000 0.033058
0 0.169500 0.345041 0.045000 0.034435
0 0.568500 0.504477 0.045000 0.033747
0 0.807000 0.451446 0.044000 0.033747
0 0.118500 0.874656 0.045000 0.034435
0 0.161000 0.292355 0.044000 0.033747
0 0.805500 0.716598 0.045000 0.033747
0 0.807500 0.240702 0.045000 0.035124
1 0.461500 0.154614 0.747000 0.117769