1 0.453000 0.612603 0.582000 0.054408
1 0.541500 0.769628 0.633000 0.053030
1 0.749500 0.349518 0.319000 0.053030
1 0.441500 0.558540 0.563000 0.053719
1 0.597500 0.453168 0.623000 0.052342
1 0.662500 0.505510 0.493000 0.052342
1 0.449000 0.878788 0.576000 0.056474
1 0.376000 0.349174 0.428000 0.053719
1 0.535000 0.823691 0.746000 0.053719
1 0.576000 0.401860 0.568000 0.051653
1 0.535000 0.212466 0.746000 0.108127
1 0.288500 0.505510 0.255000 0.052342
1 0.535500 0.666322 0.747000 0.053030
1 0.590500 0.295110 0.637000 0.055785
1 0.535000 0.717975 0.748000 0.050275
1 0.826000 0.612603 0.164000 0.054408
1 0.815500 0.558540 0.187000 0.053719
1 0.823500 0.878788 0.171000 0.056474
1 0.640500 0.128444 0.537000 0.059917
1 0.266000 0.128099 0.210000 0.060606
1 0.225500 0.401515 0.129000 0.050964
1 0.223500 0.453512 0.123000 0.051653
1 0.216500 0.294766 0.111000 0.055096
1 0.884500 0.401515 0.049000 0.050964
1 0.883500 0.769628 0.051000 0.053030
1 0.193000 0.769972 0.064000 0.053719
0 0.294000 0.297521 0.042000 0.031680
0 0.194500 0.881198 0.043000 0.032369
0 0.188000 0.244490 0.042000 0.031680
0 0.189500 0.668733 0.043000 0.031680
0 0.438500 0.510331 0.043000 0.031680
0 0.245500 0.775138 0.043000 0.032369
0 0.880500 0.775138 0.043000 0.032369
0 0.765500 0.616391 0.043000 0.031680
0 0.611000 0.350207 0.042000 0.032369
0 0.308500 0.457300 0.043000 0.031680
0 0.759500 0.881543 0.043000 0.031680
0 0.393000 0.137397 0.042000 0.032369
0 0.311500 0.403926 0.041000 0.032369
0 0.881500 0.403926 0.043000 0.032369
0 0.745000 0.562328 0.042000 0.032369