1 0.461500 0.662190 0.747000 0.051653
1 0.658000 0.714876 0.354000 0.053719
1 0.284500 0.714876 0.393000 0.053719
1 0.639500 0.556129 0.391000 0.048898
1 0.485500 0.398416 0.595000 0.054408
1 0.266000 0.556129 0.358000 0.048898
1 0.502000 0.608471 0.666000 0.055785
1 0.436500 0.346074 0.697000 0.050275
1 0.461000 0.293044 0.748000 0.055785
1 0.613000 0.239325 0.444000 0.051653
1 0.461000 0.851240 0.748000 0.110193
1 0.612000 0.188017 0.446000 0.050964
1 0.460500 0.453168 0.747000 0.055096
1 0.238500 0.188361 0.301000 0.051653
1 0.239500 0.239325 0.303000 0.051653
1 0.506500 0.505854 0.653000 0.051653
1 0.182500 0.768939 0.189000 0.055785
1 0.134000 0.505854 0.094000 0.051653
1 0.556000 0.769284 0.558000 0.055096
1 0.138000 0.398416 0.100000 0.054408
1 0.809500 0.398416 0.053000 0.054408
1 0.811000 0.346074 0.050000 0.050275
1 0.129000 0.608471 0.082000 0.055785
0 0.208500 0.397727 0.043000 0.032369
0 0.113500 0.873278 0.043000 0.033058
0 0.191500 0.610193 0.043000 0.031680
0 0.466000 0.555785 0.042000 0.031680
0 0.410000 0.185606 0.042000 0.032369
0 0.503000 0.714876 0.042000 0.033058
0 0.412000 0.238636 0.042000 0.032369
0 0.298500 0.768939 0.041000 0.032369
0 0.203500 0.503099 0.041000 0.032369
0 0.807500 0.345730 0.043000 0.033058
0 0.806500 0.398416 0.043000 0.032369
1 0.462500 0.130165 0.745000 0.064738