1 0.461000 0.238981 0.746000 0.055096
1 0.201500 0.714876 0.227000 0.055096
1 0.639500 0.450069 0.391000 0.053030
1 0.366000 0.184917 0.556000 0.053030
1 0.354000 0.291322 0.534000 0.050964
1 0.658000 0.819559 0.354000 0.053719
1 0.431500 0.502066 0.531000 0.050964
1 0.266000 0.450069 0.356000 0.051653
1 0.492000 0.554408 0.684000 0.053719
1 0.575000 0.714876 0.520000 0.055096
1 0.382500 0.343320 0.591000 0.053030
1 0.664500 0.767906 0.341000 0.050964
1 0.663000 0.397383 0.344000 0.053719
1 0.437500 0.661157 0.697000 0.052342
1 0.727500 0.291322 0.215000 0.050964
1 0.461500 0.608127 0.747000 0.053719
1 0.739000 0.184917 0.192000 0.053030
1 0.284000 0.819559 0.394000 0.053719
1 0.289500 0.397039 0.403000 0.054408
1 0.290500 0.767562 0.405000 0.050275
1 0.756500 0.343320 0.157000 0.054408
1 0.766000 0.501722 0.138000 0.051653
1 0.811000 0.661501 0.050000 0.053030
1 0.119500 0.554408 0.063000 0.053719
1 0.127000 0.502066 0.078000 0.050964
0 0.171500 0.560606 0.041000 0.031680
0 0.719000 0.508953 0.042000 0.031680
1 0.461500 0.876722 0.745000 0.060606
0 0.116500 0.878444 0.043000 0.030992
0 0.642000 0.296143 0.042000 0.031680
0 0.335500 0.719008 0.041000 0.031680
0 0.665500 0.189394 0.043000 0.033058
0 0.465000 0.455234 0.042000 0.031680
0 0.515500 0.772727 0.041000 0.031680
0 0.808500 0.664256 0.043000 0.032369
0 0.502000 0.826102 0.042000 0.032369
0 0.514000 0.402893 0.042000 0.031680
0 0.700500 0.350207 0.043000 0.032369
0 0.188500 0.508264 0.041000 0.031680
1 0.462000 0.127755 0.750000 0.061295