1 0.670000 0.608471 0.330000 0.055785
1 0.433500 0.186295 0.691000 0.050275
1 0.461000 0.689050 0.746000 0.105372
1 0.296000 0.608471 0.416000 0.055785
1 0.285000 0.238636 0.394000 0.053030
1 0.658500 0.238636 0.353000 0.053030
1 0.327500 0.398760 0.479000 0.053719
1 0.577500 0.505854 0.515000 0.051653
1 0.701500 0.398416 0.267000 0.054408
1 0.204000 0.505854 0.232000 0.051653
1 0.461500 0.556129 0.749000 0.048898
1 0.461500 0.452824 0.747000 0.054408
1 0.498500 0.292355 0.677000 0.054408
1 0.461000 0.345730 0.746000 0.052342
1 0.436000 0.769284 0.698000 0.055096
1 0.460500 0.851928 0.747000 0.110193
1 0.807000 0.186639 0.056000 0.050964
1 0.123000 0.292355 0.072000 0.054408
1 0.811000 0.769284 0.050000 0.055096
0 0.122000 0.878099 0.044000 0.034435
0 0.525500 0.611570 0.043000 0.034435
0 0.504500 0.242769 0.043000 0.033747
0 0.589500 0.400826 0.043000 0.034435
0 0.342000 0.507920 0.044000 0.033747
0 0.807000 0.772383 0.044000 0.033747
0 0.181000 0.295799 0.042000 0.033747
0 0.802500 0.189394 0.045000 0.034435
1 0.461500 0.129132 0.749000 0.064050