1 0.534000 0.504477 0.748000 0.160468
1 0.533500 0.316804 0.749000 0.108815
1 0.534500 0.823691 0.747000 0.165289
1 0.535000 0.662879 0.746000 0.055785
1 0.261500 0.235537 0.203000 0.053719
1 0.508500 0.609848 0.697000 0.050275
1 0.635500 0.235537 0.543000 0.053719
1 0.477000 0.397383 0.632000 0.052342
1 0.752500 0.715909 0.311000 0.050275
1 0.378500 0.715909 0.437000 0.050275
1 0.458000 0.181474 0.596000 0.054408
1 0.850000 0.397383 0.114000 0.052342
1 0.831500 0.181474 0.153000 0.054408
1 0.883500 0.609504 0.051000 0.049587
0 0.202500 0.873278 0.045000 0.034435
0 0.387000 0.237603 0.044000 0.034435
0 0.777000 0.182851 0.044000 0.033747
0 0.881000 0.606749 0.044000 0.034435
0 0.814000 0.394628 0.044000 0.034435
0 0.618500 0.713154 0.043000 0.033747
1 0.535500 0.124656 0.753000 0.059229