1 0.810000 0.153297 0.186000 0.057784
1 0.498000 0.094833 0.810000 0.059143
1 0.659000 0.211421 0.488000 0.058464
1 0.405000 0.153297 0.624000 0.057784
1 0.570000 0.269205 0.666000 0.057104
1 0.254000 0.211421 0.322000 0.058464
1 0.778500 0.386132 0.249000 0.058464
1 0.165000 0.269205 0.144000 0.057104
1 0.498000 0.327328 0.810000 0.059143
1 0.818000 0.444256 0.170000 0.057784
1 0.373500 0.386132 0.561000 0.058464
1 0.413000 0.444256 0.640000 0.057784
1 0.498000 0.502719 0.810000 0.059143
1 0.702000 0.561183 0.402000 0.057784
1 0.297000 0.561183 0.408000 0.057784
1 0.815000 0.676751 0.176000 0.057784
1 0.498000 0.618967 0.810000 0.057784
1 0.696500 0.735214 0.413000 0.059143
1 0.410000 0.676751 0.634000 0.057784
1 0.291500 0.735214 0.397000 0.059143
1 0.498000 0.793678 0.810000 0.057784
1 0.498000 0.851462 0.810000 0.057784
1 0.781500 0.911965 0.243000 0.063222
1 0.376500 0.911965 0.567000 0.063222
0 0.142500 0.792658 0.059000 0.046227
0 0.143000 0.912644 0.058000 0.044188
0 0.447500 0.213460 0.059000 0.044867
0 0.686500 0.384772 0.059000 0.046227
0 0.751500 0.154997 0.059000 0.047587
0 0.692000 0.911965 0.060000 0.045547
0 0.522500 0.735894 0.059000 0.045547
0 0.764500 0.442216 0.059000 0.046907
0 0.267000 0.269545 0.060000 0.046907
0 0.535000 0.561523 0.058000 0.044867
0 0.758000 0.677090 0.058000 0.044867