1 0.501000 0.093134 0.816000 0.058464
1 0.612000 0.151258 0.594000 0.057784
1 0.501000 0.267505 0.816000 0.174711
1 0.704500 0.384432 0.409000 0.059143
1 0.204000 0.151258 0.222000 0.057784
1 0.501000 0.472128 0.816000 0.116247
1 0.296500 0.384432 0.407000 0.059143
1 0.736500 0.617947 0.345000 0.058464
1 0.501000 0.559483 0.816000 0.058464
1 0.501000 0.676411 0.816000 0.058464
1 0.328500 0.617947 0.471000 0.058464
1 0.501000 0.734534 0.816000 0.057784
1 0.769000 0.792318 0.280000 0.057784
1 0.501000 0.882393 0.816000 0.122366
1 0.361000 0.792318 0.536000 0.057784
0 0.659000 0.792318 0.060000 0.046907
0 0.530000 0.385112 0.058000 0.045547
0 0.598500 0.617607 0.059000 0.046907
0 0.141000 0.911625 0.058000 0.046227
0 0.142000 0.501020 0.060000 0.044867
0 0.143500 0.676411 0.059000 0.043508
0 0.347000 0.151598 0.058000 0.044867