1 0.509500 0.239669 0.697000 0.050964
1 0.726000 0.662190 0.364000 0.051653
1 0.352000 0.662190 0.382000 0.051653
1 0.411500 0.505854 0.499000 0.051653
1 0.475000 0.769284 0.626000 0.055096
1 0.422000 0.188361 0.522000 0.051653
1 0.535000 0.715220 0.748000 0.053030
1 0.535000 0.583678 0.746000 0.103994
1 0.733500 0.293044 0.351000 0.055785
1 0.534500 0.452824 0.745000 0.054408
1 0.784500 0.505854 0.249000 0.051653
1 0.359000 0.293044 0.396000 0.055785
1 0.650500 0.398760 0.515000 0.053719
1 0.277000 0.398760 0.232000 0.053719
1 0.795500 0.188361 0.225000 0.051653
1 0.537000 0.876722 0.746000 0.060606
1 0.535000 0.346074 0.748000 0.050275
1 0.245500 0.821625 0.169000 0.049587
1 0.619500 0.821625 0.579000 0.049587
1 0.849000 0.768939 0.120000 0.054408
1 0.883500 0.239669 0.051000 0.050964
0 0.682000 0.509298 0.042000 0.032369
0 0.566000 0.664256 0.042000 0.032369
0 0.579000 0.297865 0.042000 0.032369
0 0.350500 0.825413 0.041000 0.032369
0 0.187000 0.506887 0.042000 0.031680
0 0.198500 0.878099 0.043000 0.031680
0 0.412500 0.402548 0.041000 0.032369
0 0.706000 0.190771 0.042000 0.031680
0 0.880500 0.245179 0.043000 0.031680
0 0.811000 0.774793 0.042000 0.031680
1 0.536500 0.130165 0.745000 0.064738