1 0.532000 0.318182 0.752000 0.112948
1 0.709000 0.557507 0.294000 0.055785
1 0.768000 0.400826 0.280000 0.053719
1 0.333500 0.767218 0.347000 0.052342
1 0.767500 0.179063 0.281000 0.053719
1 0.426000 0.557507 0.272000 0.055785
1 0.459000 0.179063 0.336000 0.053719
1 0.312000 0.502410 0.304000 0.053030
1 0.633000 0.502755 0.336000 0.053719
1 0.486500 0.400482 0.283000 0.053030
1 0.674500 0.451791 0.359000 0.048209
1 0.253000 0.400826 0.186000 0.052342
1 0.322000 0.610193 0.324000 0.049587
1 0.717500 0.715909 0.277000 0.050275
1 0.555000 0.662879 0.374000 0.055785
1 0.368500 0.716253 0.419000 0.050964
1 0.763000 0.233815 0.290000 0.055785
1 0.327500 0.451791 0.335000 0.048209
1 0.707500 0.766873 0.401000 0.051653
1 0.824500 0.610193 0.167000 0.049587
1 0.263500 0.662879 0.207000 0.055785
1 0.267500 0.233815 0.215000 0.055785
1 0.825000 0.662879 0.166000 0.055785
1 0.286500 0.821625 0.255000 0.056474
1 0.612500 0.610193 0.257000 0.049587
1 0.354500 0.124656 0.389000 0.055096
1 0.496500 0.233815 0.243000 0.055785
1 0.728500 0.124656 0.359000 0.055096
1 0.854500 0.502410 0.107000 0.053030
1 0.225000 0.179063 0.130000 0.053719
1 0.224500 0.557507 0.129000 0.055785
1 0.881500 0.451791 0.053000 0.048209
1 0.882500 0.557507 0.053000 0.055785
1 0.882500 0.716253 0.053000 0.050964
1 0.660500 0.820937 0.495000 0.056474
0 0.569000 0.125000 0.044000 0.033747
0 0.435000 0.825069 0.044000 0.034435
0 0.648000 0.178375 0.042000 0.033058
0 0.311000 0.560606 0.044000 0.033058
0 0.584000 0.560262 0.044000 0.033747
0 0.192000 0.769284 0.044000 0.033058
0 0.367000 0.404614 0.044000 0.033747
0 0.190000 0.125344 0.044000 0.033058
0 0.388500 0.664256 0.043000 0.033747
0 0.486000 0.509298 0.044000 0.033747
0 0.529500 0.770317 0.045000 0.033747
0 0.189500 0.825758 0.045000 0.033058
0 0.822000 0.509298 0.042000 0.032369
0 0.638000 0.231749 0.042000 0.032369
0 0.312000 0.178375 0.042000 0.033058
0 0.649500 0.405992 0.043000 0.033747
0 0.190500 0.233127 0.045000 0.033747
0 0.396000 0.233127 0.044000 0.033747
0 0.505000 0.612259 0.044000 0.033058
0 0.763500 0.665978 0.043000 0.033058
0 0.878000 0.559573 0.044000 0.033747
0 0.877000 0.457645 0.044000 0.032369
0 0.191500 0.611226 0.045000 0.033747
0 0.879000 0.718664 0.044000 0.033747
0 0.600500 0.718320 0.043000 0.033058
0 0.517000 0.456956 0.044000 0.032369
0 0.762500 0.613292 0.043000 0.033747