1 0.798000 0.150578 0.212000 0.057784
1 0.498500 0.091774 0.811000 0.059823
1 0.587500 0.209041 0.633000 0.059143
1 0.392500 0.150578 0.599000 0.057784
1 0.830000 0.384092 0.148000 0.058464
1 0.498500 0.296737 0.811000 0.116247
1 0.182000 0.209041 0.178000 0.059143
1 0.424500 0.384092 0.663000 0.058464
1 0.498500 0.501020 0.811000 0.175391
1 0.769500 0.734874 0.269000 0.057104
1 0.498500 0.647519 0.811000 0.117607
1 0.364000 0.734874 0.542000 0.057104
1 0.498500 0.853501 0.811000 0.180150
0 0.788500 0.383073 0.059000 0.046907
0 0.668000 0.733855 0.060000 0.046907
0 0.143500 0.558464 0.059000 0.046907
0 0.144000 0.909925 0.060000 0.045547
0 0.303000 0.208702 0.060000 0.047587
0 0.727500 0.150238 0.061000 0.044867