1 0.672000 0.152617 0.472000 0.057784
1 0.502000 0.094494 0.812000 0.058464
1 0.502000 0.298436 0.812000 0.233855
1 0.266000 0.152617 0.340000 0.057784
1 0.685000 0.444256 0.446000 0.057784
1 0.279000 0.444256 0.366000 0.057784
1 0.502000 0.560503 0.812000 0.174711
1 0.649500 0.677090 0.517000 0.058464
1 0.601500 0.735554 0.613000 0.058464
1 0.243500 0.677090 0.295000 0.058464
1 0.502000 0.854181 0.812000 0.178790
1 0.195500 0.735554 0.199000 0.058464
0 0.145500 0.910265 0.059000 0.044867
0 0.328000 0.734534 0.060000 0.045547
0 0.494500 0.442216 0.061000 0.046907
0 0.469000 0.151598 0.060000 0.044867
0 0.424000 0.676071 0.060000 0.044188