1 0.644500 0.150238 0.523000 0.058464
1 0.499500 0.091434 0.813000 0.059143
1 0.865500 0.267505 0.081000 0.057784
1 0.238000 0.150238 0.290000 0.058464
1 0.499500 0.209041 0.813000 0.059143
1 0.778500 0.384092 0.255000 0.058464
1 0.459000 0.267505 0.732000 0.057784
1 0.499500 0.325629 0.813000 0.058464
1 0.693000 0.442896 0.426000 0.059143
1 0.372000 0.384092 0.558000 0.058464
1 0.808000 0.501360 0.196000 0.057784
1 0.286500 0.442896 0.387000 0.059143
1 0.629500 0.559483 0.553000 0.058464
1 0.401500 0.501360 0.617000 0.057784
1 0.576000 0.676751 0.660000 0.059143
1 0.499500 0.617947 0.813000 0.058464
1 0.223000 0.559483 0.260000 0.058464
1 0.169500 0.676751 0.153000 0.059143
1 0.499500 0.764446 0.813000 0.116247
1 0.597000 0.851462 0.618000 0.057784
1 0.190500 0.851462 0.195000 0.057784
1 0.499500 0.911625 0.813000 0.062542
0 0.857000 0.268185 0.058000 0.046907
0 0.743500 0.501700 0.059000 0.044867
0 0.323000 0.851801 0.060000 0.044867
0 0.144000 0.911285 0.058000 0.045547
0 0.512500 0.442216 0.061000 0.046907
0 0.419000 0.151258 0.060000 0.044188
0 0.384500 0.559143 0.059000 0.045547
0 0.682000 0.385792 0.058000 0.044188
0 0.275500 0.676751 0.061000 0.044188