1 0.534500 0.398072 0.745000 0.159780
1 0.509500 0.664256 0.699000 0.054408
1 0.756000 0.821970 0.306000 0.051653
1 0.509500 0.717975 0.697000 0.053030
1 0.380500 0.556129 0.437000 0.054408
1 0.535500 0.610193 0.743000 0.053719
1 0.754000 0.556129 0.310000 0.054408
1 0.535000 0.877410 0.748000 0.059229
1 0.278500 0.503788 0.233000 0.050275
1 0.282000 0.292700 0.242000 0.050964
1 0.536500 0.769972 0.745000 0.052342
1 0.651500 0.503788 0.513000 0.050275
1 0.534500 0.181129 0.747000 0.170799
1 0.381500 0.821970 0.441000 0.051653
1 0.655500 0.292700 0.507000 0.050964
1 0.884000 0.663912 0.050000 0.053719
1 0.884500 0.717631 0.049000 0.053719
0 0.187500 0.880510 0.043000 0.032369
0 0.426000 0.297521 0.042000 0.031680
0 0.415500 0.509298 0.041000 0.032369
0 0.625000 0.828512 0.042000 0.031680
0 0.882000 0.722796 0.042000 0.032369
0 0.622500 0.562328 0.041000 0.030992
0 0.881000 0.670455 0.042000 0.032369