1 0.534000 0.634986 0.746000 0.213499
1 0.508000 0.289945 0.698000 0.055096
1 0.535500 0.235537 0.743000 0.053719
1 0.433500 0.501722 0.545000 0.054408
1 0.535500 0.344353 0.747000 0.053719
1 0.302000 0.181474 0.282000 0.054408
1 0.534500 0.449380 0.745000 0.050275
1 0.508500 0.397383 0.697000 0.052342
1 0.675000 0.181474 0.466000 0.054408
1 0.807000 0.501722 0.202000 0.054408
1 0.232000 0.768251 0.144000 0.053030
1 0.532500 0.850207 0.749000 0.112259
1 0.605500 0.768251 0.605000 0.053030
1 0.882500 0.290289 0.051000 0.054408
1 0.883500 0.397383 0.051000 0.052342
0 0.481500 0.184229 0.043000 0.033747
0 0.191000 0.872934 0.044000 0.033747
0 0.325500 0.768251 0.043000 0.033747
0 0.728000 0.504821 0.044000 0.033058
0 0.881000 0.399105 0.044000 0.033747
0 0.880500 0.293733 0.045000 0.033747
1 0.535500 0.125344 0.751000 0.059229