1 0.646500 0.152617 0.527000 0.057784
1 0.501000 0.094494 0.818000 0.058464
1 0.677500 0.210741 0.465000 0.058464
1 0.237500 0.152617 0.291000 0.057784
1 0.651500 0.326988 0.517000 0.058464
1 0.501000 0.268865 0.818000 0.057784
1 0.268500 0.210741 0.353000 0.058464
1 0.501000 0.443236 0.818000 0.174031
1 0.242500 0.326988 0.301000 0.058464
1 0.501000 0.559143 0.818000 0.057784
1 0.648500 0.617607 0.523000 0.059143
1 0.239500 0.617607 0.295000 0.059143
1 0.787000 0.791638 0.246000 0.057784
1 0.501000 0.704963 0.818000 0.115568
1 0.640500 0.849762 0.539000 0.058464
1 0.378000 0.791638 0.572000 0.057784
1 0.231500 0.849762 0.279000 0.058464
1 0.501000 0.909585 0.818000 0.061183
0 0.142500 0.500000 0.059000 0.044188
0 0.419500 0.616247 0.059000 0.045547
0 0.142500 0.908566 0.059000 0.046907
0 0.696500 0.791638 0.059000 0.046907
0 0.404500 0.848063 0.061000 0.044188
0 0.416000 0.153977 0.060000 0.045547
0 0.476000 0.210741 0.060000 0.044867
0 0.428500 0.327328 0.059000 0.045547