1 0.461500 0.663912 0.747000 0.158402
1 0.461000 0.452135 0.746000 0.161846
1 0.521500 0.238636 0.625000 0.055785
1 0.461000 0.292700 0.748000 0.053719
1 0.547000 0.183196 0.576000 0.055096
1 0.659000 0.769972 0.352000 0.053719
1 0.285500 0.769972 0.395000 0.053719
1 0.173000 0.183196 0.170000 0.055096
1 0.436000 0.345386 0.696000 0.051653
1 0.148000 0.238636 0.120000 0.055785
1 0.461500 0.851584 0.747000 0.109504
1 0.492000 0.558884 0.684000 0.051653
1 0.119000 0.559229 0.062000 0.052342
1 0.810000 0.345386 0.050000 0.051653
0 0.172000 0.561295 0.044000 0.033058
0 0.117000 0.881543 0.044000 0.033058
0 0.505000 0.776171 0.044000 0.033058
0 0.281000 0.188017 0.044000 0.033058
0 0.230500 0.242080 0.043000 0.033747
0 0.808000 0.350551 0.044000 0.033058
1 0.461500 0.126377 0.745000 0.058540