1 0.499500 0.121686 0.815000 0.118287
1 0.499500 0.238953 0.815000 0.116247
1 0.592000 0.325969 0.630000 0.057784
1 0.184500 0.325969 0.185000 0.057784
1 0.499500 0.442896 0.815000 0.176071
1 0.499500 0.618287 0.815000 0.174711
1 0.662000 0.851462 0.490000 0.057784
1 0.499500 0.764106 0.815000 0.116927
1 0.254500 0.851462 0.325000 0.057784
1 0.499500 0.911285 0.815000 0.061863
0 0.142500 0.912305 0.059000 0.044867
0 0.144000 0.500680 0.058000 0.044188
0 0.142500 0.676411 0.059000 0.043508
0 0.309000 0.326649 0.060000 0.044188
0 0.447500 0.852141 0.059000 0.044188
0 0.142000 0.150918 0.058000 0.043508