1 0.534500 0.479683 0.747000 0.108127
1 0.535000 0.586088 0.746000 0.107438
1 0.604500 0.239669 0.609000 0.053719
1 0.334000 0.666322 0.346000 0.053030
1 0.639000 0.293388 0.540000 0.053719
1 0.265500 0.293388 0.209000 0.053719
1 0.616000 0.185606 0.584000 0.054408
1 0.510500 0.399793 0.697000 0.051653
1 0.536000 0.851584 0.748000 0.109504
1 0.707500 0.666322 0.403000 0.053030
1 0.535000 0.347107 0.748000 0.053719
1 0.243000 0.185950 0.162000 0.055096
1 0.282000 0.768939 0.240000 0.055785
1 0.655000 0.769284 0.508000 0.055096
1 0.534500 0.717287 0.747000 0.048898
1 0.230500 0.240014 0.139000 0.053030
1 0.885000 0.400482 0.048000 0.051653
0 0.205500 0.884642 0.043000 0.032369
0 0.390500 0.298209 0.041000 0.031680
0 0.321000 0.245523 0.042000 0.032369
0 0.204000 0.510331 0.042000 0.031680
0 0.424000 0.776860 0.042000 0.031680
0 0.345500 0.191116 0.041000 0.032369
1 0.535000 0.127755 0.748000 0.061295
0 0.882000 0.403926 0.042000 0.032369
0 0.527500 0.670799 0.041000 0.031680