1 0.534500 0.368802 0.747000 0.106749
1 0.533000 0.742769 0.748000 0.106749
1 0.316500 0.505165 0.311000 0.053030
1 0.535000 0.583333 0.746000 0.103306
1 0.690500 0.505165 0.435000 0.053030
1 0.563500 0.662534 0.691000 0.055096
1 0.535500 0.450758 0.745000 0.055785
1 0.561500 0.289601 0.693000 0.053030
1 0.535500 0.878788 0.749000 0.056474
1 0.510000 0.823347 0.698000 0.054408
1 0.884500 0.823691 0.049000 0.053719
1 0.535000 0.179408 0.746000 0.167355
1 0.189000 0.662534 0.056000 0.055096
0 0.195500 0.399105 0.043000 0.032369
1 0.187500 0.289601 0.053000 0.053030
0 0.193000 0.881887 0.042000 0.032369
0 0.493500 0.507231 0.043000 0.032369
0 0.238000 0.667355 0.042000 0.033058
0 0.882500 0.828857 0.043000 0.032369
0 0.237000 0.293044 0.042000 0.032369