1 0.462000 0.637397 0.746000 0.108127
1 0.556000 0.238981 0.558000 0.055096
1 0.257000 0.183884 0.338000 0.055096
1 0.630500 0.184229 0.407000 0.054408
1 0.434000 0.717287 0.696000 0.051653
1 0.464000 0.770317 0.742000 0.054408
1 0.269500 0.556129 0.363000 0.054408
1 0.643000 0.556129 0.384000 0.054408
1 0.436500 0.501722 0.695000 0.054408
1 0.350500 0.823347 0.527000 0.051653
1 0.724500 0.823347 0.221000 0.051653
1 0.633000 0.345041 0.404000 0.052342
1 0.461000 0.448691 0.746000 0.051653
1 0.461500 0.292700 0.747000 0.053719
1 0.183000 0.238981 0.190000 0.055096
1 0.259000 0.345041 0.344000 0.052342
1 0.508000 0.397039 0.654000 0.051653
1 0.461500 0.878099 0.747000 0.057851
1 0.810000 0.501722 0.052000 0.054408
1 0.134000 0.397039 0.092000 0.051653
1 0.809000 0.717287 0.052000 0.051653
0 0.114000 0.878788 0.044000 0.033058
0 0.299000 0.240358 0.042000 0.033058
0 0.204000 0.399449 0.044000 0.033058
0 0.448500 0.186295 0.043000 0.033747
0 0.805000 0.720041 0.044000 0.032369
0 0.451500 0.345730 0.043000 0.033058
0 0.472500 0.559917 0.043000 0.033058
0 0.807000 0.507231 0.044000 0.032369
0 0.635500 0.826102 0.043000 0.032369
1 0.461500 0.126722 0.747000 0.060606