1 0.500500 0.094154 0.815000 0.057784
1 0.762000 0.211081 0.292000 0.057784
1 0.500500 0.152617 0.815000 0.059143
1 0.611000 0.269205 0.594000 0.058464
1 0.354500 0.211081 0.523000 0.057784
1 0.203500 0.269205 0.221000 0.058464
1 0.738500 0.327668 0.339000 0.058464
1 0.331000 0.327668 0.476000 0.058464
1 0.753000 0.444256 0.310000 0.057784
1 0.500500 0.386132 0.815000 0.058464
1 0.699000 0.502719 0.418000 0.059143
1 0.345500 0.444256 0.505000 0.057784
1 0.291500 0.502719 0.397000 0.059143
1 0.586000 0.561183 0.644000 0.057784
1 0.178500 0.561183 0.171000 0.057784
1 0.643500 0.618967 0.529000 0.057784
1 0.236000 0.618967 0.286000 0.057784
1 0.693000 0.677430 0.430000 0.059143
1 0.285500 0.677430 0.385000 0.059143
1 0.500500 0.735894 0.815000 0.057784
1 0.803000 0.793678 0.210000 0.057784
1 0.512000 0.793678 0.372000 0.057784
1 0.209500 0.793678 0.233000 0.057784
1 0.739500 0.851462 0.337000 0.057784
1 0.802500 0.911285 0.211000 0.061863
1 0.332000 0.851462 0.478000 0.057784
1 0.395000 0.911285 0.604000 0.061863
0 0.730500 0.910605 0.059000 0.045547
0 0.604500 0.851122 0.059000 0.043508
0 0.349000 0.267845 0.060000 0.046227
0 0.524000 0.502719 0.062000 0.045547
0 0.731500 0.792998 0.059000 0.046907
0 0.510000 0.677430 0.058000 0.044188
0 0.299500 0.561183 0.059000 0.045547
0 0.143000 0.911285 0.058000 0.045547
0 0.631500 0.443236 0.059000 0.047587
0 0.649000 0.210401 0.060000 0.045547
0 0.142500 0.327328 0.059000 0.044188
0 0.357000 0.792998 0.060000 0.046907
0 0.143000 0.095173 0.058000 0.044867
0 0.411000 0.618287 0.060000 0.046907
0 0.603000 0.327668 0.058000 0.044867