1 0.811500 0.153977 0.185000 0.059143
1 0.498500 0.095173 0.811000 0.058464
1 0.406000 0.153977 0.626000 0.059143
1 0.498500 0.212441 0.811000 0.057784
1 0.498500 0.270224 0.811000 0.057784
1 0.498500 0.328348 0.811000 0.058464
1 0.563000 0.502719 0.682000 0.057784
1 0.498500 0.415704 0.811000 0.116247
1 0.784000 0.618967 0.240000 0.057784
1 0.498500 0.560843 0.811000 0.058464
1 0.157500 0.502719 0.129000 0.057784
1 0.863000 0.677090 0.082000 0.058464
1 0.378500 0.618967 0.571000 0.057784
1 0.818500 0.793678 0.171000 0.057784
1 0.498500 0.735554 0.811000 0.058464
1 0.457500 0.677090 0.729000 0.058464
1 0.636500 0.851462 0.535000 0.057784
1 0.413000 0.793678 0.640000 0.057784
1 0.498500 0.911285 0.811000 0.061863
1 0.231000 0.851462 0.276000 0.057784
0 0.144000 0.911965 0.058000 0.045547
0 0.255500 0.503739 0.059000 0.046227
0 0.402000 0.853161 0.058000 0.044867
0 0.749000 0.153637 0.058000 0.046227
0 0.143500 0.212441 0.059000 0.045547
0 0.855500 0.678450 0.061000 0.046227
0 0.144000 0.328688 0.058000 0.045547
0 0.765500 0.793678 0.059000 0.044188
0 0.696000 0.619646 0.060000 0.046907
0 0.145000 0.270904 0.060000 0.045547