1 0.562500 0.211421 0.685000 0.058464
1 0.499000 0.124065 0.812000 0.116247
1 0.156500 0.211421 0.127000 0.058464
1 0.499000 0.269545 0.812000 0.057784
1 0.499000 0.327328 0.812000 0.057784
1 0.811500 0.385452 0.187000 0.058464
1 0.499000 0.472468 0.812000 0.115568
1 0.405500 0.385452 0.625000 0.058464
1 0.656000 0.559143 0.498000 0.057784
1 0.499000 0.616927 0.812000 0.057784
1 0.250000 0.559143 0.314000 0.057784
1 0.862500 0.675051 0.085000 0.058464
1 0.456500 0.675051 0.727000 0.058464
1 0.581000 0.732835 0.648000 0.057104
1 0.175000 0.732835 0.164000 0.057104
1 0.568000 0.848742 0.674000 0.057784
1 0.499000 0.790619 0.812000 0.058464
1 0.162000 0.848742 0.138000 0.057784
1 0.499000 0.908566 0.812000 0.061863
0 0.143000 0.907546 0.058000 0.046227
0 0.256000 0.210401 0.060000 0.044188
0 0.440500 0.558464 0.061000 0.045547
0 0.294000 0.732495 0.060000 0.045547
0 0.142500 0.268525 0.059000 0.046227
0 0.263500 0.848742 0.059000 0.044188
0 0.857000 0.674371 0.060000 0.044867
0 0.754000 0.385112 0.060000 0.045547