1 0.499500 0.152957 0.813000 0.175391
1 0.864500 0.269545 0.083000 0.057784
1 0.499500 0.356900 0.813000 0.116927
1 0.458000 0.269545 0.730000 0.057784
1 0.674000 0.444256 0.464000 0.057784
1 0.499500 0.502039 0.813000 0.057784
1 0.267500 0.444256 0.349000 0.057784
1 0.499500 0.589395 0.813000 0.116927
1 0.750000 0.735214 0.312000 0.059143
1 0.499500 0.676751 0.813000 0.057784
1 0.765500 0.793678 0.281000 0.057784
1 0.343500 0.735214 0.501000 0.059143
1 0.805000 0.911625 0.202000 0.062542
1 0.499500 0.851462 0.813000 0.057784
1 0.359000 0.793678 0.532000 0.057784
1 0.398500 0.911625 0.611000 0.062542
0 0.741500 0.911965 0.059000 0.045547
0 0.143000 0.616927 0.060000 0.046907
0 0.143500 0.910605 0.059000 0.045547
0 0.660000 0.792658 0.060000 0.047587
0 0.627500 0.734194 0.059000 0.046227
0 0.476000 0.442896 0.060000 0.046907
0 0.144000 0.501020 0.058000 0.044867
0 0.856000 0.269545 0.060000 0.046907