1 0.595000 0.663912 0.628000 0.053719
1 0.455000 0.453168 0.586000 0.050964
1 0.535000 0.237948 0.746000 0.050275
1 0.534500 0.744146 0.747000 0.106749
1 0.535000 0.609848 0.748000 0.053030
1 0.434000 0.824725 0.546000 0.054408
1 0.565000 0.290634 0.588000 0.055096
1 0.625000 0.185606 0.568000 0.054408
1 0.537000 0.505165 0.752000 0.053030
1 0.252000 0.185606 0.180000 0.054408
1 0.535000 0.345386 0.750000 0.054408
1 0.587000 0.557507 0.640000 0.051653
1 0.808000 0.825069 0.202000 0.055096
1 0.535000 0.400138 0.746000 0.055096
1 0.221000 0.663912 0.120000 0.055096
1 0.828500 0.452824 0.159000 0.051653
1 0.216500 0.290289 0.111000 0.054408
1 0.534500 0.879477 0.747000 0.055096
1 0.213500 0.557507 0.105000 0.051653
1 0.885000 0.290289 0.048000 0.054408
0 0.192500 0.881543 0.043000 0.031680
0 0.293500 0.296143 0.041000 0.031680
0 0.772000 0.457300 0.042000 0.031680
0 0.303000 0.669421 0.042000 0.031680
0 0.188500 0.346074 0.043000 0.032369
0 0.288000 0.562672 0.042000 0.031680
0 0.882500 0.297176 0.043000 0.032369
0 0.729500 0.830234 0.043000 0.032369
0 0.365500 0.189738 0.043000 0.032369
1 0.536000 0.127755 0.746000 0.061295