1 0.461500 0.689738 0.747000 0.103994
1 0.461000 0.584022 0.746000 0.107438
1 0.461500 0.824036 0.749000 0.164601
1 0.245000 0.505165 0.316000 0.050275
1 0.585500 0.399449 0.499000 0.052342
1 0.619000 0.505165 0.432000 0.050275
1 0.212000 0.399449 0.248000 0.052342
1 0.678500 0.346419 0.313000 0.053719
1 0.461500 0.452824 0.747000 0.054408
1 0.460000 0.293388 0.748000 0.052342
1 0.462000 0.185606 0.748000 0.054408
1 0.434500 0.240014 0.695000 0.054408
1 0.305000 0.346419 0.434000 0.053719
1 0.808500 0.240014 0.053000 0.054408
0 0.121000 0.616736 0.042000 0.032369
1 0.461500 0.127755 0.747000 0.061295
0 0.424500 0.510331 0.041000 0.031680
0 0.116000 0.137741 0.042000 0.031680
0 0.115500 0.719697 0.041000 0.031680
0 0.116000 0.243457 0.042000 0.032369
0 0.122000 0.880854 0.042000 0.031680
0 0.357000 0.403581 0.042000 0.031680
0 0.544000 0.349174 0.042000 0.031680
0 0.803000 0.242080 0.042000 0.032369