1 0.663000 0.152277 0.482000 0.058464
1 0.498500 0.093474 0.811000 0.059143
1 0.679500 0.210401 0.449000 0.057784
1 0.257500 0.152277 0.329000 0.058464
1 0.498500 0.297757 0.811000 0.116927
1 0.274000 0.210401 0.362000 0.057784
1 0.684500 0.385112 0.439000 0.057784
1 0.498500 0.472808 0.811000 0.117607
1 0.279000 0.385112 0.372000 0.057784
1 0.573000 0.560163 0.662000 0.057104
1 0.544500 0.676751 0.719000 0.057784
1 0.498500 0.618287 0.811000 0.059143
1 0.167500 0.560163 0.149000 0.057104
1 0.498500 0.764106 0.811000 0.116927
1 0.139000 0.676751 0.092000 0.057784
1 0.863500 0.851462 0.081000 0.057784
1 0.498500 0.911285 0.811000 0.061863
1 0.458000 0.851462 0.730000 0.057784
0 0.274500 0.557444 0.059000 0.046227
0 0.854000 0.849762 0.060000 0.043508
0 0.219000 0.674711 0.058000 0.044188
0 0.143000 0.909585 0.058000 0.046227
0 0.486000 0.208022 0.060000 0.047587
0 0.498000 0.383413 0.060000 0.046227
0 0.455500 0.149218 0.059000 0.045547