1 0.868000 0.148538 0.080000 0.059143
1 0.500500 0.089395 0.815000 0.059143
1 0.460500 0.148538 0.735000 0.059143
1 0.500500 0.236574 0.815000 0.116927
1 0.701500 0.324269 0.413000 0.058464
1 0.563000 0.382733 0.690000 0.058464
1 0.294000 0.324269 0.402000 0.058464
1 0.155500 0.382733 0.125000 0.058464
1 0.500500 0.500000 0.815000 0.176071
1 0.620500 0.616927 0.575000 0.057784
1 0.500500 0.675051 0.815000 0.058464
1 0.213000 0.616927 0.240000 0.057784
1 0.755000 0.734194 0.306000 0.059823
1 0.500500 0.792998 0.815000 0.057784
1 0.347500 0.734194 0.509000 0.059823
1 0.596000 0.851122 0.624000 0.058464
1 0.188500 0.851122 0.191000 0.058464
1 0.500500 0.911625 0.815000 0.062542
0 0.638000 0.733175 0.060000 0.046907
0 0.144500 0.909925 0.059000 0.045547
0 0.861000 0.147519 0.058000 0.046227
0 0.365000 0.616927 0.058000 0.046907
0 0.317500 0.850782 0.059000 0.044188
0 0.250500 0.382393 0.059000 0.048266
0 0.531000 0.323929 0.058000 0.044188