1 0.495000 0.614669 0.404000 0.053030
1 0.336000 0.829545 0.496000 0.054408
1 0.461000 0.288912 0.748000 0.054408
1 0.461500 0.533747 0.747000 0.108815
1 0.347500 0.236570 0.523000 0.050275
1 0.189500 0.614325 0.205000 0.052342
1 0.461500 0.748278 0.747000 0.108127
1 0.435000 0.343320 0.696000 0.054408
1 0.196000 0.395661 0.216000 0.051653
1 0.722000 0.236570 0.226000 0.050275
1 0.709500 0.829545 0.251000 0.054408
1 0.497500 0.667700 0.675000 0.054408
1 0.569500 0.395661 0.531000 0.051653
1 0.461500 0.184917 0.747000 0.053030
1 0.766000 0.614669 0.138000 0.053030
1 0.124000 0.667700 0.072000 0.054408
1 0.809500 0.342975 0.051000 0.053719
0 0.125000 0.883609 0.042000 0.031680
0 0.314000 0.618457 0.042000 0.031680
0 0.115000 0.135331 0.042000 0.032369
0 0.115500 0.454201 0.043000 0.032369
0 0.719000 0.619146 0.042000 0.033058
0 0.805500 0.349518 0.043000 0.032369
0 0.605000 0.831956 0.042000 0.031680
0 0.630500 0.242424 0.041000 0.031680
1 0.462000 0.450413 0.748000 0.057851
1 0.462500 0.881887 0.749000 0.050275
0 0.181000 0.671832 0.042000 0.032369
0 0.327500 0.401515 0.043000 0.031680
1 0.462000 0.127755 0.746000 0.061295