1 0.759500 0.144120 0.297000 0.058464
1 0.500500 0.085316 0.815000 0.059143
1 0.487500 0.144120 0.247000 0.058464
1 0.228500 0.144120 0.271000 0.058464
1 0.756500 0.202243 0.303000 0.057784
1 0.471500 0.202243 0.267000 0.057784
1 0.872000 0.260367 0.072000 0.058464
1 0.215500 0.202243 0.245000 0.057784
1 0.692500 0.260367 0.287000 0.058464
1 0.354500 0.260367 0.389000 0.058464
1 0.767000 0.318151 0.282000 0.057104
1 0.126500 0.260367 0.067000 0.058464
1 0.447500 0.318151 0.357000 0.057104
1 0.184000 0.318151 0.182000 0.057104
1 0.802000 0.375935 0.212000 0.058464
1 0.540000 0.375935 0.312000 0.058464
1 0.737500 0.434058 0.341000 0.057784
1 0.238500 0.375935 0.291000 0.058464
1 0.330000 0.434058 0.474000 0.057784
1 0.654000 0.492182 0.508000 0.058464
1 0.246500 0.492182 0.307000 0.058464
1 0.782000 0.678790 0.252000 0.057784
1 0.500500 0.621006 0.815000 0.057784
1 0.539500 0.678790 0.233000 0.057784
1 0.258000 0.678790 0.330000 0.057784
1 0.777000 0.736574 0.262000 0.057784
1 0.504500 0.736574 0.283000 0.057784
1 0.228000 0.736574 0.270000 0.057784
1 0.762500 0.794697 0.291000 0.058464
1 0.453000 0.794697 0.328000 0.058464
1 0.191000 0.794697 0.196000 0.058464
1 0.868000 0.852821 0.080000 0.057784
1 0.691500 0.852821 0.273000 0.057784
1 0.380000 0.852821 0.350000 0.057784
1 0.822500 0.912305 0.171000 0.061183
1 0.149000 0.852821 0.112000 0.057784
1 0.572500 0.912305 0.329000 0.061183
1 0.250500 0.912305 0.315000 0.061183
0 0.587500 0.852481 0.059000 0.044867
0 0.766500 0.912305 0.059000 0.044867
0 0.393500 0.737254 0.059000 0.044188
0 0.441500 0.911625 0.059000 0.044867
0 0.646500 0.794018 0.059000 0.047587
0 0.661500 0.317471 0.063000 0.046227
0 0.143500 0.914684 0.059000 0.044188
0 0.641500 0.143440 0.061000 0.047587
0 0.235500 0.852141 0.059000 0.045547
0 0.303000 0.317811 0.058000 0.046907
0 0.678500 0.737254 0.059000 0.045547
0 0.141500 0.143100 0.057000 0.046907
0 0.143500 0.737254 0.059000 0.045547
0 0.141500 0.491502 0.057000 0.046227
0 0.320000 0.793338 0.062000 0.047587
0 0.600000 0.434738 0.060000 0.046907
0 0.858500 0.852141 0.059000 0.044188
0 0.454500 0.679130 0.059000 0.047587
0 0.689000 0.679470 0.060000 0.046907
0 0.396000 0.143440 0.060000 0.047587
0 0.142500 0.679470 0.059000 0.046907
0 0.195500 0.260707 0.059000 0.045547
0 0.639000 0.203603 0.058000 0.045547
0 0.583500 0.261387 0.057000 0.048266
0 0.724500 0.376275 0.059000 0.044188
0 0.866500 0.259347 0.063000 0.046907
0 0.369500 0.201564 0.057000 0.044188
0 0.418000 0.375935 0.058000 0.044867
0 0.429500 0.492522 0.059000 0.048266