1 0.499500 0.093814 0.813000 0.059823
1 0.708000 0.152617 0.396000 0.057784
1 0.499500 0.211081 0.813000 0.059143
1 0.640500 0.269545 0.531000 0.057784
1 0.301500 0.152617 0.417000 0.057784
1 0.234000 0.269545 0.282000 0.057784
1 0.649000 0.327328 0.514000 0.057784
1 0.242500 0.327328 0.299000 0.057784
1 0.616500 0.502039 0.579000 0.057784
1 0.499500 0.414684 0.813000 0.116927
1 0.210000 0.502039 0.234000 0.057784
1 0.499500 0.589395 0.813000 0.116927
1 0.669500 0.676751 0.473000 0.057784
1 0.606500 0.793678 0.599000 0.057784
1 0.263000 0.676751 0.340000 0.057784
1 0.499500 0.735214 0.813000 0.059143
1 0.579500 0.851801 0.653000 0.058464
1 0.200000 0.793678 0.214000 0.057784
1 0.173000 0.851801 0.160000 0.058464
1 0.499500 0.911965 0.813000 0.061863
0 0.406000 0.266485 0.060000 0.046227
0 0.285000 0.850782 0.062000 0.044188
0 0.338000 0.791298 0.060000 0.046227
0 0.144000 0.910605 0.058000 0.045547
0 0.359500 0.499660 0.061000 0.044867
0 0.547000 0.150918 0.060000 0.044867
0 0.423500 0.326649 0.059000 0.044188
0 0.463500 0.676071 0.059000 0.044188