1 0.535000 0.608471 0.746000 0.055785
1 0.677500 0.662190 0.461000 0.051653
1 0.429000 0.452824 0.534000 0.054408
1 0.510000 0.398760 0.696000 0.053719
1 0.622000 0.556129 0.572000 0.048898
1 0.395000 0.239325 0.468000 0.051653
1 0.304000 0.662190 0.286000 0.051653
1 0.724500 0.293044 0.369000 0.055785
1 0.719000 0.768939 0.380000 0.055785
1 0.698000 0.188361 0.422000 0.051653
1 0.534500 0.851240 0.747000 0.110193
1 0.324500 0.188361 0.325000 0.051653
1 0.351500 0.293044 0.379000 0.055785
1 0.769500 0.239669 0.279000 0.050964
1 0.248500 0.556129 0.175000 0.048898
1 0.535000 0.505854 0.746000 0.051653
1 0.802500 0.452824 0.213000 0.054408
1 0.534500 0.714876 0.747000 0.053719
1 0.345000 0.769284 0.368000 0.055096
1 0.534500 0.346419 0.745000 0.050964
1 0.884500 0.398416 0.049000 0.054408
0 0.357000 0.558884 0.042000 0.032369
0 0.651000 0.241391 0.042000 0.032369
0 0.467500 0.665634 0.043000 0.032369
0 0.717000 0.453857 0.042000 0.033058
0 0.199500 0.876722 0.043000 0.033058
0 0.881000 0.401515 0.042000 0.033058
1 0.536500 0.129821 0.751000 0.065427
0 0.551500 0.771006 0.043000 0.032369
0 0.563000 0.293733 0.042000 0.032369
0 0.508500 0.187672 0.041000 0.032369