1 0.868000 0.152617 0.076000 0.057784
1 0.498500 0.093814 0.815000 0.059823
1 0.460500 0.152617 0.739000 0.057784
1 0.817500 0.210401 0.177000 0.057784
1 0.410000 0.210401 0.638000 0.057784
1 0.652000 0.268865 0.508000 0.059143
1 0.498500 0.356220 0.815000 0.115568
1 0.244500 0.268865 0.307000 0.059143
1 0.498500 0.443916 0.815000 0.059823
1 0.716000 0.502379 0.380000 0.057104
1 0.498500 0.560503 0.815000 0.059143
1 0.308500 0.502379 0.435000 0.057104
1 0.664500 0.618967 0.483000 0.057784
1 0.257000 0.618967 0.332000 0.057784
1 0.589500 0.677090 0.633000 0.058464
1 0.182000 0.677090 0.182000 0.058464
1 0.572000 0.793678 0.668000 0.057784
1 0.498500 0.735554 0.815000 0.058464
1 0.164500 0.793678 0.147000 0.057784
1 0.583500 0.851801 0.645000 0.058464
1 0.176000 0.851801 0.170000 0.058464
1 0.498500 0.911625 0.815000 0.061183
0 0.272500 0.792658 0.059000 0.047587
0 0.143500 0.911625 0.059000 0.046227
0 0.294000 0.851801 0.060000 0.044867
0 0.305000 0.676751 0.060000 0.044188
0 0.142500 0.385112 0.059000 0.045547
0 0.452500 0.618287 0.059000 0.046907
0 0.761500 0.210061 0.061000 0.046227
0 0.863500 0.151258 0.059000 0.044188
0 0.557500 0.501360 0.059000 0.044188
0 0.427000 0.266145 0.060000 0.046907