1 0.724500 0.214480 0.365000 0.057784
1 0.500000 0.156696 0.814000 0.057784
1 0.663500 0.272264 0.487000 0.057784
1 0.317500 0.214480 0.449000 0.057784
1 0.795500 0.330048 0.223000 0.057784
1 0.256500 0.272264 0.327000 0.057784
1 0.816500 0.388511 0.181000 0.059143
1 0.388500 0.330048 0.591000 0.057784
1 0.865000 0.447315 0.084000 0.058464
1 0.409500 0.388511 0.633000 0.059143
1 0.753500 0.505099 0.307000 0.057104
1 0.458000 0.447315 0.730000 0.058464
1 0.675000 0.562882 0.464000 0.058464
1 0.346500 0.505099 0.507000 0.057104
1 0.831000 0.621006 0.152000 0.057784
1 0.268000 0.562882 0.350000 0.058464
1 0.777500 0.678790 0.259000 0.057784
1 0.424000 0.621006 0.662000 0.057784
1 0.409500 0.678790 0.477000 0.057784
1 0.560000 0.736574 0.694000 0.057784
1 0.132000 0.678790 0.078000 0.057784
1 0.635500 0.794697 0.543000 0.058464
1 0.153000 0.736574 0.120000 0.057784
1 0.834000 0.852821 0.146000 0.057784
1 0.228500 0.794697 0.271000 0.058464
1 0.866000 0.912305 0.082000 0.061183
1 0.427000 0.852821 0.668000 0.057784
1 0.459000 0.912305 0.732000 0.061183
0 0.855500 0.912305 0.061000 0.044867
0 0.143500 0.911965 0.059000 0.044188
0 0.717000 0.330387 0.060000 0.046227
0 0.856500 0.447655 0.061000 0.045547
0 0.202000 0.677430 0.060000 0.045547
0 0.575500 0.214140 0.059000 0.044867
0 0.793500 0.852141 0.059000 0.045547
0 0.785000 0.620666 0.060000 0.046227
0 0.759000 0.388851 0.060000 0.044867
0 0.476000 0.562882 0.060000 0.044867
0 0.397000 0.792998 0.058000 0.046907
0 0.453000 0.272944 0.060000 0.045547
0 0.678000 0.678110 0.060000 0.045547
0 0.632500 0.504079 0.061000 0.046907
0 0.241500 0.735554 0.059000 0.044867