1 0.461500 0.713843 0.747000 0.157713
1 0.460000 0.424242 0.746000 0.108815
1 0.648000 0.608127 0.372000 0.053719
1 0.461000 0.556129 0.746000 0.050275
1 0.275000 0.608127 0.374000 0.053719
1 0.193000 0.185262 0.210000 0.055096
1 0.434500 0.819559 0.695000 0.053719
1 0.433000 0.504821 0.692000 0.052342
1 0.566000 0.185606 0.536000 0.054408
1 0.461000 0.265152 0.746000 0.104683
1 0.461500 0.876377 0.749000 0.059917
1 0.807000 0.505165 0.056000 0.051653
1 0.519500 0.344008 0.631000 0.051653
1 0.809000 0.819904 0.052000 0.053030
1 0.145500 0.344008 0.115000 0.051653
0 0.245500 0.348140 0.041000 0.032369
0 0.113000 0.880510 0.044000 0.032369
0 0.484500 0.613292 0.043000 0.032369
0 0.319000 0.188361 0.042000 0.032369
0 0.805000 0.827479 0.042000 0.032369
0 0.800500 0.508264 0.041000 0.031680
1 0.461500 0.127755 0.747000 0.061295