1 0.461000 0.340565 0.746000 0.157713
1 0.461000 0.688705 0.746000 0.216253
1 0.460000 0.527548 0.746000 0.106061
1 0.725000 0.446625 0.220000 0.054408
1 0.433500 0.233127 0.693000 0.057163
1 0.351500 0.446625 0.527000 0.054408
1 0.461500 0.878788 0.745000 0.056474
1 0.160000 0.823347 0.144000 0.054408
1 0.532500 0.823347 0.601000 0.054408
1 0.461500 0.149449 0.747000 0.108815
1 0.807500 0.233127 0.055000 0.057163
0 0.118000 0.557507 0.042000 0.032369
0 0.123500 0.882231 0.043000 0.031680
0 0.253000 0.828168 0.042000 0.032369
0 0.637000 0.451791 0.042000 0.033058
0 0.802000 0.235882 0.042000 0.032369