1 0.461000 0.503788 0.746000 0.156336
1 0.462000 0.662534 0.746000 0.055096
1 0.600500 0.397039 0.467000 0.057163
1 0.264500 0.290634 0.353000 0.050964
1 0.346500 0.183540 0.517000 0.055785
1 0.598000 0.238292 0.474000 0.053719
1 0.720000 0.183540 0.230000 0.055785
1 0.638000 0.290634 0.394000 0.050964
1 0.435000 0.716598 0.698000 0.053030
1 0.224500 0.238292 0.273000 0.053719
1 0.436500 0.608471 0.695000 0.053030
1 0.227500 0.396694 0.279000 0.057851
1 0.460000 0.851928 0.746000 0.108815
1 0.461500 0.342287 0.745000 0.052342
1 0.461000 0.770317 0.748000 0.054408
1 0.810000 0.608471 0.050000 0.053030
1 0.810000 0.716253 0.050000 0.053719
0 0.112500 0.883264 0.041000 0.030992
0 0.387500 0.401515 0.041000 0.031680
0 0.462000 0.294077 0.040000 0.030303
0 0.116500 0.775138 0.041000 0.030992
0 0.626500 0.188361 0.041000 0.030992
0 0.806000 0.720730 0.042000 0.030992
0 0.807000 0.614669 0.042000 0.030992
0 0.381000 0.241736 0.040000 0.031680
1 0.461500 0.126377 0.747000 0.058540