1 0.461000 0.208333 0.746000 0.225207
1 0.261000 0.828857 0.346000 0.053030
1 0.461000 0.561983 0.746000 0.053719
1 0.537000 0.506198 0.594000 0.057851
1 0.634000 0.828857 0.400000 0.053030
1 0.345000 0.451446 0.514000 0.051653
1 0.461500 0.775138 0.747000 0.054408
1 0.389000 0.348485 0.602000 0.055096
1 0.460000 0.668388 0.746000 0.051653
1 0.719000 0.451446 0.232000 0.051653
1 0.461500 0.400826 0.745000 0.049587
1 0.433500 0.721074 0.693000 0.053719
1 0.486500 0.615702 0.695000 0.053719
1 0.762000 0.348485 0.146000 0.055096
1 0.163500 0.506198 0.151000 0.057851
1 0.461000 0.881198 0.744000 0.051653
1 0.807500 0.721074 0.055000 0.053719
0 0.624500 0.457989 0.041000 0.031680
1 0.113000 0.615702 0.050000 0.053719
0 0.113500 0.882920 0.043000 0.031680
0 0.262000 0.510675 0.042000 0.032369
0 0.160500 0.616736 0.041000 0.032369
0 0.710000 0.351584 0.040000 0.032369
0 0.454000 0.830923 0.042000 0.032369
0 0.802000 0.723140 0.042000 0.031680