1 0.500000 0.152957 0.814000 0.175391
1 0.798000 0.269545 0.218000 0.057784
1 0.572000 0.327328 0.670000 0.057784
1 0.391000 0.269545 0.596000 0.057784
1 0.165000 0.327328 0.144000 0.057784
1 0.865000 0.443916 0.084000 0.058464
1 0.500000 0.385452 0.814000 0.058464
1 0.458000 0.443916 0.730000 0.058464
1 0.738000 0.502039 0.338000 0.057784
1 0.733500 0.560503 0.347000 0.059143
1 0.331000 0.502039 0.476000 0.057784
1 0.731500 0.618967 0.351000 0.057784
1 0.326500 0.560503 0.467000 0.059143
1 0.324500 0.618967 0.463000 0.057784
1 0.500000 0.706322 0.814000 0.116927
1 0.736000 0.793678 0.342000 0.057784
1 0.329000 0.793678 0.472000 0.057784
1 0.664000 0.851462 0.486000 0.057784
1 0.257000 0.851462 0.328000 0.057784
1 0.500000 0.911285 0.814000 0.061863
0 0.587000 0.616587 0.060000 0.046227
0 0.856500 0.441876 0.059000 0.046227
0 0.452000 0.850782 0.060000 0.044188
0 0.600500 0.501020 0.061000 0.044867
0 0.142500 0.908906 0.059000 0.046227
0 0.722000 0.266825 0.060000 0.046907
0 0.597500 0.792318 0.061000 0.046907
0 0.272000 0.324609 0.060000 0.044188
0 0.590500 0.559483 0.059000 0.046227