1 0.705500 0.211421 0.403000 0.058464
1 0.500000 0.123725 0.814000 0.116927
1 0.609500 0.269884 0.595000 0.058464
1 0.298500 0.211421 0.411000 0.058464
1 0.633000 0.386132 0.548000 0.057104
1 0.202500 0.269884 0.219000 0.058464
1 0.500000 0.328348 0.814000 0.058464
1 0.226000 0.386132 0.266000 0.057104
1 0.500000 0.473487 0.814000 0.117607
1 0.796500 0.561183 0.221000 0.057784
1 0.389500 0.561183 0.593000 0.057784
1 0.686000 0.619307 0.442000 0.058464
1 0.500000 0.677770 0.814000 0.058464
1 0.279000 0.619307 0.372000 0.058464
1 0.500000 0.824609 0.814000 0.235214
0 0.393000 0.386472 0.060000 0.044188
0 0.345500 0.270564 0.059000 0.044867
0 0.143500 0.910605 0.059000 0.045547
0 0.723000 0.560503 0.058000 0.045547
0 0.538000 0.210061 0.062000 0.046227
0 0.498500 0.618627 0.061000 0.047587
0 0.141500 0.677430 0.059000 0.044188