1 0.743500 0.714876 0.331000 0.053719
1 0.642500 0.660813 0.531000 0.054408
1 0.692500 0.240014 0.433000 0.054408
1 0.260000 0.185950 0.196000 0.055096
1 0.633000 0.185950 0.550000 0.055096
1 0.744000 0.769284 0.328000 0.056474
1 0.509000 0.502410 0.696000 0.053030
1 0.508500 0.449036 0.695000 0.052342
1 0.669000 0.555441 0.382000 0.053030
1 0.269500 0.660813 0.215000 0.054408
1 0.271500 0.823691 0.221000 0.052342
1 0.319500 0.555441 0.317000 0.053030
1 0.750500 0.878444 0.317000 0.057163
1 0.790000 0.607782 0.238000 0.051653
1 0.416000 0.607782 0.510000 0.051653
1 0.458000 0.395317 0.594000 0.055096
1 0.318000 0.240358 0.314000 0.053719
1 0.377000 0.878444 0.430000 0.057163
1 0.370000 0.769284 0.418000 0.056474
1 0.369500 0.714876 0.417000 0.053719
1 0.567500 0.823691 0.371000 0.052342
1 0.324000 0.128099 0.326000 0.060606
1 0.317000 0.341942 0.312000 0.051653
1 0.698000 0.128099 0.420000 0.060606
1 0.831000 0.823691 0.156000 0.052342
1 0.508500 0.292011 0.699000 0.049587
1 0.666000 0.341942 0.386000 0.051653
1 0.884000 0.502410 0.050000 0.053030
1 0.883000 0.449036 0.052000 0.052342
1 0.885500 0.555785 0.049000 0.052342
1 0.832000 0.395661 0.154000 0.054408
1 0.883500 0.292011 0.051000 0.049587
0 0.501000 0.558884 0.042000 0.032369
0 0.493500 0.346074 0.041000 0.032369
0 0.196000 0.878444 0.042000 0.032369
0 0.612000 0.879132 0.042000 0.032369
0 0.693000 0.612259 0.042000 0.031680
0 0.507500 0.133953 0.041000 0.032369
0 0.403500 0.824725 0.043000 0.032369
0 0.495500 0.240702 0.041000 0.030992
1 0.885000 0.342287 0.050000 0.052342
0 0.882500 0.346763 0.043000 0.032369
0 0.600500 0.771694 0.041000 0.032369
0 0.380000 0.187672 0.042000 0.032369
0 0.880000 0.453168 0.042000 0.031680
0 0.882000 0.559229 0.042000 0.033058
0 0.201500 0.612259 0.043000 0.031680
0 0.773500 0.825413 0.041000 0.032369
0 0.399000 0.665289 0.042000 0.031680
0 0.775000 0.400138 0.040000 0.031680
0 0.881500 0.506543 0.043000 0.032369
0 0.601000 0.718664 0.042000 0.030992
0 0.880000 0.294077 0.042000 0.031680