1 0.501000 0.089735 0.814000 0.059823
1 0.722500 0.148538 0.371000 0.057784
1 0.315500 0.148538 0.443000 0.057784
1 0.549000 0.207002 0.718000 0.059143
1 0.142000 0.207002 0.096000 0.059143
1 0.501000 0.266145 0.814000 0.059143
1 0.592500 0.324609 0.631000 0.057784
1 0.185500 0.324609 0.183000 0.057784
1 0.501000 0.382733 0.814000 0.058464
1 0.551000 0.441536 0.714000 0.059143
1 0.864000 0.558464 0.088000 0.059143
1 0.144000 0.441536 0.100000 0.059143
1 0.501000 0.500000 0.814000 0.057784
1 0.521500 0.558464 0.597000 0.059143
1 0.158500 0.558464 0.129000 0.059143
1 0.501000 0.616927 0.814000 0.057784
1 0.615000 0.675391 0.586000 0.059143
1 0.674000 0.734534 0.468000 0.059143
1 0.208000 0.675391 0.228000 0.059143
1 0.696000 0.792998 0.424000 0.057784
1 0.267000 0.734534 0.346000 0.059143
1 0.777000 0.851122 0.262000 0.058464
1 0.289000 0.792998 0.390000 0.057784
1 0.811000 0.911965 0.194000 0.063222
1 0.370000 0.851122 0.552000 0.058464
1 0.404000 0.911965 0.620000 0.063222
0 0.515000 0.791298 0.060000 0.046227
0 0.143500 0.909585 0.059000 0.046227
0 0.680500 0.851122 0.059000 0.044867
0 0.143000 0.616587 0.058000 0.046227
0 0.475000 0.732495 0.058000 0.046907
0 0.748500 0.909585 0.059000 0.046227
0 0.857500 0.558124 0.061000 0.047587
0 0.256000 0.558124 0.060000 0.046227
0 0.143500 0.265466 0.059000 0.046907
0 0.354500 0.676751 0.059000 0.044188
0 0.221500 0.203943 0.061000 0.046227
0 0.143500 0.381033 0.059000 0.046907
0 0.229000 0.441196 0.062000 0.046227
0 0.312000 0.323249 0.060000 0.045547
0 0.569000 0.148538 0.060000 0.045547
0 0.144500 0.148538 0.059000 0.045547