1 0.866500 0.153297 0.083000 0.057784
1 0.502000 0.095173 0.812000 0.058464
1 0.502000 0.240993 0.812000 0.117607
1 0.460500 0.153297 0.729000 0.057784
1 0.645000 0.328688 0.526000 0.057784
1 0.685500 0.444256 0.445000 0.059143
1 0.502000 0.386132 0.812000 0.057104
1 0.239000 0.328688 0.286000 0.057784
1 0.557000 0.502719 0.702000 0.057784
1 0.279500 0.444256 0.367000 0.059143
1 0.151000 0.502719 0.110000 0.057784
1 0.502000 0.589735 0.812000 0.116247
1 0.796500 0.735894 0.223000 0.057784
1 0.502000 0.677430 0.812000 0.059143
1 0.390500 0.735894 0.589000 0.057784
1 0.502000 0.793678 0.812000 0.057784
1 0.502000 0.882733 0.812000 0.120326
0 0.140500 0.911625 0.059000 0.044867
0 0.857000 0.151598 0.060000 0.044867
0 0.719000 0.735214 0.058000 0.044188
0 0.140500 0.616927 0.059000 0.045547
0 0.495000 0.443236 0.060000 0.047587
0 0.140000 0.791638 0.060000 0.045547
0 0.413500 0.327328 0.061000 0.045547
0 0.241500 0.502039 0.059000 0.044188