1 0.461000 0.346419 0.746000 0.157025
1 0.325000 0.663567 0.474000 0.055785
1 0.329000 0.503788 0.482000 0.055785
1 0.195500 0.240358 0.215000 0.055096
1 0.699000 0.662879 0.272000 0.055785
1 0.372500 0.769284 0.571000 0.055096
1 0.461500 0.609160 0.747000 0.051653
1 0.461500 0.716253 0.745000 0.050964
1 0.568000 0.240358 0.532000 0.055096
1 0.702500 0.503444 0.265000 0.056474
1 0.436500 0.557507 0.697000 0.051653
1 0.461500 0.450069 0.747000 0.051653
1 0.460000 0.851928 0.748000 0.110193
1 0.461500 0.154614 0.747000 0.116391
1 0.747000 0.769284 0.176000 0.055096
1 0.810000 0.557507 0.050000 0.051653
0 0.115000 0.879477 0.046000 0.034435
0 0.117000 0.559917 0.046000 0.034435
0 0.592000 0.507576 0.044000 0.034435
0 0.681500 0.773416 0.045000 0.034435
0 0.117500 0.402204 0.045000 0.034435
0 0.586000 0.667355 0.044000 0.034435
0 0.807500 0.560950 0.045000 0.033747
0 0.347000 0.241736 0.044000 0.034435