1 0.500500 0.124065 0.815000 0.116247
1 0.805000 0.211421 0.206000 0.058464
1 0.500500 0.299116 0.815000 0.116927
1 0.397500 0.211421 0.609000 0.058464
1 0.549500 0.444935 0.717000 0.059143
1 0.500500 0.386472 0.815000 0.057784
1 0.500500 0.561183 0.815000 0.173351
1 0.760500 0.677090 0.295000 0.058464
1 0.142000 0.444935 0.098000 0.059143
1 0.592000 0.735554 0.632000 0.058464
1 0.353000 0.677090 0.520000 0.058464
1 0.570500 0.794018 0.675000 0.058464
1 0.184500 0.735554 0.183000 0.058464
1 0.500500 0.883073 0.815000 0.119646
1 0.163000 0.794018 0.140000 0.058464
0 0.144500 0.912305 0.059000 0.044867
0 0.309500 0.734534 0.059000 0.045547
0 0.644000 0.677430 0.060000 0.044188
0 0.734500 0.211761 0.059000 0.045547
0 0.265000 0.792658 0.060000 0.046227
0 0.144500 0.327328 0.059000 0.044188
0 0.222000 0.445275 0.058000 0.044867