1 0.534000 0.396350 0.746000 0.156336
1 0.534500 0.798554 0.747000 0.215565
1 0.533500 0.581267 0.747000 0.106061
1 0.582500 0.662534 0.651000 0.056474
1 0.773000 0.235537 0.272000 0.053719
1 0.583000 0.289945 0.650000 0.055096
1 0.399000 0.235537 0.474000 0.053719
1 0.233000 0.501033 0.144000 0.054408
1 0.607000 0.501722 0.604000 0.054408
1 0.209000 0.662534 0.096000 0.056474
1 0.210000 0.289945 0.098000 0.055096
0 0.279000 0.661846 0.044000 0.034435
0 0.195000 0.873623 0.046000 0.033747
0 0.303500 0.291322 0.045000 0.034435
0 0.327000 0.503444 0.044000 0.034435
0 0.660000 0.237603 0.044000 0.034435
1 0.535000 0.151515 0.746000 0.112948