1 0.500500 0.121686 0.815000 0.116927
1 0.863500 0.209721 0.089000 0.059143
1 0.500500 0.297757 0.815000 0.116927
1 0.456000 0.209721 0.726000 0.059143
1 0.667000 0.385112 0.482000 0.057784
1 0.259500 0.385112 0.333000 0.057784
1 0.562000 0.443576 0.692000 0.059143
1 0.500500 0.531271 0.815000 0.116247
1 0.154500 0.443576 0.123000 0.059143
1 0.865500 0.618627 0.085000 0.058464
1 0.458000 0.618627 0.730000 0.058464
1 0.500500 0.677090 0.815000 0.058464
1 0.500500 0.793338 0.815000 0.174031
1 0.865500 0.911285 0.085000 0.061863
1 0.458000 0.911285 0.730000 0.061863
0 0.856000 0.911965 0.060000 0.045547
0 0.854000 0.211081 0.062000 0.045547
0 0.143500 0.911285 0.059000 0.045547
0 0.459500 0.386472 0.061000 0.044188
0 0.251500 0.442896 0.059000 0.046907
0 0.143000 0.676071 0.058000 0.044188
0 0.860500 0.623046 0.057000 0.044188