1 0.498500 0.094833 0.811000 0.057784
1 0.783000 0.151937 0.242000 0.056424
1 0.650500 0.208702 0.507000 0.057104
1 0.377500 0.151937 0.569000 0.056424
1 0.498500 0.266145 0.811000 0.057784
1 0.245000 0.208702 0.304000 0.057104
1 0.827500 0.447315 0.153000 0.058464
1 0.498500 0.392250 0.811000 0.051666
1 0.517500 0.447315 0.467000 0.058464
1 0.792000 0.505438 0.224000 0.057784
1 0.188500 0.447315 0.191000 0.058464
1 0.386500 0.505438 0.587000 0.057784
1 0.676500 0.563222 0.455000 0.057784
1 0.271000 0.563222 0.356000 0.057784
1 0.631500 0.621006 0.545000 0.057784
1 0.226000 0.621006 0.266000 0.057784
1 0.709500 0.678790 0.389000 0.057784
1 0.304000 0.678790 0.422000 0.057784
1 0.802500 0.736574 0.203000 0.057784
1 0.474500 0.736574 0.453000 0.057784
1 0.170500 0.736574 0.155000 0.057784
1 0.706500 0.852821 0.395000 0.057784
1 0.498500 0.794697 0.811000 0.058464
1 0.301000 0.852821 0.416000 0.057784
1 0.498500 0.912305 0.811000 0.061183
0 0.142500 0.852481 0.059000 0.044867
0 0.142500 0.911625 0.059000 0.046227
0 0.541000 0.852481 0.060000 0.044867
0 0.736000 0.738273 0.060000 0.044867
0 0.711500 0.504419 0.059000 0.047587
0 0.319500 0.447315 0.059000 0.046227
0 0.433000 0.208702 0.060000 0.046227
0 0.546500 0.679130 0.059000 0.046227
0 0.143000 0.264446 0.058000 0.043508
0 0.788000 0.447655 0.060000 0.045547
0 0.278000 0.737933 0.058000 0.045547
0 0.483000 0.562542 0.060000 0.044188
0 0.695000 0.149218 0.058000 0.044188
0 0.141000 0.505778 0.058000 0.047587
0 0.388000 0.621346 0.060000 0.044867