1 0.626500 0.211081 0.563000 0.059143
1 0.501000 0.123385 0.814000 0.116247
1 0.567500 0.328008 0.681000 0.057784
1 0.501000 0.269884 0.814000 0.058464
1 0.219500 0.211081 0.251000 0.059143
1 0.501000 0.386132 0.814000 0.058464
1 0.563500 0.444256 0.689000 0.057784
1 0.160500 0.328008 0.133000 0.057784
1 0.557500 0.561183 0.701000 0.059143
1 0.501000 0.502379 0.814000 0.058464
1 0.156500 0.444256 0.125000 0.057784
1 0.819000 0.677090 0.178000 0.058464
1 0.501000 0.619307 0.814000 0.057104
1 0.150500 0.561183 0.113000 0.059143
1 0.412000 0.677090 0.636000 0.058464
1 0.501000 0.824269 0.814000 0.235894
0 0.144000 0.911965 0.058000 0.045547
0 0.250000 0.444256 0.060000 0.045547
0 0.379500 0.210401 0.061000 0.045547
0 0.759500 0.678110 0.059000 0.045547
0 0.238500 0.560503 0.059000 0.044188
0 0.260000 0.326988 0.060000 0.044867