1 0.501000 0.153297 0.814000 0.174711
1 0.630500 0.328008 0.555000 0.057784
1 0.501000 0.269884 0.814000 0.058464
1 0.654500 0.386132 0.507000 0.058464
1 0.223500 0.328008 0.259000 0.057784
1 0.615500 0.444596 0.585000 0.058464
1 0.247500 0.386132 0.307000 0.058464
1 0.780500 0.502719 0.255000 0.057784
1 0.208500 0.444596 0.229000 0.058464
1 0.748500 0.560843 0.319000 0.058464
1 0.373500 0.502719 0.559000 0.057784
1 0.644000 0.677430 0.528000 0.059143
1 0.341500 0.560843 0.495000 0.058464
1 0.501000 0.618967 0.814000 0.057784
1 0.635000 0.735894 0.546000 0.057784
1 0.237000 0.677430 0.286000 0.059143
1 0.228000 0.735894 0.268000 0.057784
1 0.501000 0.853841 0.814000 0.178110
0 0.143500 0.911625 0.059000 0.044867
0 0.434000 0.386132 0.060000 0.044867
0 0.144500 0.210741 0.059000 0.044867
0 0.623500 0.561183 0.059000 0.045547
0 0.413500 0.677430 0.063000 0.045547
0 0.392000 0.735214 0.060000 0.045547
0 0.357000 0.443576 0.062000 0.048266
0 0.385500 0.327668 0.059000 0.044867
0 0.685000 0.502379 0.060000 0.044867