1 0.461500 0.368802 0.745000 0.105372
1 0.461000 0.659435 0.746000 0.055785
1 0.297500 0.289601 0.419000 0.053030
1 0.660000 0.714532 0.350000 0.054408
1 0.671000 0.289601 0.328000 0.053030
1 0.286000 0.714532 0.396000 0.054408
1 0.551000 0.606061 0.568000 0.050964
1 0.461000 0.501377 0.746000 0.052342
1 0.261500 0.820248 0.347000 0.052342
1 0.461500 0.876722 0.747000 0.060606
1 0.435000 0.554063 0.694000 0.053030
1 0.634500 0.820248 0.401000 0.052342
1 0.392500 0.448003 0.609000 0.054408
1 0.177500 0.606405 0.179000 0.051653
1 0.461500 0.179752 0.747000 0.166667
1 0.461000 0.767906 0.746000 0.053719
1 0.808500 0.554408 0.053000 0.052342
1 0.766500 0.448691 0.137000 0.054408
0 0.121000 0.878099 0.044000 0.033058
0 0.530500 0.295455 0.043000 0.031680
0 0.507000 0.719697 0.042000 0.031680
0 0.804000 0.559917 0.042000 0.031680
0 0.456000 0.826791 0.042000 0.032369
0 0.719000 0.454201 0.042000 0.030992
0 0.289500 0.612259 0.041000 0.031680