1 0.461000 0.392218 0.746000 0.157713
1 0.461500 0.659780 0.747000 0.162534
1 0.628000 0.287879 0.414000 0.049587
1 0.686500 0.497934 0.297000 0.052342
1 0.461500 0.551653 0.747000 0.055096
1 0.254500 0.287879 0.333000 0.049587
1 0.435000 0.768939 0.696000 0.055785
1 0.462000 0.876377 0.750000 0.059917
1 0.313000 0.497934 0.450000 0.052342
1 0.518500 0.821625 0.633000 0.049587
1 0.145000 0.821281 0.114000 0.050275
1 0.809500 0.768939 0.053000 0.055785
0 0.225000 0.822658 0.044000 0.033747
0 0.114500 0.876377 0.047000 0.035124
0 0.117000 0.557507 0.046000 0.033747
0 0.444000 0.290634 0.046000 0.034435
0 0.560500 0.502755 0.045000 0.034435
0 0.807000 0.772727 0.046000 0.034435
1 0.460500 0.179063 0.745000 0.168044