1 0.498500 0.124065 0.813000 0.117607
1 0.715000 0.211761 0.380000 0.057784
1 0.773500 0.269545 0.263000 0.057784
1 0.308500 0.211761 0.433000 0.057784
1 0.367000 0.269545 0.550000 0.057784
1 0.498500 0.356560 0.813000 0.116247
1 0.760000 0.443916 0.290000 0.058464
1 0.353500 0.443916 0.523000 0.058464
1 0.861500 0.502719 0.087000 0.059143
1 0.455000 0.502719 0.726000 0.059143
1 0.674500 0.561183 0.461000 0.057784
1 0.498500 0.618967 0.813000 0.057784
1 0.268000 0.561183 0.352000 0.057784
1 0.823500 0.677430 0.163000 0.059143
1 0.556000 0.735894 0.698000 0.057784
1 0.417000 0.677430 0.650000 0.059143
1 0.149500 0.735894 0.115000 0.057784
1 0.498500 0.853501 0.813000 0.177430
0 0.143000 0.911285 0.058000 0.045547
0 0.556500 0.211421 0.059000 0.044867
0 0.853000 0.501700 0.060000 0.044867
0 0.237000 0.734874 0.058000 0.046227
0 0.477000 0.562203 0.060000 0.044867
0 0.674000 0.270904 0.058000 0.045547
0 0.644500 0.443576 0.061000 0.046907
0 0.774500 0.677090 0.059000 0.044867