1 0.594000 0.399449 0.482000 0.052342
1 0.350500 0.661157 0.527000 0.052342
1 0.461500 0.712466 0.745000 0.050275
1 0.461500 0.764118 0.747000 0.053030
1 0.541000 0.450758 0.588000 0.050275
1 0.436500 0.607782 0.697000 0.054408
1 0.380500 0.184917 0.585000 0.053030
1 0.578000 0.347107 0.514000 0.052342
1 0.724000 0.661157 0.222000 0.052342
1 0.487500 0.238981 0.591000 0.055096
1 0.220500 0.399449 0.265000 0.052342
1 0.461000 0.554752 0.746000 0.051653
1 0.167000 0.450758 0.160000 0.050275
1 0.462500 0.502410 0.749000 0.053030
1 0.544500 0.293733 0.583000 0.054408
1 0.204000 0.347107 0.232000 0.052342
1 0.754000 0.184917 0.162000 0.053030
1 0.140000 0.238981 0.104000 0.055096
1 0.810000 0.607782 0.052000 0.054408
1 0.810000 0.239325 0.050000 0.054408
1 0.169000 0.293733 0.166000 0.054408
0 0.121500 0.714532 0.045000 0.033747
0 0.121500 0.764807 0.045000 0.033747
0 0.268000 0.449380 0.044000 0.033747
0 0.807000 0.239325 0.044000 0.033747
0 0.695000 0.186639 0.044000 0.034435
0 0.212500 0.237948 0.043000 0.033747
0 0.118500 0.819215 0.045000 0.033747
0 0.118500 0.500344 0.045000 0.033747
0 0.375500 0.396006 0.045000 0.034435
0 0.636000 0.660813 0.044000 0.033747
0 0.342000 0.343320 0.044000 0.033747
0 0.275500 0.290978 0.045000 0.033747
0 0.807000 0.608471 0.044000 0.033747
1 0.462000 0.127755 0.750000 0.061295
1 0.463000 0.818182 0.750000 0.055096