1 0.534000 0.264807 0.746000 0.103994
1 0.688000 0.504477 0.442000 0.054408
1 0.535000 0.585055 0.746000 0.106749
1 0.724000 0.450758 0.370000 0.053030
1 0.760000 0.184229 0.296000 0.057163
1 0.386500 0.184229 0.449000 0.057163
1 0.507000 0.665289 0.694000 0.053719
1 0.760500 0.825413 0.297000 0.055785
1 0.313500 0.504477 0.305000 0.054408
1 0.397500 0.717631 0.473000 0.052342
1 0.419000 0.397039 0.516000 0.054408
1 0.509500 0.342975 0.697000 0.053719
1 0.770500 0.717975 0.275000 0.053030
1 0.534500 0.771006 0.745000 0.053030
1 0.386500 0.825413 0.451000 0.055785
1 0.350000 0.450758 0.378000 0.053030
1 0.794000 0.397039 0.230000 0.054408
1 0.881000 0.664945 0.056000 0.054408
1 0.534500 0.880165 0.747000 0.053719
1 0.884000 0.343320 0.050000 0.054408
0 0.188500 0.878788 0.045000 0.034435
0 0.634000 0.825069 0.044000 0.034435
0 0.700500 0.400138 0.045000 0.034435
0 0.489000 0.507231 0.044000 0.033747
0 0.562500 0.453857 0.043000 0.034435
0 0.647500 0.187328 0.045000 0.034435
0 0.876500 0.668044 0.045000 0.034435
0 0.881000 0.346419 0.044000 0.034435
0 0.656000 0.720041 0.044000 0.033747
1 0.534500 0.126377 0.747000 0.058540