1 0.662500 0.828857 0.343000 0.053030
1 0.460000 0.284091 0.746000 0.390496
1 0.421500 0.666322 0.669000 0.053030
1 0.289500 0.828857 0.403000 0.053030
1 0.460000 0.747245 0.748000 0.110193
1 0.461000 0.585744 0.746000 0.108127
1 0.551000 0.505854 0.568000 0.051653
1 0.177500 0.505854 0.179000 0.051653
1 0.795000 0.666322 0.080000 0.053030
1 0.461500 0.881198 0.747000 0.051653
0 0.114500 0.883264 0.045000 0.033747
0 0.514500 0.832645 0.045000 0.034435
0 0.290500 0.507920 0.045000 0.035124
0 0.803500 0.667700 0.045000 0.035124