1 0.500000 0.122706 0.814000 0.117607
1 0.716000 0.327328 0.382000 0.057784
1 0.500000 0.239973 0.814000 0.116927
1 0.864000 0.443576 0.086000 0.059143
1 0.309000 0.327328 0.432000 0.057784
1 0.500000 0.385112 0.814000 0.057784
1 0.775000 0.502039 0.264000 0.057784
1 0.457000 0.443576 0.728000 0.059143
1 0.788000 0.618967 0.238000 0.057784
1 0.368000 0.502039 0.550000 0.057784
1 0.500000 0.560503 0.814000 0.059143
1 0.381000 0.618967 0.576000 0.057784
1 0.500000 0.706322 0.814000 0.116927
1 0.863500 0.793678 0.087000 0.057784
1 0.500000 0.882053 0.814000 0.118967
1 0.456500 0.793678 0.727000 0.057784
0 0.145500 0.913324 0.059000 0.045547
0 0.856000 0.795037 0.060000 0.046907
0 0.856000 0.444935 0.060000 0.046907
0 0.560000 0.328348 0.062000 0.046227
0 0.679000 0.502039 0.060000 0.044188
0 0.145000 0.153637 0.060000 0.044867
0 0.702000 0.620666 0.060000 0.046227