1 0.535000 0.476240 0.748000 0.106749
1 0.535000 0.663912 0.746000 0.161157
1 0.534500 0.232782 0.747000 0.271350
1 0.275500 0.769628 0.229000 0.050275
1 0.694000 0.396350 0.428000 0.053030
1 0.321000 0.396350 0.318000 0.053030
1 0.535000 0.850207 0.748000 0.112259
1 0.452000 0.556818 0.580000 0.053030
1 0.649500 0.769628 0.517000 0.050275
0 0.190000 0.873967 0.046000 0.034435
0 0.785000 0.559573 0.044000 0.033747
0 0.501500 0.397383 0.043000 0.034435
0 0.412500 0.771006 0.043000 0.033747
1 0.825500 0.556818 0.167000 0.053030