1 0.865500 0.267845 0.085000 0.058464
1 0.499500 0.150578 0.817000 0.176071
1 0.499500 0.413664 0.817000 0.233175
1 0.723000 0.559823 0.370000 0.059143
1 0.457000 0.267845 0.732000 0.058464
1 0.865500 0.734194 0.085000 0.058464
1 0.499500 0.647179 0.817000 0.115568
1 0.314500 0.559823 0.447000 0.059143
1 0.499500 0.853161 0.817000 0.179470
1 0.457000 0.734194 0.732000 0.058464
0 0.857500 0.267165 0.059000 0.046227
0 0.857500 0.733855 0.061000 0.046907
0 0.139500 0.909245 0.061000 0.046907
0 0.572500 0.558804 0.059000 0.047587