1 0.535000 0.718320 0.746000 0.161157
1 0.533500 0.285468 0.747000 0.382231
1 0.702000 0.503788 0.412000 0.053030
1 0.578500 0.611915 0.661000 0.053030
1 0.329000 0.503788 0.334000 0.053030
1 0.311500 0.825069 0.301000 0.052342
1 0.686000 0.824725 0.446000 0.051653
1 0.535500 0.557851 0.745000 0.055096
1 0.534000 0.878788 0.746000 0.056474
1 0.204000 0.611915 0.086000 0.053030
0 0.189000 0.881543 0.046000 0.034435
0 0.519000 0.506887 0.044000 0.034435
0 0.485000 0.829545 0.044000 0.033747
0 0.269000 0.613292 0.044000 0.035124