1 0.658500 0.556474 0.351000 0.056474
1 0.697000 0.397727 0.274000 0.053030
1 0.266000 0.235537 0.358000 0.053719
1 0.691000 0.181129 0.286000 0.055096
1 0.295500 0.878444 0.419000 0.057163
1 0.234500 0.822314 0.295000 0.055096
1 0.284000 0.556474 0.398000 0.056474
1 0.608000 0.821625 0.452000 0.055096
1 0.756000 0.878099 0.154000 0.057851
1 0.577000 0.235537 0.264000 0.053719
1 0.398000 0.181474 0.300000 0.054408
1 0.652000 0.449036 0.264000 0.050964
1 0.703000 0.768251 0.262000 0.053030
1 0.328500 0.767906 0.485000 0.053719
1 0.246500 0.501033 0.321000 0.054408
1 0.592000 0.878444 0.174000 0.057163
1 0.460000 0.689050 0.746000 0.105372
1 0.687500 0.344353 0.291000 0.053719
1 0.385000 0.449036 0.272000 0.050964
1 0.407500 0.397383 0.305000 0.052342
1 0.536000 0.501377 0.260000 0.055096
1 0.750000 0.501377 0.168000 0.053719
1 0.340000 0.344353 0.402000 0.053719
1 0.522000 0.289945 0.522000 0.055096
1 0.174000 0.289945 0.174000 0.055096
1 0.167000 0.181474 0.160000 0.054408
1 0.771000 0.235537 0.124000 0.053719
1 0.170000 0.397383 0.168000 0.052342
1 0.459500 0.126033 0.749000 0.056474
1 0.808500 0.289945 0.051000 0.055096
1 0.168500 0.448691 0.161000 0.050275
1 0.808500 0.448691 0.051000 0.050275
0 0.114500 0.502410 0.045000 0.033747
0 0.114500 0.554063 0.045000 0.033747
0 0.116000 0.877410 0.046000 0.034435
0 0.428000 0.501377 0.044000 0.034435
0 0.403000 0.822658 0.044000 0.033747
0 0.541500 0.446625 0.043000 0.033747
0 0.687500 0.500000 0.045000 0.034435
0 0.568500 0.182163 0.043000 0.033747
0 0.730500 0.234848 0.043000 0.033058
0 0.505000 0.553030 0.044000 0.034435
0 0.115500 0.770317 0.045000 0.033747
0 0.466500 0.235537 0.043000 0.034435
0 0.594500 0.770317 0.043000 0.033747
0 0.277000 0.394628 0.044000 0.034435
0 0.270500 0.446970 0.045000 0.034435
0 0.269500 0.182507 0.045000 0.034435
1 0.113000 0.344353 0.052000 0.053719
0 0.526000 0.878099 0.044000 0.034435
0 0.114500 0.605028 0.045000 0.033747
0 0.284000 0.287190 0.044000 0.034435
0 0.806000 0.447314 0.044000 0.033747
0 0.700500 0.880510 0.043000 0.033747
0 0.805000 0.286846 0.044000 0.033747
0 0.582000 0.393939 0.044000 0.034435
0 0.160500 0.341253 0.045000 0.033747
0 0.564000 0.341253 0.044000 0.033747
1 0.462000 0.610537 0.744000 0.051653