1 0.593500 0.557163 0.481000 0.056474
1 0.374500 0.344008 0.575000 0.054408
1 0.380000 0.502755 0.584000 0.052342
1 0.461000 0.611570 0.746000 0.053719
1 0.357500 0.449725 0.539000 0.053719
1 0.460500 0.397039 0.745000 0.051653
1 0.460500 0.665289 0.747000 0.053719
1 0.460500 0.798209 0.747000 0.104683
1 0.219000 0.556818 0.264000 0.055785
1 0.731000 0.449380 0.208000 0.053030
1 0.345000 0.719008 0.514000 0.055096
1 0.718500 0.719008 0.233000 0.053719
1 0.748500 0.343664 0.173000 0.055096
1 0.753000 0.502410 0.164000 0.053030
1 0.462500 0.878788 0.747000 0.056474
0 0.119500 0.616047 0.045000 0.033747
0 0.685000 0.348485 0.044000 0.034435
0 0.116000 0.882576 0.046000 0.033747
0 0.374500 0.562672 0.045000 0.034435
0 0.622500 0.722796 0.043000 0.033747
0 0.649500 0.453512 0.043000 0.033747
0 0.114500 0.830234 0.045000 0.033747
0 0.693500 0.507920 0.043000 0.033747
1 0.460000 0.196281 0.746000 0.241047