1 0.428500 0.556474 0.537000 0.056474
1 0.508000 0.878099 0.696000 0.057851
1 0.456500 0.501377 0.593000 0.055096
1 0.665000 0.344697 0.486000 0.053030
1 0.706000 0.716253 0.404000 0.050964
1 0.534500 0.662879 0.747000 0.055785
1 0.508500 0.235537 0.697000 0.053719
1 0.434500 0.449380 0.547000 0.050275
1 0.331500 0.716253 0.343000 0.050964
1 0.803000 0.556818 0.210000 0.055785
1 0.434000 0.821970 0.550000 0.054408
1 0.534500 0.397727 0.747000 0.053030
1 0.809000 0.821970 0.198000 0.054408
1 0.629000 0.609848 0.558000 0.050275
1 0.533000 0.768251 0.746000 0.053030
1 0.533500 0.289945 0.749000 0.055096
1 0.830500 0.501377 0.155000 0.053719
1 0.255000 0.609848 0.188000 0.050275
1 0.534000 0.152204 0.746000 0.112948
1 0.808500 0.449036 0.199000 0.049587
1 0.290500 0.344353 0.261000 0.053719
1 0.884000 0.235537 0.050000 0.053719
1 0.882000 0.878099 0.054000 0.057851
0 0.195000 0.876722 0.044000 0.034435
0 0.371500 0.611915 0.043000 0.033747
0 0.461500 0.346763 0.043000 0.033747
0 0.525500 0.717975 0.043000 0.033747
0 0.774500 0.507231 0.043000 0.033747
0 0.719500 0.559573 0.043000 0.033747
0 0.732500 0.825069 0.043000 0.034435
0 0.729500 0.452479 0.043000 0.034435
0 0.881500 0.237603 0.045000 0.034435
0 0.878000 0.878788 0.046000 0.034435