1 0.461500 0.317149 0.747000 0.109504
1 0.668000 0.235537 0.334000 0.053719
1 0.656500 0.821970 0.357000 0.054408
1 0.585000 0.501033 0.500000 0.054408
1 0.210500 0.501033 0.247000 0.054408
1 0.657500 0.397383 0.355000 0.052342
1 0.324500 0.609848 0.475000 0.050275
1 0.283000 0.821970 0.390000 0.054408
1 0.461500 0.687672 0.745000 0.106749
1 0.698500 0.609848 0.273000 0.050275
1 0.353500 0.767906 0.531000 0.053719
1 0.461000 0.448691 0.746000 0.050275
1 0.284000 0.397383 0.392000 0.052342
1 0.462500 0.556474 0.747000 0.056474
1 0.294000 0.235537 0.414000 0.053719
1 0.727000 0.767906 0.216000 0.053719
1 0.461500 0.878099 0.747000 0.057851
1 0.461500 0.152204 0.747000 0.111570
0 0.355500 0.501033 0.043000 0.033747
0 0.524000 0.236570 0.044000 0.033747
0 0.603500 0.609160 0.043000 0.033747
0 0.500500 0.821281 0.043000 0.035124
0 0.640500 0.768251 0.043000 0.033747
0 0.501500 0.394284 0.043000 0.033747
0 0.127500 0.875344 0.045000 0.034435