1 0.499500 0.187627 0.813000 0.114208
1 0.680000 0.273623 0.452000 0.057784
1 0.499500 0.360299 0.813000 0.115568
1 0.774500 0.446975 0.263000 0.057784
1 0.273500 0.273623 0.361000 0.057784
1 0.499500 0.505099 0.813000 0.058464
1 0.592500 0.563222 0.627000 0.057784
1 0.368000 0.446975 0.550000 0.057784
1 0.499500 0.678790 0.813000 0.173351
1 0.186000 0.563222 0.186000 0.057784
1 0.499500 0.853501 0.813000 0.176071
0 0.144000 0.911625 0.058000 0.044867
0 0.144000 0.735214 0.060000 0.045547
0 0.676000 0.446635 0.060000 0.046227
0 0.313000 0.562203 0.060000 0.044867
0 0.491000 0.273283 0.060000 0.044867