1 0.661000 0.238636 0.348000 0.055785
1 0.287500 0.238292 0.399000 0.056474
1 0.608000 0.505510 0.454000 0.052342
1 0.556000 0.612603 0.558000 0.054408
1 0.692000 0.823347 0.286000 0.054408
1 0.435000 0.182163 0.694000 0.055785
1 0.319000 0.823347 0.462000 0.054408
1 0.386000 0.399793 0.596000 0.054408
1 0.600000 0.345386 0.470000 0.054408
1 0.431500 0.769628 0.343000 0.053030
1 0.520500 0.558540 0.629000 0.053719
1 0.234000 0.505510 0.292000 0.052342
1 0.635500 0.453857 0.399000 0.052342
1 0.376500 0.878788 0.577000 0.056474
1 0.261500 0.453168 0.347000 0.052342
1 0.227000 0.345386 0.278000 0.054408
1 0.619500 0.666322 0.431000 0.053030
1 0.759000 0.399793 0.152000 0.054408
1 0.719500 0.769628 0.231000 0.053030
1 0.750000 0.878788 0.170000 0.056474
1 0.461500 0.717975 0.745000 0.050275
1 0.245500 0.666322 0.315000 0.053030
1 0.182500 0.612603 0.189000 0.054408
1 0.502000 0.292011 0.668000 0.052342
1 0.146500 0.558540 0.119000 0.053719
1 0.174000 0.769628 0.172000 0.053030
1 0.809500 0.182163 0.051000 0.055785
1 0.128000 0.291667 0.080000 0.051653
0 0.229000 0.559229 0.044000 0.034435
0 0.118500 0.877410 0.045000 0.034435
0 0.426000 0.665978 0.044000 0.034435
0 0.458000 0.453512 0.044000 0.033747
0 0.572000 0.825413 0.044000 0.033747
0 0.190000 0.290978 0.044000 0.033747
0 0.282500 0.770317 0.043000 0.033747
0 0.625500 0.772383 0.043000 0.033747
0 0.298500 0.611915 0.043000 0.033747
0 0.703500 0.401515 0.043000 0.034435
0 0.511000 0.239669 0.044000 0.034435
0 0.388000 0.345041 0.044000 0.034435
0 0.687000 0.879821 0.044000 0.033747
0 0.807000 0.185950 0.046000 0.034435
0 0.401500 0.506543 0.043000 0.033747
1 0.462000 0.125344 0.750000 0.057851