1 0.609000 0.663912 0.500000 0.055096
1 0.465000 0.556129 0.606000 0.054408
1 0.469000 0.877410 0.616000 0.059229
1 0.622500 0.185606 0.569000 0.054408
1 0.624000 0.452479 0.468000 0.052342
1 0.612500 0.240014 0.591000 0.054408
1 0.535000 0.609848 0.746000 0.053030
1 0.260500 0.663912 0.199000 0.055096
1 0.762000 0.398416 0.294000 0.054408
1 0.250000 0.185606 0.178000 0.054408
1 0.621000 0.769972 0.576000 0.052342
1 0.536000 0.821970 0.744000 0.051653
1 0.535000 0.717631 0.746000 0.052342
1 0.534500 0.292355 0.747000 0.051653
1 0.535500 0.503788 0.747000 0.050275
1 0.275000 0.452135 0.228000 0.053030
1 0.536000 0.344697 0.744000 0.053030
1 0.388500 0.398760 0.455000 0.055096
1 0.247000 0.769972 0.172000 0.052342
1 0.839000 0.555785 0.140000 0.055096
1 0.842500 0.877410 0.133000 0.059229
1 0.239500 0.239669 0.155000 0.053719
1 0.884000 0.452479 0.050000 0.052342
1 0.884500 0.664256 0.049000 0.054408
0 0.354000 0.772383 0.042000 0.032369
0 0.790000 0.559573 0.042000 0.032369
0 0.338500 0.240358 0.043000 0.031680
0 0.410500 0.453512 0.043000 0.032369
0 0.198000 0.876377 0.042000 0.032369
0 0.639500 0.400138 0.043000 0.033058
0 0.360000 0.185606 0.042000 0.032369
0 0.882000 0.666322 0.044000 0.032369
0 0.881500 0.453857 0.043000 0.033058
0 0.798000 0.878788 0.042000 0.033058
0 0.382000 0.662879 0.042000 0.032369
0 0.201000 0.293388 0.042000 0.031680
1 0.536500 0.127755 0.751000 0.061295