1 0.730000 0.378654 0.122000 0.059823
1 0.502000 0.318151 0.578000 0.061183
1 0.441000 0.378654 0.456000 0.059823
1 0.703500 0.438137 0.175000 0.059143
1 0.414500 0.438137 0.403000 0.059143
1 0.502000 0.497621 0.578000 0.059823
1 0.579500 0.616247 0.423000 0.060503
1 0.502000 0.556764 0.578000 0.058464
1 0.502000 0.676411 0.578000 0.059823
1 0.290500 0.616247 0.155000 0.060503
0 0.247000 0.496601 0.042000 0.033311
0 0.642000 0.439157 0.044000 0.033990
0 0.246500 0.676071 0.043000 0.034670
0 0.391000 0.614888 0.044000 0.033311
0 0.694500 0.377294 0.045000 0.035350