1 0.676500 0.152617 0.461000 0.059143
1 0.500000 0.093134 0.814000 0.059823
1 0.500000 0.211081 0.814000 0.057784
1 0.558000 0.268525 0.698000 0.057104
1 0.269500 0.152617 0.353000 0.059143
1 0.500000 0.385112 0.814000 0.176071
1 0.151000 0.268525 0.116000 0.057104
1 0.500000 0.589735 0.814000 0.233175
1 0.500000 0.824609 0.814000 0.236574
0 0.144000 0.442556 0.060000 0.046227
0 0.141500 0.910945 0.057000 0.046227
0 0.144000 0.675731 0.058000 0.044867
0 0.240500 0.268525 0.061000 0.046227
0 0.478500 0.152277 0.059000 0.044867