1 0.501000 0.123385 0.814000 0.116247
1 0.807000 0.211081 0.202000 0.059143
1 0.537000 0.269205 0.742000 0.057104
1 0.400000 0.211081 0.612000 0.059143
1 0.707500 0.385792 0.401000 0.059143
1 0.130000 0.269205 0.072000 0.057104
1 0.501000 0.326988 0.814000 0.058464
1 0.501000 0.444256 0.814000 0.057784
1 0.300500 0.385792 0.413000 0.059143
1 0.571500 0.560503 0.673000 0.059143
1 0.501000 0.502039 0.814000 0.057784
1 0.501000 0.618967 0.814000 0.057784
1 0.164500 0.560503 0.141000 0.059143
1 0.501000 0.706322 0.814000 0.116927
1 0.717000 0.793678 0.382000 0.057784
1 0.661000 0.851462 0.494000 0.057784
1 0.310000 0.793678 0.432000 0.057784
1 0.501000 0.911625 0.814000 0.062542
1 0.254000 0.851462 0.320000 0.057784
0 0.145000 0.913664 0.058000 0.044867
0 0.144000 0.619986 0.058000 0.044867
0 0.198000 0.267845 0.056000 0.046227
0 0.444500 0.851801 0.059000 0.043508
0 0.145000 0.445275 0.058000 0.044867
0 0.271000 0.560503 0.060000 0.045547
0 0.543000 0.386812 0.060000 0.044867
0 0.558500 0.793678 0.061000 0.046907
0 0.740000 0.212101 0.060000 0.044867