1 0.784000 0.215160 0.240000 0.057784
1 0.498500 0.157036 0.811000 0.058464
1 0.533000 0.215160 0.262000 0.057784
1 0.247500 0.215160 0.309000 0.057784
1 0.865000 0.273283 0.078000 0.058464
1 0.612000 0.273283 0.428000 0.058464
1 0.830000 0.331407 0.148000 0.057784
1 0.245500 0.273283 0.305000 0.058464
1 0.493000 0.331407 0.526000 0.057784
1 0.749500 0.389191 0.309000 0.057784
1 0.161500 0.331407 0.137000 0.057784
1 0.344000 0.389191 0.502000 0.057784
1 0.562000 0.447315 0.684000 0.058464
1 0.156500 0.447315 0.127000 0.058464
1 0.626000 0.505438 0.556000 0.057784
1 0.220500 0.505438 0.255000 0.057784
1 0.700500 0.563222 0.407000 0.057784
1 0.295000 0.563222 0.404000 0.057784
1 0.686000 0.621006 0.436000 0.057784
1 0.280500 0.621006 0.375000 0.057784
1 0.709500 0.678790 0.389000 0.057784
1 0.304000 0.678790 0.422000 0.057784
1 0.660000 0.736574 0.488000 0.057784
1 0.254500 0.736574 0.323000 0.057784
1 0.732500 0.794697 0.343000 0.058464
1 0.327000 0.794697 0.468000 0.058464
1 0.777500 0.852821 0.253000 0.057784
1 0.372000 0.852821 0.558000 0.057784
1 0.498500 0.912644 0.811000 0.061863
0 0.787000 0.331747 0.058000 0.046227
0 0.857000 0.272264 0.060000 0.045547
0 0.144000 0.561863 0.058000 0.045547
0 0.502000 0.620666 0.060000 0.047587
0 0.380000 0.505099 0.058000 0.047587
0 0.447500 0.736234 0.059000 0.044867
0 0.531000 0.562542 0.058000 0.045547
0 0.681000 0.851462 0.058000 0.044188
0 0.435500 0.215500 0.061000 0.046227
0 0.255500 0.446635 0.059000 0.044867
0 0.142000 0.911625 0.060000 0.044867
0 0.591500 0.794018 0.059000 0.047587
0 0.142000 0.851462 0.058000 0.044188
0 0.429000 0.273623 0.058000 0.044188
0 0.545500 0.678110 0.057000 0.045547
0 0.693500 0.215840 0.061000 0.046907
0 0.624000 0.387492 0.060000 0.047587
0 0.260000 0.329708 0.058000 0.047587
0 0.141500 0.387492 0.059000 0.043508