1 0.460000 0.263085 0.746000 0.106061
1 0.252500 0.184229 0.329000 0.051653
1 0.260500 0.500689 0.345000 0.050964
1 0.434000 0.605372 0.694000 0.052342
1 0.462000 0.658402 0.748000 0.053719
1 0.462000 0.875000 0.746000 0.062672
1 0.625500 0.184229 0.417000 0.051653
1 0.634000 0.500689 0.402000 0.050964
1 0.661500 0.396350 0.347000 0.050275
1 0.460500 0.344008 0.747000 0.054408
1 0.461000 0.710399 0.748000 0.050275
1 0.287500 0.396350 0.399000 0.050275
1 0.461500 0.552686 0.747000 0.053030
1 0.461500 0.448347 0.747000 0.053719
1 0.808000 0.605372 0.054000 0.052342
1 0.358500 0.764463 0.545000 0.057851
1 0.530000 0.818871 0.610000 0.049587
1 0.156500 0.817149 0.137000 0.053030
1 0.733000 0.764807 0.204000 0.058540
0 0.246000 0.821625 0.042000 0.031680
0 0.802500 0.608815 0.041000 0.031680
0 0.116000 0.872245 0.042000 0.032369
0 0.113000 0.294766 0.042000 0.031680
0 0.442000 0.188017 0.042000 0.031680
0 0.115000 0.662534 0.042000 0.031680
0 0.453500 0.504132 0.041000 0.031680
0 0.651500 0.767906 0.041000 0.031680
0 0.508500 0.400138 0.041000 0.031680
1 0.462500 0.127066 0.751000 0.062672