1 0.535000 0.609504 0.746000 0.162534
1 0.535000 0.235537 0.746000 0.053719
1 0.535000 0.501377 0.748000 0.055096
1 0.437000 0.289945 0.554000 0.055096
1 0.425500 0.181474 0.529000 0.054408
1 0.421000 0.715909 0.520000 0.050275
1 0.291000 0.397383 0.260000 0.052342
1 0.794500 0.716253 0.227000 0.050964
1 0.800000 0.181129 0.218000 0.055096
1 0.664500 0.397383 0.487000 0.052342
1 0.811000 0.289945 0.196000 0.055096
1 0.534000 0.344353 0.746000 0.053719
1 0.535500 0.449036 0.749000 0.050964
1 0.535000 0.850207 0.748000 0.112259
1 0.590000 0.767906 0.634000 0.053719
1 0.217500 0.767906 0.113000 0.053719
0 0.189000 0.878444 0.046000 0.035124
0 0.190000 0.505165 0.046000 0.033747
0 0.713000 0.185262 0.046000 0.034435
0 0.189000 0.451446 0.046000 0.033747
0 0.442500 0.399105 0.045000 0.033747
0 0.736000 0.293733 0.044000 0.033747
0 0.318000 0.769284 0.044000 0.034435
0 0.704500 0.720041 0.045000 0.033747
1 0.536000 0.125344 0.752000 0.057851