1 0.749500 0.152277 0.317000 0.058464
1 0.501000 0.093474 0.814000 0.059143
1 0.342500 0.152277 0.497000 0.058464
1 0.501000 0.210401 0.814000 0.057784
1 0.501000 0.326649 0.814000 0.174711
1 0.501000 0.443576 0.814000 0.059143
1 0.802500 0.559823 0.211000 0.057784
1 0.501000 0.502039 0.814000 0.057784
1 0.650000 0.618287 0.516000 0.059143
1 0.395500 0.559823 0.603000 0.057784
1 0.501000 0.677090 0.814000 0.058464
1 0.797500 0.735554 0.221000 0.058464
1 0.243000 0.618287 0.298000 0.059143
1 0.390500 0.735554 0.593000 0.058464
1 0.501000 0.794018 0.814000 0.058464
1 0.863000 0.852141 0.090000 0.057784
1 0.456000 0.852141 0.724000 0.057784
1 0.501000 0.911965 0.814000 0.061863
0 0.145000 0.909925 0.060000 0.045547
0 0.719000 0.731815 0.060000 0.046907
0 0.423500 0.614888 0.061000 0.045547
0 0.730000 0.558124 0.060000 0.046227
0 0.144000 0.209041 0.058000 0.045547
0 0.858000 0.850442 0.060000 0.044867
0 0.142000 0.383413 0.060000 0.046227
0 0.145000 0.441196 0.060000 0.046227
0 0.625500 0.149218 0.061000 0.045547