1 0.535000 0.475895 0.746000 0.104683
1 0.510000 0.662879 0.696000 0.055785
1 0.319000 0.556474 0.314000 0.056474
1 0.692500 0.556474 0.431000 0.056474
1 0.278000 0.716253 0.234000 0.050964
1 0.617000 0.235537 0.582000 0.053719
1 0.651500 0.716253 0.513000 0.050964
1 0.534500 0.289945 0.747000 0.055096
1 0.535500 0.609848 0.747000 0.050275
1 0.468000 0.397383 0.612000 0.052342
1 0.535000 0.878099 0.748000 0.057851
1 0.535000 0.344353 0.748000 0.053719
1 0.598500 0.821970 0.619000 0.054408
1 0.244000 0.235537 0.164000 0.053719
1 0.535000 0.767906 0.748000 0.053719
1 0.535000 0.152204 0.746000 0.112948
1 0.225000 0.821970 0.128000 0.054408
1 0.842000 0.397383 0.134000 0.052342
1 0.883500 0.662879 0.051000 0.055785
0 0.192000 0.291667 0.046000 0.033747
0 0.188500 0.873278 0.045000 0.034435
0 0.348000 0.238636 0.044000 0.033747
0 0.881000 0.663567 0.044000 0.033747
0 0.499500 0.556818 0.045000 0.033747
0 0.312000 0.820248 0.044000 0.034435
0 0.417500 0.715565 0.045000 0.034435
0 0.797000 0.397383 0.044000 0.034435