1 0.501000 0.094154 0.816000 0.059143
1 0.789500 0.152957 0.239000 0.058464
1 0.381500 0.152957 0.577000 0.058464
1 0.501000 0.240313 0.816000 0.116247
1 0.759500 0.328008 0.299000 0.059143
1 0.501000 0.502719 0.816000 0.290279
1 0.351500 0.328008 0.517000 0.059143
1 0.550000 0.677430 0.718000 0.059143
1 0.142000 0.677430 0.098000 0.059143
1 0.501000 0.824609 0.816000 0.235214
0 0.144000 0.911285 0.058000 0.045547
0 0.704500 0.152277 0.059000 0.044867
0 0.222000 0.676751 0.060000 0.044188
0 0.643000 0.324609 0.060000 0.044188