1 0.501500 0.121686 0.817000 0.116927
1 0.545000 0.210061 0.730000 0.059823
1 0.136500 0.210061 0.087000 0.059823
1 0.501500 0.297757 0.817000 0.115568
1 0.816500 0.384772 0.187000 0.058464
1 0.408000 0.384772 0.630000 0.058464
1 0.868000 0.501700 0.084000 0.058464
1 0.501500 0.443236 0.817000 0.058464
1 0.459500 0.501700 0.733000 0.058464
1 0.726500 0.559823 0.367000 0.057784
1 0.318000 0.559823 0.450000 0.057784
1 0.675500 0.618287 0.469000 0.059143
1 0.267000 0.618287 0.348000 0.059143
1 0.501500 0.735214 0.817000 0.174711
1 0.501500 0.851462 0.817000 0.057784
1 0.501500 0.911285 0.817000 0.061863
0 0.576000 0.560163 0.058000 0.046227
0 0.857000 0.501020 0.060000 0.044867
0 0.215000 0.208022 0.060000 0.047587
0 0.142500 0.910605 0.059000 0.045547
0 0.142000 0.791978 0.060000 0.046227
0 0.753000 0.386812 0.058000 0.046227
0 0.473500 0.617267 0.059000 0.047587
0 0.142500 0.850102 0.059000 0.044188