1 0.535500 0.585055 0.747000 0.106749
1 0.535000 0.238981 0.748000 0.052342
1 0.419000 0.185606 0.514000 0.054408
1 0.745000 0.719353 0.328000 0.053030
1 0.509000 0.665634 0.698000 0.054408
1 0.792500 0.185606 0.231000 0.054408
1 0.534500 0.878788 0.747000 0.056474
1 0.510000 0.344697 0.698000 0.055785
1 0.510000 0.824036 0.696000 0.053030
1 0.753000 0.398760 0.310000 0.053719
1 0.371000 0.719353 0.420000 0.053030
1 0.533500 0.771694 0.745000 0.051653
1 0.611500 0.504477 0.593000 0.054408
1 0.534000 0.451446 0.746000 0.051653
1 0.534500 0.290978 0.747000 0.051653
1 0.380500 0.399105 0.439000 0.053030
1 0.884000 0.824380 0.050000 0.052342
1 0.238500 0.504477 0.153000 0.054408
1 0.883500 0.665634 0.051000 0.054408
1 0.884000 0.344697 0.050000 0.055785
0 0.191500 0.827824 0.043000 0.031680
0 0.336500 0.508609 0.041000 0.032369
0 0.187000 0.241736 0.042000 0.031680
0 0.880500 0.828168 0.043000 0.032369
0 0.697000 0.189050 0.042000 0.032369
0 0.642500 0.398760 0.043000 0.033058
0 0.602500 0.721419 0.041000 0.032369
0 0.200000 0.882231 0.042000 0.031680
0 0.881500 0.346763 0.043000 0.032369
0 0.880500 0.667355 0.043000 0.033058
1 0.534500 0.127755 0.747000 0.061295