1 0.501000 0.121686 0.816000 0.116927
1 0.752000 0.209381 0.314000 0.058464
1 0.344000 0.209381 0.502000 0.058464
1 0.625500 0.268185 0.567000 0.059143
1 0.217500 0.268185 0.249000 0.059143
1 0.501000 0.326649 0.816000 0.057784
1 0.867000 0.384772 0.084000 0.058464
1 0.459000 0.384772 0.732000 0.058464
1 0.501000 0.443576 0.816000 0.059143
1 0.501000 0.560163 0.816000 0.174031
1 0.868500 0.676751 0.081000 0.059143
1 0.460500 0.676751 0.735000 0.059143
1 0.630000 0.735214 0.558000 0.057784
1 0.222000 0.735214 0.258000 0.057784
1 0.635000 0.793678 0.548000 0.059143
1 0.501000 0.883413 0.816000 0.120326
1 0.227000 0.793678 0.268000 0.059143
0 0.145000 0.442896 0.060000 0.046907
0 0.143000 0.911625 0.060000 0.044867
0 0.860000 0.384772 0.060000 0.046227
0 0.626500 0.209041 0.061000 0.045547
0 0.395000 0.792658 0.060000 0.046227
0 0.383000 0.735214 0.060000 0.045547
0 0.862000 0.675391 0.058000 0.044188
0 0.136500 0.383753 0.061000 0.046907
0 0.374500 0.268525 0.061000 0.047587