1 0.535500 0.797521 0.747000 0.216253
1 0.452000 0.662534 0.582000 0.055096
1 0.287000 0.233471 0.250000 0.053719
1 0.660000 0.233471 0.498000 0.053719
1 0.534000 0.499656 0.744000 0.051653
1 0.535000 0.288223 0.746000 0.055785
1 0.535000 0.608471 0.746000 0.053030
1 0.566500 0.553719 0.681000 0.056474
1 0.534500 0.394628 0.747000 0.056474
1 0.567500 0.448347 0.681000 0.052342
1 0.825500 0.662534 0.165000 0.055096
1 0.534000 0.151860 0.748000 0.109504
1 0.585000 0.341253 0.648000 0.050275
1 0.211500 0.341253 0.099000 0.050275
1 0.194000 0.448003 0.066000 0.051653
1 0.193000 0.554408 0.064000 0.056474
0 0.193000 0.879477 0.046000 0.034435
0 0.283500 0.342631 0.045000 0.033747
0 0.246500 0.449725 0.041000 0.031680
0 0.246000 0.558540 0.040000 0.031680
0 0.433000 0.234160 0.042000 0.033058
0 0.765500 0.665289 0.045000 0.034435