1 0.535000 0.396006 0.746000 0.157025
1 0.534000 0.581612 0.746000 0.106749
1 0.763000 0.662879 0.290000 0.055785
1 0.389000 0.662879 0.456000 0.055785
1 0.408000 0.290289 0.494000 0.054408
1 0.334000 0.716253 0.346000 0.050964
1 0.281500 0.821970 0.241000 0.054408
1 0.654500 0.822314 0.505000 0.055096
1 0.534500 0.878099 0.745000 0.057851
1 0.623500 0.501377 0.569000 0.053719
1 0.781500 0.290289 0.255000 0.054408
1 0.250500 0.501377 0.179000 0.055096
1 0.708500 0.715909 0.401000 0.050275
1 0.535500 0.235882 0.749000 0.054408
1 0.534000 0.767906 0.748000 0.053719
1 0.535000 0.152204 0.746000 0.112948
0 0.193000 0.186295 0.044000 0.033747
0 0.676500 0.294077 0.045000 0.033058
0 0.638500 0.664256 0.043000 0.033747
0 0.423500 0.824380 0.043000 0.034435
0 0.188500 0.874311 0.045000 0.033747
0 0.197500 0.770317 0.045000 0.033747
0 0.362000 0.504821 0.044000 0.034435
0 0.529500 0.717287 0.045000 0.033747