1 0.461500 0.424931 0.747000 0.107438
1 0.653000 0.184229 0.362000 0.054408
1 0.280000 0.184229 0.384000 0.054408
1 0.461000 0.236570 0.748000 0.050275
1 0.190500 0.663223 0.205000 0.056474
1 0.606000 0.288912 0.458000 0.054408
1 0.563000 0.663223 0.542000 0.056474
1 0.520000 0.823003 0.630000 0.052342
1 0.232500 0.288912 0.289000 0.054408
1 0.461500 0.878099 0.747000 0.057851
1 0.460500 0.582645 0.747000 0.104683
1 0.597500 0.343664 0.473000 0.055096
1 0.538500 0.769284 0.593000 0.055096
1 0.544500 0.504477 0.579000 0.051653
1 0.461500 0.716598 0.747000 0.050275
1 0.224500 0.343664 0.273000 0.055096
1 0.171500 0.504477 0.167000 0.051653
1 0.146000 0.823003 0.116000 0.052342
1 0.165000 0.769284 0.154000 0.055096
0 0.265500 0.776171 0.045000 0.034435
0 0.384000 0.349518 0.046000 0.033747
0 0.315500 0.668733 0.045000 0.034435
0 0.496500 0.188705 0.045000 0.034435
0 0.278500 0.508609 0.043000 0.033747
0 0.400000 0.296488 0.044000 0.033747
0 0.227000 0.829545 0.044000 0.033747
0 0.127500 0.883609 0.045000 0.034435
1 0.461000 0.127066 0.748000 0.059917