1 0.499500 0.121686 0.813000 0.116927
1 0.810000 0.209381 0.192000 0.058464
1 0.403500 0.209381 0.621000 0.058464
1 0.697500 0.267845 0.417000 0.058464
1 0.499500 0.325969 0.813000 0.057784
1 0.291000 0.267845 0.396000 0.058464
1 0.863500 0.384432 0.085000 0.059143
1 0.499500 0.472468 0.813000 0.116927
1 0.457000 0.384432 0.728000 0.059143
1 0.499500 0.559823 0.813000 0.057784
1 0.567000 0.617947 0.678000 0.058464
1 0.499500 0.676411 0.813000 0.058464
1 0.160500 0.617947 0.135000 0.058464
1 0.658500 0.734534 0.495000 0.057784
1 0.643000 0.792998 0.526000 0.059143
1 0.252000 0.734534 0.318000 0.057784
1 0.499500 0.882393 0.813000 0.119646
1 0.236500 0.792998 0.287000 0.059143
0 0.856500 0.387492 0.061000 0.044867
0 0.144500 0.911625 0.059000 0.044867
0 0.443000 0.735554 0.060000 0.044867
0 0.414500 0.793338 0.061000 0.047587
0 0.143000 0.501020 0.058000 0.043508
0 0.745500 0.209721 0.061000 0.046907
0 0.520500 0.267505 0.059000 0.046907
0 0.262000 0.618627 0.060000 0.047587