1 0.639500 0.239669 0.391000 0.053719
1 0.283500 0.239669 0.321000 0.053719
1 0.693500 0.455234 0.283000 0.056474
1 0.461000 0.185606 0.746000 0.054408
1 0.604500 0.560606 0.357000 0.053719
1 0.489500 0.663912 0.691000 0.052342
1 0.236000 0.770317 0.296000 0.054408
1 0.257500 0.560262 0.339000 0.054408
1 0.316000 0.879821 0.456000 0.054408
1 0.609500 0.770317 0.451000 0.054408
1 0.679500 0.399105 0.311000 0.055785
1 0.320000 0.455234 0.464000 0.056474
1 0.383500 0.825069 0.591000 0.055096
1 0.676000 0.345041 0.318000 0.053719
1 0.613000 0.292355 0.444000 0.051653
1 0.690000 0.879821 0.290000 0.054408
1 0.210500 0.507920 0.245000 0.050275
1 0.719500 0.612948 0.231000 0.050964
1 0.543000 0.716598 0.584000 0.053030
1 0.391500 0.612603 0.425000 0.050275
1 0.239000 0.292011 0.304000 0.052342
1 0.583500 0.508609 0.501000 0.050275
1 0.345000 0.128444 0.276000 0.059917
1 0.306000 0.399105 0.436000 0.055785
1 0.757000 0.825069 0.156000 0.055096
1 0.659000 0.128099 0.352000 0.060606
1 0.302500 0.344697 0.429000 0.053030
1 0.170500 0.716598 0.165000 0.053030
1 0.132500 0.613292 0.091000 0.050275
1 0.809000 0.560950 0.052000 0.054408
1 0.116500 0.664256 0.057000 0.051653
1 0.147000 0.128444 0.120000 0.059917
0 0.229000 0.136364 0.042000 0.031680
0 0.355000 0.509986 0.042000 0.032369
0 0.413000 0.296832 0.040000 0.031680
0 0.122000 0.403581 0.042000 0.031680
0 0.565000 0.883953 0.042000 0.032369
0 0.116500 0.882576 0.043000 0.032369
0 0.116000 0.189738 0.042000 0.032369
0 0.537500 0.350207 0.043000 0.032369
0 0.573500 0.457300 0.043000 0.031680
0 0.625500 0.617080 0.041000 0.031680
0 0.407000 0.776515 0.042000 0.032369
0 0.116500 0.296832 0.043000 0.031680
0 0.700000 0.831267 0.042000 0.031680
0 0.124000 0.456267 0.042000 0.030992
0 0.447500 0.563705 0.041000 0.032369
0 0.465000 0.243802 0.042000 0.031680
0 0.166500 0.669421 0.041000 0.031680
0 0.546500 0.404270 0.041000 0.031680
0 0.502500 0.137052 0.041000 0.031680
0 0.273000 0.722452 0.042000 0.031680
0 0.199000 0.616391 0.042000 0.031680
0 0.805000 0.565083 0.044000 0.032369
0 0.145000 0.243113 0.042000 0.031680
1 0.105500 0.240358 0.037000 0.052342