1 0.405000 0.188361 0.488000 0.054408
1 0.591500 0.559229 0.633000 0.056474
1 0.334500 0.242080 0.347000 0.054408
1 0.535000 0.826791 0.748000 0.159091
1 0.563500 0.400482 0.691000 0.053030
1 0.390500 0.348140 0.459000 0.051653
1 0.764500 0.348140 0.287000 0.051653
1 0.715000 0.296143 0.294000 0.053719
1 0.364500 0.295455 0.407000 0.053719
1 0.709000 0.242080 0.400000 0.054408
1 0.762500 0.719353 0.291000 0.055785
1 0.463500 0.505510 0.601000 0.050964
1 0.779000 0.188017 0.260000 0.053719
1 0.389000 0.719697 0.456000 0.055096
1 0.535500 0.453512 0.745000 0.053030
1 0.534500 0.639463 0.745000 0.103994
1 0.836500 0.505510 0.143000 0.050964
1 0.190000 0.400482 0.056000 0.053030
1 0.886000 0.295799 0.046000 0.053030
0 0.192000 0.882231 0.040000 0.030303
1 0.217500 0.559229 0.113000 0.056474
0 0.588500 0.298554 0.039000 0.030992
0 0.641500 0.352617 0.039000 0.030303
0 0.529000 0.244490 0.040000 0.030303
0 0.186000 0.723829 0.040000 0.030303
0 0.638000 0.725207 0.040000 0.030303
0 0.785500 0.511708 0.041000 0.030303
0 0.668000 0.191804 0.040000 0.030992
0 0.238500 0.404959 0.039000 0.030303
0 0.294500 0.565427 0.039000 0.030303
1 0.535000 0.129132 0.748000 0.064050
0 0.883500 0.298898 0.041000 0.030303