1 0.499500 0.124065 0.813000 0.117607
1 0.791000 0.211761 0.230000 0.057784
1 0.499500 0.299116 0.813000 0.116927
1 0.384500 0.211761 0.583000 0.057784
1 0.570500 0.386472 0.671000 0.057784
1 0.499500 0.444256 0.813000 0.057784
1 0.164000 0.386472 0.142000 0.057784
1 0.864500 0.502719 0.083000 0.059143
1 0.458000 0.502719 0.730000 0.059143
1 0.499500 0.561183 0.813000 0.057784
1 0.706500 0.618967 0.399000 0.057784
1 0.300000 0.618967 0.414000 0.057784
1 0.499500 0.677090 0.813000 0.058464
1 0.733500 0.735554 0.345000 0.058464
1 0.327000 0.735554 0.468000 0.058464
1 0.526500 0.793678 0.759000 0.057784
1 0.120000 0.793678 0.054000 0.057784
1 0.499500 0.882733 0.813000 0.120326
0 0.709000 0.211081 0.060000 0.045547
0 0.142500 0.912305 0.059000 0.044867
0 0.856500 0.502719 0.059000 0.044188
0 0.178500 0.792998 0.059000 0.046907
0 0.270000 0.385452 0.060000 0.046227
0 0.591500 0.735554 0.061000 0.044867
0 0.540500 0.617947 0.061000 0.046227
0 0.142500 0.502379 0.059000 0.044867