1 0.536000 0.529614 0.746000 0.101928
1 0.535000 0.824036 0.746000 0.165978
1 0.534000 0.373623 0.748000 0.105372
1 0.453000 0.662534 0.584000 0.052342
1 0.728500 0.715220 0.361000 0.053030
1 0.498000 0.608471 0.674000 0.055785
1 0.354500 0.715220 0.387000 0.053030
1 0.826500 0.662190 0.163000 0.051653
1 0.723500 0.293044 0.369000 0.055785
1 0.350000 0.293044 0.378000 0.055785
1 0.872000 0.608815 0.074000 0.056474
1 0.561500 0.452479 0.693000 0.053719
0 0.195000 0.665289 0.044000 0.034435
0 0.767500 0.664945 0.043000 0.033747
1 0.187500 0.452479 0.051000 0.053719
0 0.195000 0.876033 0.044000 0.034435
0 0.570000 0.717631 0.044000 0.034435
0 0.561500 0.294077 0.045000 0.034435
0 0.236500 0.453512 0.045000 0.033747
0 0.880500 0.611226 0.045000 0.033747
1 0.534500 0.180441 0.745000 0.169421