1 0.461000 0.371901 0.748000 0.103306
1 0.462000 0.826791 0.748000 0.160468
1 0.461500 0.610882 0.749000 0.055096
1 0.579500 0.719008 0.509000 0.055096
1 0.645000 0.294077 0.380000 0.052342
1 0.461000 0.477273 0.748000 0.108815
1 0.524500 0.665289 0.623000 0.053719
1 0.271000 0.294077 0.368000 0.052342
1 0.530500 0.557507 0.609000 0.051653
1 0.207000 0.719008 0.238000 0.055096
1 0.150500 0.665289 0.125000 0.053719
1 0.461000 0.240702 0.748000 0.054408
1 0.157000 0.557507 0.138000 0.051653
1 0.460500 0.153926 0.747000 0.117769
0 0.116500 0.882920 0.043000 0.031680
0 0.348000 0.722796 0.042000 0.032369
0 0.477000 0.296832 0.042000 0.031680
0 0.114000 0.191804 0.042000 0.030992
0 0.115500 0.404270 0.043000 0.031680
0 0.249000 0.563017 0.042000 0.032369
0 0.235000 0.669766 0.042000 0.032369