1 0.686500 0.151937 0.441000 0.059143
1 0.499500 0.092794 0.815000 0.059143
1 0.279000 0.151937 0.374000 0.059143
1 0.760000 0.268525 0.294000 0.057104
1 0.499500 0.210741 0.815000 0.058464
1 0.352500 0.268525 0.521000 0.057104
1 0.741000 0.326309 0.332000 0.058464
1 0.499500 0.384772 0.815000 0.058464
1 0.787500 0.443576 0.239000 0.059143
1 0.333500 0.326309 0.483000 0.058464
1 0.599500 0.502039 0.615000 0.057784
1 0.380000 0.443576 0.576000 0.059143
1 0.663500 0.559483 0.487000 0.057104
1 0.192000 0.502039 0.200000 0.057784
1 0.668500 0.617607 0.477000 0.059143
1 0.256000 0.559483 0.328000 0.057104
1 0.261000 0.617607 0.338000 0.059143
1 0.558500 0.676411 0.697000 0.058464
1 0.151000 0.676411 0.118000 0.058464
1 0.659500 0.793338 0.495000 0.057104
1 0.499500 0.735214 0.815000 0.059143
1 0.252000 0.793338 0.320000 0.057104
1 0.681500 0.851122 0.451000 0.058464
1 0.274000 0.851122 0.364000 0.058464
1 0.499500 0.911285 0.815000 0.061863
0 0.142500 0.912644 0.059000 0.045547
0 0.491000 0.851801 0.060000 0.043508
0 0.324500 0.501700 0.059000 0.043508
0 0.647500 0.268185 0.061000 0.048266
0 0.444000 0.795377 0.060000 0.046227
0 0.455500 0.560503 0.059000 0.045547
0 0.246000 0.677770 0.060000 0.044867
0 0.465500 0.618287 0.061000 0.046907
0 0.701500 0.442556 0.061000 0.047587
0 0.610500 0.326988 0.059000 0.044867
0 0.501000 0.151937 0.060000 0.045547