1 0.499500 0.123725 0.815000 0.116927
1 0.545500 0.269205 0.723000 0.058464
1 0.499500 0.211081 0.815000 0.057784
1 0.138000 0.269205 0.092000 0.058464
1 0.499500 0.356900 0.815000 0.116927
1 0.669000 0.444256 0.476000 0.057784
1 0.499500 0.502039 0.815000 0.057784
1 0.261500 0.444256 0.339000 0.057784
1 0.864500 0.560843 0.085000 0.059823
1 0.864500 0.619307 0.085000 0.057104
1 0.457000 0.560843 0.730000 0.059823
1 0.457000 0.619307 0.730000 0.057104
1 0.499500 0.677090 0.815000 0.058464
1 0.864500 0.735554 0.085000 0.058464
1 0.457000 0.735554 0.730000 0.058464
1 0.719000 0.793678 0.376000 0.057784
1 0.311500 0.793678 0.439000 0.057784
1 0.499500 0.883073 0.815000 0.121006
0 0.566000 0.794358 0.058000 0.045547
0 0.142500 0.912305 0.059000 0.044867
0 0.855000 0.737593 0.060000 0.044867
0 0.855000 0.561523 0.060000 0.044867
0 0.218500 0.270224 0.059000 0.045547
0 0.141500 0.153297 0.059000 0.045547
0 0.855500 0.619646 0.061000 0.045547
0 0.461500 0.444596 0.059000 0.044867