1 0.461500 0.505165 0.747000 0.159091
1 0.461000 0.263085 0.748000 0.106061
1 0.331000 0.182851 0.488000 0.054408
1 0.262000 0.827824 0.348000 0.055096
1 0.460500 0.639463 0.745000 0.109504
1 0.704500 0.182851 0.259000 0.054408
1 0.635000 0.828168 0.398000 0.054408
1 0.615500 0.398416 0.437000 0.054408
1 0.339500 0.719008 0.503000 0.049587
1 0.242000 0.398760 0.308000 0.053719
1 0.712500 0.719353 0.245000 0.050275
1 0.434000 0.344008 0.694000 0.054408
1 0.461500 0.772383 0.747000 0.055785
1 0.462500 0.881198 0.749000 0.051653
1 0.808500 0.343664 0.053000 0.055096
0 0.118500 0.560606 0.045000 0.034435
0 0.114500 0.882576 0.045000 0.033747
0 0.613500 0.724862 0.045000 0.033747
0 0.456500 0.832989 0.041000 0.030992
0 0.597000 0.190083 0.044000 0.034435
0 0.416500 0.403581 0.039000 0.030303
0 0.803000 0.347452 0.040000 0.030992
1 0.462500 0.125689 0.751000 0.059917