1 0.549500 0.235193 0.473000 0.054408
1 0.435500 0.662879 0.697000 0.055785
1 0.632000 0.556474 0.302000 0.056474
1 0.664500 0.181474 0.337000 0.054408
1 0.251000 0.501377 0.328000 0.053719
1 0.624500 0.501377 0.419000 0.053719
1 0.674000 0.878099 0.318000 0.057851
1 0.558000 0.449036 0.450000 0.050964
1 0.210000 0.449036 0.246000 0.050964
1 0.302000 0.878099 0.428000 0.057851
1 0.199500 0.235537 0.225000 0.053719
1 0.678000 0.344353 0.310000 0.053719
1 0.291000 0.180785 0.408000 0.054408
1 0.436000 0.609848 0.696000 0.050275
1 0.660500 0.767906 0.251000 0.053719
1 0.435000 0.397383 0.696000 0.052342
1 0.373500 0.556818 0.217000 0.055785
1 0.304500 0.344353 0.435000 0.053719
1 0.435000 0.715909 0.272000 0.050275
1 0.356500 0.289945 0.541000 0.055096
1 0.730000 0.289945 0.206000 0.055096
1 0.703500 0.715909 0.261000 0.050275
1 0.216000 0.767906 0.260000 0.053719
1 0.175500 0.556474 0.179000 0.056474
1 0.544500 0.821970 0.577000 0.055785
1 0.193000 0.715909 0.212000 0.050275
1 0.441000 0.767906 0.188000 0.053719
1 0.174000 0.126377 0.178000 0.055785
1 0.548000 0.126377 0.570000 0.055785
1 0.171500 0.822314 0.167000 0.055096
1 0.810500 0.235882 0.047000 0.054408
1 0.809000 0.556818 0.050000 0.055785
1 0.809500 0.609504 0.049000 0.049587
1 0.808500 0.397383 0.051000 0.052342
1 0.809000 0.448691 0.050000 0.050275
1 0.810000 0.662879 0.048000 0.055785
0 0.354000 0.448003 0.042000 0.032369
1 0.810000 0.767906 0.048000 0.053719
0 0.333500 0.235537 0.041000 0.031680
0 0.121000 0.661501 0.042000 0.032369
0 0.277500 0.821281 0.041000 0.032369
0 0.502500 0.554752 0.041000 0.032369
0 0.283500 0.127755 0.041000 0.032369
0 0.120500 0.769628 0.041000 0.032369
0 0.593500 0.714876 0.041000 0.033058
0 0.287000 0.554752 0.042000 0.032369
0 0.536500 0.875344 0.043000 0.033058
0 0.516500 0.180785 0.041000 0.032369
0 0.807500 0.661846 0.043000 0.033058
0 0.646500 0.288223 0.041000 0.032369
0 0.318500 0.714532 0.041000 0.032369
0 0.119000 0.875000 0.042000 0.032369
0 0.807000 0.449036 0.044000 0.031680
0 0.542000 0.341598 0.040000 0.031680
0 0.807000 0.610882 0.044000 0.031680
0 0.366500 0.768595 0.041000 0.031680
0 0.126500 0.288567 0.043000 0.031680
0 0.437000 0.500344 0.040000 0.032369
0 0.556500 0.768939 0.041000 0.032369
0 0.805500 0.395317 0.043000 0.033058
0 0.807500 0.766873 0.043000 0.032369
0 0.808000 0.235537 0.042000 0.031680
0 0.806500 0.555441 0.043000 0.032369