1 0.532000 0.423554 0.752000 0.103306
1 0.593000 0.662879 0.628000 0.055785
1 0.705500 0.556818 0.405000 0.055785
1 0.651000 0.235537 0.512000 0.053719
1 0.744500 0.609848 0.329000 0.050275
1 0.804000 0.822314 0.208000 0.055096
1 0.298000 0.821625 0.276000 0.055096
1 0.277000 0.235537 0.234000 0.053719
1 0.508500 0.878099 0.695000 0.057851
1 0.331500 0.556818 0.343000 0.055785
1 0.505500 0.716253 0.373000 0.050964
1 0.734500 0.501377 0.347000 0.053719
1 0.491000 0.767906 0.302000 0.053719
1 0.534000 0.289945 0.748000 0.055096
1 0.445000 0.181474 0.570000 0.054408
1 0.249000 0.609504 0.178000 0.049587
1 0.459000 0.609504 0.242000 0.049587
1 0.509500 0.344353 0.697000 0.053719
1 0.799500 0.716253 0.217000 0.050964
1 0.775000 0.767906 0.266000 0.053719
1 0.360500 0.501722 0.401000 0.054408
1 0.568000 0.822314 0.264000 0.055096
1 0.249500 0.767906 0.179000 0.053719
1 0.219000 0.662879 0.118000 0.055785
1 0.818500 0.181474 0.179000 0.054408
1 0.240000 0.716253 0.158000 0.050964
1 0.883500 0.878444 0.051000 0.057163
1 0.883500 0.344697 0.049000 0.054408
0 0.665000 0.772383 0.044000 0.033747
0 0.190000 0.877755 0.046000 0.035124
0 0.458000 0.824725 0.044000 0.035124
0 0.419000 0.237603 0.046000 0.034435
0 0.603000 0.613636 0.044000 0.034435
0 0.525000 0.560262 0.044000 0.033747
0 0.362500 0.773416 0.045000 0.034435
0 0.750500 0.184229 0.043000 0.033747
0 0.299500 0.665634 0.043000 0.033747
0 0.189000 0.506543 0.046000 0.033747
0 0.190000 0.560950 0.046000 0.033747
0 0.190500 0.344697 0.045000 0.033747
0 0.722000 0.824725 0.044000 0.033747
0 0.360500 0.613636 0.043000 0.034435
0 0.714000 0.720730 0.044000 0.033747
0 0.881000 0.879477 0.044000 0.034435
0 0.583000 0.507231 0.044000 0.033747
0 0.340500 0.719697 0.045000 0.034435
0 0.881000 0.345041 0.044000 0.034435
1 0.535000 0.125344 0.752000 0.057851