1 0.498500 0.119646 0.815000 0.116927
1 0.758000 0.207342 0.296000 0.058464
1 0.498500 0.265466 0.815000 0.057784
1 0.350500 0.207342 0.519000 0.058464
1 0.498500 0.382393 0.815000 0.176071
1 0.535000 0.499320 0.742000 0.057784
1 0.498500 0.615568 0.815000 0.174711
1 0.127500 0.499320 0.073000 0.057784
1 0.498500 0.822570 0.815000 0.239293
0 0.642500 0.206662 0.061000 0.047587
0 0.141000 0.908906 0.060000 0.047587
0 0.142000 0.672672 0.060000 0.045547
0 0.183000 0.265466 0.060000 0.045547
0 0.200000 0.498300 0.060000 0.044867