1 0.561000 0.181129 0.430000 0.055096
1 0.227500 0.824036 0.279000 0.053030
1 0.263000 0.288912 0.352000 0.054408
1 0.242000 0.772383 0.308000 0.050275
1 0.357500 0.879132 0.539000 0.055785
1 0.570000 0.824380 0.406000 0.053719
1 0.464500 0.235193 0.459000 0.053030
1 0.460000 0.396006 0.746000 0.052342
1 0.552000 0.772383 0.314000 0.050275
1 0.727000 0.342975 0.216000 0.053719
1 0.694500 0.722452 0.281000 0.049587
1 0.730500 0.878788 0.209000 0.056474
1 0.216000 0.722107 0.258000 0.050275
1 0.637000 0.289256 0.396000 0.055096
1 0.353000 0.342975 0.530000 0.053719
1 0.217000 0.180785 0.258000 0.054408
1 0.311000 0.617424 0.232000 0.047521
1 0.258500 0.669077 0.265000 0.055785
1 0.449500 0.722796 0.209000 0.050275
1 0.550500 0.618113 0.247000 0.047521
1 0.434500 0.446970 0.693000 0.049587
1 0.461000 0.532713 0.748000 0.123278
1 0.764500 0.235193 0.141000 0.053030
1 0.526500 0.669421 0.269000 0.056474
1 0.161000 0.235193 0.146000 0.053030
1 0.806000 0.181474 0.058000 0.054408
1 0.804500 0.824725 0.063000 0.053030
1 0.754500 0.617769 0.161000 0.048209
1 0.141500 0.617424 0.107000 0.047521
1 0.748500 0.669421 0.173000 0.056474
1 0.772000 0.772383 0.126000 0.050275
1 0.807500 0.447658 0.055000 0.050964
0 0.148000 0.672521 0.042000 0.032369
0 0.117500 0.878444 0.047000 0.033747
0 0.368000 0.185606 0.044000 0.033747
0 0.412500 0.673554 0.043000 0.033058
1 0.460000 0.126033 0.746000 0.056474
0 0.389000 0.827479 0.044000 0.033747
0 0.117000 0.343664 0.046000 0.034435
0 0.649500 0.879132 0.045000 0.033747
0 0.683500 0.675620 0.043000 0.033058
0 0.716000 0.239325 0.044000 0.033747
0 0.461000 0.290978 0.044000 0.033747
0 0.804000 0.449725 0.046000 0.033058
0 0.449500 0.621901 0.043000 0.033058
0 0.256000 0.239669 0.044000 0.034435
0 0.122000 0.449380 0.044000 0.033747
0 0.578000 0.723829 0.044000 0.033058
0 0.367500 0.725551 0.043000 0.032369
0 0.799500 0.186295 0.045000 0.033747
0 0.641000 0.344008 0.044000 0.033747
0 0.730500 0.776171 0.043000 0.033058
0 0.217000 0.621212 0.044000 0.033058
0 0.696500 0.620868 0.043000 0.032369
0 0.797500 0.826791 0.045000 0.033747
0 0.416500 0.775482 0.043000 0.033058
1 0.107000 0.669766 0.038000 0.055785