1 0.336500 0.501033 0.497000 0.054408
1 0.435500 0.235537 0.695000 0.053719
1 0.461500 0.662879 0.745000 0.055785
1 0.709500 0.501377 0.251000 0.053719
1 0.689000 0.449036 0.292000 0.050964
1 0.435500 0.397383 0.695000 0.052342
1 0.315000 0.449036 0.456000 0.050964
1 0.333500 0.289945 0.491000 0.055096
1 0.706500 0.290289 0.257000 0.054408
1 0.508500 0.609848 0.653000 0.050275
1 0.461500 0.181129 0.747000 0.055096
1 0.461500 0.344353 0.747000 0.053719
1 0.581500 0.768251 0.507000 0.053030
1 0.208500 0.767906 0.241000 0.053719
1 0.484000 0.556474 0.700000 0.056474
1 0.461500 0.850207 0.747000 0.112259
1 0.516000 0.126033 0.636000 0.055096
1 0.484500 0.716253 0.701000 0.050964
1 0.143000 0.126377 0.112000 0.055785
1 0.809500 0.235882 0.051000 0.054408
1 0.810000 0.397383 0.052000 0.052342
1 0.135000 0.609848 0.094000 0.050275
0 0.607500 0.501722 0.045000 0.033747
0 0.118000 0.872590 0.046000 0.034435
0 0.154500 0.713843 0.045000 0.033747
0 0.222500 0.130165 0.045000 0.034435
0 0.352000 0.767218 0.046000 0.034435
0 0.806500 0.237259 0.045000 0.033747
0 0.205000 0.607782 0.044000 0.033747
0 0.154000 0.554408 0.044000 0.033058
0 0.565500 0.447658 0.045000 0.034435
0 0.600000 0.289601 0.044000 0.033747
1 0.110500 0.715909 0.045000 0.050275
0 0.806500 0.396006 0.045000 0.034435
1 0.110500 0.556129 0.045000 0.055785