1 0.428000 0.555441 0.532000 0.053030
1 0.621000 0.289601 0.576000 0.053030
1 0.739000 0.236226 0.340000 0.053719
1 0.535500 0.610537 0.747000 0.055785
1 0.672000 0.664256 0.474000 0.051653
1 0.297500 0.664256 0.273000 0.051653
1 0.801500 0.555441 0.215000 0.053030
1 0.365500 0.236570 0.407000 0.053030
1 0.391500 0.503099 0.459000 0.051653
1 0.535500 0.450758 0.745000 0.053030
1 0.568000 0.397383 0.678000 0.053719
1 0.292000 0.823691 0.260000 0.053719
1 0.535500 0.182507 0.747000 0.053719
1 0.633500 0.343320 0.551000 0.054408
1 0.764500 0.503099 0.287000 0.051653
1 0.259500 0.342975 0.197000 0.053719
1 0.664500 0.823691 0.485000 0.053719
1 0.610500 0.715909 0.595000 0.051653
1 0.534500 0.769284 0.747000 0.055096
1 0.537500 0.878788 0.741000 0.056474
1 0.238000 0.715909 0.152000 0.051653
1 0.246500 0.289601 0.171000 0.053030
1 0.195500 0.397383 0.067000 0.053719
0 0.716000 0.560262 0.044000 0.033747
0 0.195500 0.133609 0.045000 0.034435
0 0.335000 0.720041 0.044000 0.033747
0 0.251000 0.401515 0.044000 0.034435
0 0.189500 0.880165 0.045000 0.034435
0 0.443500 0.827824 0.043000 0.034435
0 0.642000 0.506543 0.044000 0.033747
0 0.380500 0.348140 0.045000 0.035124
0 0.354500 0.294766 0.045000 0.034435
0 0.591000 0.241391 0.044000 0.033747
0 0.457500 0.667011 0.045000 0.033747
1 0.536500 0.125689 0.751000 0.059917