1 0.335500 0.716253 0.349000 0.050964
1 0.666000 0.821970 0.482000 0.054408
1 0.535500 0.501377 0.335000 0.053719
1 0.625000 0.449036 0.456000 0.050964
1 0.264500 0.501377 0.207000 0.053719
1 0.373000 0.181474 0.270000 0.054408
1 0.426500 0.767906 0.531000 0.053719
1 0.293000 0.821970 0.264000 0.054408
1 0.484500 0.235537 0.345000 0.053719
1 0.684000 0.181474 0.352000 0.054408
1 0.467500 0.878099 0.615000 0.057851
1 0.783000 0.235537 0.252000 0.053719
1 0.709500 0.716253 0.399000 0.050964
1 0.278500 0.449380 0.235000 0.050275
1 0.474500 0.289945 0.629000 0.055096
1 0.800500 0.767906 0.217000 0.053719
1 0.498000 0.397727 0.362000 0.053030
1 0.794500 0.397383 0.229000 0.052342
1 0.805500 0.501377 0.207000 0.053719
1 0.434000 0.344353 0.258000 0.053719
1 0.708000 0.344353 0.288000 0.053719
1 0.278000 0.126033 0.234000 0.056474
1 0.651500 0.126377 0.511000 0.055785
1 0.233500 0.344353 0.145000 0.053719
1 0.535000 0.634642 0.746000 0.112259
1 0.240500 0.397383 0.157000 0.052342
1 0.841000 0.878099 0.136000 0.057851
1 0.237000 0.235537 0.150000 0.053719
1 0.199500 0.181129 0.077000 0.053719
1 0.848500 0.290289 0.119000 0.055785
1 0.434000 0.553030 0.548000 0.049587
1 0.881000 0.449380 0.056000 0.050275
1 0.808000 0.552342 0.202000 0.048209
1 0.880500 0.344353 0.057000 0.053719
1 0.884000 0.181129 0.050000 0.053719
0 0.350000 0.554063 0.044000 0.033747
0 0.260000 0.184917 0.044000 0.033747
0 0.193500 0.767562 0.043000 0.033747
0 0.530000 0.185262 0.044000 0.034435
0 0.881500 0.185950 0.045000 0.034435
0 0.795000 0.875000 0.044000 0.033747
0 0.389000 0.501722 0.042000 0.033747
0 0.333500 0.237259 0.043000 0.033747
0 0.447500 0.821625 0.043000 0.034435
0 0.724000 0.503099 0.044000 0.033747
0 0.679000 0.238292 0.044000 0.034435
0 0.532000 0.713499 0.044000 0.034435
0 0.200000 0.872590 0.044000 0.034435
0 0.876500 0.450069 0.045000 0.035124
0 0.703500 0.397383 0.045000 0.034435
0 0.730500 0.553719 0.045000 0.033058
0 0.811000 0.291667 0.044000 0.033747
0 0.586000 0.343664 0.044000 0.034435
0 0.340500 0.396006 0.043000 0.034435
0 0.714500 0.768251 0.043000 0.033747
0 0.420000 0.447658 0.044000 0.034435
0 0.416500 0.130854 0.043000 0.034435
0 0.326500 0.344008 0.043000 0.033747
0 0.874000 0.345041 0.044000 0.034435