1 0.635500 0.094494 0.537000 0.058464
1 0.229000 0.094494 0.276000 0.058464
1 0.497500 0.152617 0.813000 0.057784
1 0.667000 0.210401 0.474000 0.057784
1 0.260500 0.210401 0.339000 0.057784
1 0.668500 0.268865 0.471000 0.059143
1 0.262000 0.268865 0.342000 0.059143
1 0.685500 0.327328 0.437000 0.057784
1 0.728500 0.385112 0.351000 0.057784
1 0.279000 0.327328 0.376000 0.057784
1 0.863000 0.443236 0.082000 0.058464
1 0.322000 0.385112 0.462000 0.057784
1 0.515500 0.443236 0.613000 0.058464
1 0.862500 0.559823 0.083000 0.057784
1 0.497500 0.501700 0.813000 0.058464
1 0.150000 0.443236 0.118000 0.058464
1 0.776000 0.617607 0.256000 0.057784
1 0.456000 0.559823 0.730000 0.057784
1 0.813500 0.675391 0.181000 0.057784
1 0.369500 0.617607 0.557000 0.057784
1 0.815500 0.733855 0.177000 0.059143
1 0.407000 0.675391 0.632000 0.057784
1 0.516000 0.733855 0.422000 0.059143
1 0.198000 0.733855 0.214000 0.059143
1 0.717500 0.792658 0.373000 0.058464
1 0.864000 0.850782 0.080000 0.057784
1 0.311000 0.792658 0.440000 0.058464
1 0.540500 0.850782 0.567000 0.057784
1 0.730500 0.910945 0.347000 0.062542
1 0.174000 0.850782 0.166000 0.057784
1 0.323500 0.910945 0.465000 0.062542
0 0.588000 0.908906 0.060000 0.046227
0 0.678500 0.616587 0.059000 0.046227
0 0.336500 0.733855 0.061000 0.046907
0 0.854500 0.559143 0.061000 0.046907
0 0.291000 0.851801 0.058000 0.044867
0 0.144000 0.909245 0.060000 0.046907
0 0.855000 0.851462 0.060000 0.044188
0 0.585500 0.385792 0.061000 0.048266
0 0.754000 0.675731 0.060000 0.044867
0 0.760000 0.734534 0.060000 0.046907
0 0.464500 0.267845 0.059000 0.046227
0 0.241500 0.442216 0.061000 0.046907
0 0.562000 0.791298 0.060000 0.046227
0 0.855000 0.442556 0.062000 0.047587
0 0.398000 0.096533 0.060000 0.044867
0 0.462000 0.209381 0.062000 0.046227
0 0.498500 0.327668 0.061000 0.044867