1 0.499500 0.095513 0.813000 0.059143
1 0.777500 0.153977 0.257000 0.057784
1 0.371000 0.153977 0.556000 0.057784
1 0.499500 0.211421 0.813000 0.057104
1 0.499500 0.269884 0.813000 0.059823
1 0.787000 0.328688 0.238000 0.057784
1 0.499500 0.416044 0.813000 0.116927
1 0.380500 0.328688 0.575000 0.057784
1 0.864000 0.503059 0.084000 0.057104
1 0.457000 0.503059 0.730000 0.057104
1 0.864000 0.560843 0.084000 0.058464
1 0.499500 0.618967 0.813000 0.057784
1 0.457500 0.560843 0.729000 0.058464
1 0.707500 0.677430 0.397000 0.059143
1 0.301000 0.677430 0.416000 0.059143
1 0.704000 0.735894 0.404000 0.057784
1 0.297500 0.735894 0.409000 0.057784
1 0.676000 0.793678 0.460000 0.057784
1 0.499500 0.851801 0.813000 0.058464
1 0.825000 0.911625 0.162000 0.061183
1 0.269500 0.793678 0.353000 0.057784
1 0.418500 0.911625 0.651000 0.061183
0 0.477500 0.792998 0.061000 0.046907
0 0.141500 0.911625 0.059000 0.044867
0 0.774500 0.911625 0.059000 0.044867
0 0.853000 0.560843 0.060000 0.044867
0 0.141500 0.211421 0.059000 0.044867
0 0.853000 0.501360 0.060000 0.045547
0 0.542500 0.677430 0.059000 0.045547
0 0.534500 0.735214 0.061000 0.044188
0 0.680000 0.152617 0.062000 0.045547
0 0.701000 0.329028 0.060000 0.046227