1 0.499500 0.121686 0.813000 0.118287
1 0.499500 0.209721 0.813000 0.057784
1 0.578500 0.267845 0.655000 0.058464
1 0.499500 0.326309 0.813000 0.058464
1 0.557000 0.384772 0.698000 0.058464
1 0.172000 0.267845 0.158000 0.058464
1 0.499500 0.443236 0.813000 0.058464
1 0.570000 0.501360 0.672000 0.057784
1 0.150500 0.384772 0.115000 0.058464
1 0.499500 0.559483 0.813000 0.058464
1 0.657500 0.617947 0.497000 0.058464
1 0.163500 0.501360 0.141000 0.057784
1 0.499500 0.676751 0.813000 0.059143
1 0.251000 0.617947 0.316000 0.058464
1 0.499500 0.764446 0.813000 0.116247
1 0.783000 0.851462 0.246000 0.057784
1 0.499500 0.911625 0.813000 0.062542
1 0.376500 0.851462 0.567000 0.057784
0 0.144500 0.911285 0.059000 0.045547
0 0.690000 0.851801 0.060000 0.044867
0 0.440000 0.618627 0.060000 0.047587
0 0.144000 0.676411 0.058000 0.043508
0 0.241000 0.384772 0.060000 0.046227
0 0.264500 0.501700 0.059000 0.044867
0 0.281500 0.266485 0.059000 0.046227
0 0.144000 0.151258 0.058000 0.044188