1 0.500000 0.123385 0.814000 0.116247
1 0.724000 0.211081 0.366000 0.059143
1 0.500000 0.298436 0.814000 0.115568
1 0.317000 0.211081 0.448000 0.059143
1 0.864500 0.385792 0.085000 0.059143
1 0.589000 0.444256 0.636000 0.057784
1 0.457500 0.385792 0.729000 0.059143
1 0.500000 0.531611 0.814000 0.116927
1 0.182000 0.444256 0.178000 0.057784
1 0.679000 0.618967 0.456000 0.057784
1 0.542000 0.676751 0.730000 0.057784
1 0.272000 0.618967 0.358000 0.057784
1 0.595500 0.793678 0.623000 0.057784
1 0.135000 0.676751 0.084000 0.057784
1 0.500000 0.735214 0.814000 0.059143
1 0.188500 0.793678 0.191000 0.057784
1 0.500000 0.851462 0.814000 0.057784
1 0.500000 0.911625 0.814000 0.062542
0 0.145000 0.911285 0.060000 0.045547
0 0.144000 0.851801 0.060000 0.043508
0 0.575500 0.210741 0.061000 0.044867
0 0.859000 0.384772 0.060000 0.046227
0 0.211000 0.677090 0.060000 0.044867
0 0.305000 0.443236 0.060000 0.046227
0 0.315500 0.792318 0.061000 0.046907
0 0.479500 0.617947 0.061000 0.047587