1 0.263000 0.240702 0.352000 0.054408
1 0.522000 0.504132 0.626000 0.050964
1 0.538000 0.555441 0.594000 0.051653
1 0.229500 0.664945 0.283000 0.050275
1 0.637500 0.240358 0.395000 0.055096
1 0.462500 0.610537 0.747000 0.058540
1 0.532500 0.715565 0.601000 0.050964
1 0.434500 0.185950 0.695000 0.055096
1 0.185000 0.291322 0.194000 0.046832
1 0.460000 0.878099 0.746000 0.057851
1 0.558500 0.291322 0.555000 0.048209
1 0.603000 0.664945 0.464000 0.050275
1 0.179500 0.450758 0.183000 0.055785
1 0.553000 0.450758 0.564000 0.055785
1 0.460500 0.396350 0.745000 0.053030
1 0.461500 0.768595 0.747000 0.055096
1 0.461000 0.342631 0.748000 0.054408
1 0.506000 0.823003 0.658000 0.053719
1 0.164000 0.555441 0.152000 0.051653
1 0.159000 0.715909 0.144000 0.051653
1 0.148000 0.504132 0.120000 0.050964
1 0.808500 0.185950 0.053000 0.055096
1 0.133000 0.822658 0.090000 0.053030
0 0.262000 0.560262 0.042000 0.032369
0 0.230500 0.506887 0.043000 0.031680
0 0.393000 0.667700 0.042000 0.032369
0 0.114500 0.879132 0.043000 0.032369
0 0.253000 0.720730 0.042000 0.032369
0 0.118000 0.347107 0.042000 0.031680
0 0.294000 0.454890 0.042000 0.032369
0 0.461000 0.242080 0.042000 0.032369
0 0.803500 0.189394 0.043000 0.031680
0 0.304000 0.294766 0.042000 0.031680
0 0.199500 0.827824 0.041000 0.031680
1 0.461500 0.127066 0.749000 0.062672