1 0.500500 0.092794 0.813000 0.059143
1 0.579000 0.151258 0.656000 0.057784
1 0.571500 0.209041 0.671000 0.057784
1 0.172500 0.151258 0.157000 0.057784
1 0.628000 0.267505 0.558000 0.059143
1 0.165000 0.209041 0.142000 0.057784
1 0.500500 0.325969 0.813000 0.057784
1 0.221500 0.267505 0.255000 0.059143
1 0.500500 0.442896 0.813000 0.176071
1 0.500500 0.589395 0.813000 0.116927
1 0.699500 0.676751 0.415000 0.057784
1 0.647500 0.792658 0.519000 0.058464
1 0.500500 0.734534 0.813000 0.057784
1 0.293000 0.676751 0.398000 0.057784
1 0.241000 0.792658 0.294000 0.058464
1 0.500500 0.882393 0.813000 0.121006
0 0.422000 0.792998 0.060000 0.046907
0 0.272500 0.209041 0.059000 0.045547
0 0.144500 0.501360 0.059000 0.044188
0 0.146000 0.911625 0.060000 0.044867
0 0.145500 0.324609 0.059000 0.044188
0 0.285000 0.151258 0.060000 0.044188
0 0.379500 0.266825 0.059000 0.046907
0 0.529500 0.676071 0.057000 0.044188