1 0.753500 0.093814 0.307000 0.059823
1 0.434000 0.093814 0.332000 0.059823
1 0.180500 0.093814 0.175000 0.059823
1 0.746000 0.152617 0.322000 0.057784
1 0.339000 0.152617 0.492000 0.057784
1 0.700000 0.210401 0.414000 0.057784
1 0.747000 0.268865 0.320000 0.059143
1 0.293000 0.210401 0.400000 0.057784
1 0.340000 0.268865 0.494000 0.059143
1 0.722500 0.327328 0.369000 0.057784
1 0.315500 0.327328 0.445000 0.057784
1 0.864500 0.385112 0.085000 0.057784
1 0.612500 0.385112 0.419000 0.057784
1 0.248000 0.385112 0.310000 0.057784
1 0.697000 0.443576 0.420000 0.059143
1 0.290000 0.443576 0.394000 0.059143
1 0.777000 0.502039 0.260000 0.057784
1 0.414000 0.502039 0.466000 0.057784
1 0.137000 0.502039 0.088000 0.057784
1 0.715000 0.560503 0.384000 0.059143
1 0.308000 0.560503 0.430000 0.059143
1 0.865500 0.618967 0.083000 0.057784
1 0.643500 0.618967 0.361000 0.057784
1 0.278000 0.618967 0.370000 0.057784
1 0.744000 0.676751 0.326000 0.057784
1 0.450500 0.676751 0.261000 0.057784
1 0.206500 0.676751 0.227000 0.057784
1 0.865500 0.735214 0.083000 0.059143
1 0.606000 0.735214 0.436000 0.059143
1 0.861500 0.793678 0.091000 0.057784
1 0.240500 0.735214 0.295000 0.059143
1 0.574000 0.793678 0.484000 0.057784
1 0.786500 0.851462 0.241000 0.057784
1 0.212500 0.793678 0.239000 0.057784
1 0.508500 0.851462 0.315000 0.057784
1 0.753500 0.911285 0.307000 0.061863
1 0.222000 0.851462 0.258000 0.057784
1 0.346500 0.911285 0.507000 0.061863
0 0.143000 0.617267 0.060000 0.047587
0 0.856000 0.734194 0.060000 0.046227
0 0.142500 0.267165 0.059000 0.047587
0 0.558000 0.560163 0.060000 0.046227
0 0.636500 0.909585 0.061000 0.046227
0 0.366000 0.793338 0.060000 0.046227
0 0.437000 0.386472 0.060000 0.045547
0 0.857500 0.617607 0.057000 0.046907
0 0.143500 0.909245 0.059000 0.046907
0 0.856000 0.793678 0.060000 0.046907
0 0.857000 0.386472 0.060000 0.045547
0 0.619500 0.267845 0.059000 0.047587
0 0.699000 0.851801 0.060000 0.044867
0 0.422500 0.734194 0.061000 0.044867
0 0.494500 0.617947 0.059000 0.046227
0 0.144000 0.151258 0.058000 0.045547
0 0.529500 0.210741 0.059000 0.044867
0 0.213000 0.502379 0.060000 0.046227
0 0.620500 0.151258 0.059000 0.044188
0 0.301500 0.093134 0.061000 0.048946
0 0.569000 0.326988 0.060000 0.044867
0 0.350500 0.676751 0.061000 0.045547
0 0.520500 0.443236 0.061000 0.047587
0 0.632000 0.093134 0.060000 0.048946
0 0.384000 0.851462 0.058000 0.044188
0 0.679500 0.501700 0.059000 0.044867
0 0.610500 0.676751 0.059000 0.045547