1 0.499500 0.094494 0.817000 0.058464
1 0.499500 0.182189 0.817000 0.116927
1 0.499500 0.269545 0.817000 0.057784
1 0.499500 0.444256 0.817000 0.291638
1 0.499500 0.647859 0.817000 0.115568
1 0.729000 0.735214 0.358000 0.059143
1 0.705500 0.793678 0.405000 0.057784
1 0.320500 0.735214 0.459000 0.059143
1 0.297000 0.793678 0.412000 0.057784
1 0.499500 0.882393 0.817000 0.119646
0 0.581500 0.733855 0.059000 0.045547
0 0.140500 0.911285 0.061000 0.045547
0 0.535500 0.794697 0.059000 0.046227
0 0.140000 0.092114 0.060000 0.045547
0 0.142000 0.211761 0.060000 0.044188
0 0.141000 0.559823 0.060000 0.046907
0 0.141500 0.270904 0.059000 0.045547