1 0.720500 0.086676 0.371000 0.059143
1 0.314000 0.086676 0.442000 0.059143
1 0.782500 0.273623 0.247000 0.057784
1 0.499500 0.216859 0.813000 0.055744
1 0.543000 0.273623 0.232000 0.057784
1 0.865000 0.331407 0.082000 0.057784
1 0.259500 0.273623 0.333000 0.057784
1 0.458500 0.331407 0.731000 0.057784
1 0.542000 0.389191 0.728000 0.057784
1 0.699000 0.446975 0.414000 0.057784
1 0.135500 0.389191 0.085000 0.057784
1 0.863500 0.505099 0.085000 0.058464
1 0.292500 0.446975 0.399000 0.057784
1 0.592000 0.505099 0.458000 0.058464
1 0.228000 0.505099 0.270000 0.058464
1 0.846500 0.563562 0.119000 0.058464
1 0.598500 0.563562 0.377000 0.058464
1 0.251500 0.563562 0.317000 0.058464
1 0.745000 0.736574 0.322000 0.057784
1 0.499500 0.685928 0.813000 0.043508
1 0.429000 0.736574 0.310000 0.057784
1 0.803500 0.794697 0.205000 0.058464
1 0.183500 0.736574 0.181000 0.057784
1 0.512000 0.794697 0.378000 0.058464
1 0.779000 0.852821 0.254000 0.057784
1 0.208000 0.794697 0.230000 0.058464
1 0.469500 0.852821 0.365000 0.057784
1 0.762500 0.912644 0.287000 0.061863
1 0.190000 0.852821 0.194000 0.057784
1 0.356000 0.912644 0.526000 0.061863
0 0.652000 0.911625 0.060000 0.044867
0 0.145000 0.330048 0.060000 0.045547
0 0.144000 0.911285 0.060000 0.045547
0 0.304000 0.736914 0.060000 0.046227
0 0.731000 0.792658 0.062000 0.047587
0 0.354500 0.792318 0.061000 0.046907
0 0.525000 0.447315 0.060000 0.046227
0 0.319000 0.853161 0.060000 0.044867
0 0.620500 0.736914 0.059000 0.046227
0 0.682500 0.852821 0.061000 0.045547
0 0.175000 0.563902 0.060000 0.044188
0 0.448000 0.563902 0.058000 0.045547
0 0.213000 0.389871 0.060000 0.045547
0 0.823000 0.563222 0.058000 0.042828
0 0.852500 0.504759 0.061000 0.046907
0 0.855500 0.330387 0.061000 0.046227
0 0.566000 0.085996 0.060000 0.045547
0 0.459000 0.272944 0.060000 0.044188
0 0.395500 0.504759 0.059000 0.046907
0 0.144500 0.085996 0.059000 0.044188
0 0.691000 0.272604 0.060000 0.046227