1 0.601500 0.556129 0.463000 0.054408
1 0.565500 0.664256 0.441000 0.055785
1 0.353500 0.236226 0.533000 0.053719
1 0.671000 0.182851 0.324000 0.054408
1 0.647000 0.502410 0.372000 0.053030
1 0.215500 0.664256 0.257000 0.054408
1 0.625000 0.823691 0.416000 0.053719
1 0.653000 0.343664 0.360000 0.052342
1 0.663500 0.878788 0.341000 0.056474
1 0.459500 0.717631 0.745000 0.052342
1 0.252500 0.824036 0.331000 0.053030
1 0.427000 0.609848 0.682000 0.053030
1 0.290000 0.878444 0.406000 0.055785
1 0.228000 0.556129 0.284000 0.054408
1 0.572500 0.450069 0.521000 0.051653
1 0.216500 0.290289 0.259000 0.054408
1 0.200000 0.450069 0.226000 0.051653
1 0.419000 0.770317 0.562000 0.053030
1 0.297500 0.182507 0.421000 0.055096
1 0.274500 0.502410 0.373000 0.053030
1 0.727500 0.236570 0.213000 0.053030
1 0.460500 0.397039 0.749000 0.054408
1 0.280000 0.343664 0.386000 0.052342
1 0.564500 0.290289 0.437000 0.054408
1 0.767000 0.770317 0.132000 0.053030
1 0.576000 0.127066 0.514000 0.057163
1 0.202500 0.126033 0.233000 0.057851
1 0.809500 0.664601 0.049000 0.055096
1 0.808000 0.290289 0.050000 0.054408
1 0.801000 0.610193 0.066000 0.053719
1 0.111500 0.770661 0.049000 0.053719
0 0.332500 0.450758 0.041000 0.032369
0 0.481500 0.503788 0.041000 0.032369
0 0.117000 0.503099 0.042000 0.032369
0 0.117500 0.877410 0.041000 0.033058
0 0.721500 0.772039 0.041000 0.033058
0 0.121500 0.397039 0.041000 0.032369
0 0.529500 0.184229 0.041000 0.032369
0 0.514000 0.878788 0.042000 0.033058
0 0.339500 0.131543 0.041000 0.031680
0 0.366500 0.665289 0.041000 0.033058
0 0.390500 0.557507 0.041000 0.032369
0 0.117000 0.344008 0.042000 0.032369
0 0.807500 0.666667 0.043000 0.033058
0 0.367500 0.291667 0.041000 0.032369
0 0.158500 0.771006 0.041000 0.032369
0 0.641500 0.238636 0.041000 0.032369
0 0.439500 0.825069 0.041000 0.031680
0 0.808000 0.613292 0.042000 0.032369
0 0.494500 0.343664 0.041000 0.031680
0 0.805500 0.292011 0.043000 0.033058