1 0.460500 0.476240 0.747000 0.103994
1 0.461500 0.581267 0.745000 0.106061
1 0.461500 0.179408 0.747000 0.165978
1 0.366500 0.662879 0.553000 0.055785
1 0.358500 0.290289 0.543000 0.054408
1 0.516500 0.716253 0.637000 0.050964
1 0.459500 0.344353 0.745000 0.053719
1 0.354500 0.397727 0.533000 0.053030
1 0.536500 0.822314 0.597000 0.055096
1 0.461500 0.767906 0.747000 0.053719
1 0.732500 0.289945 0.205000 0.055096
1 0.462000 0.878444 0.746000 0.057163
1 0.739500 0.662879 0.191000 0.055785
1 0.163000 0.822314 0.150000 0.055096
1 0.727500 0.397727 0.215000 0.053030
1 0.143000 0.716253 0.110000 0.050964
0 0.117000 0.877755 0.046000 0.035124
0 0.259000 0.825069 0.042000 0.034435
0 0.119000 0.506543 0.044000 0.033747
0 0.666000 0.402893 0.044000 0.034435
0 0.665500 0.665978 0.043000 0.034435
0 0.221000 0.719008 0.044000 0.034435
0 0.653500 0.296488 0.045000 0.033747