1 0.461000 0.661846 0.746000 0.161157
1 0.461000 0.366736 0.748000 0.106749
1 0.520500 0.554752 0.629000 0.053030
1 0.436000 0.286846 0.696000 0.053030
1 0.584500 0.501377 0.501000 0.053719
1 0.384000 0.179408 0.592000 0.054408
1 0.462000 0.233471 0.748000 0.053719
1 0.461000 0.851240 0.748000 0.110193
1 0.490500 0.769628 0.687000 0.053030
1 0.757500 0.179408 0.155000 0.054408
1 0.146500 0.554752 0.117000 0.053030
1 0.209500 0.501033 0.243000 0.054408
1 0.204000 0.447658 0.232000 0.053719
1 0.117500 0.769628 0.059000 0.053030
1 0.810000 0.286846 0.050000 0.053030
1 0.577000 0.447314 0.516000 0.053030
0 0.115000 0.873278 0.046000 0.034435
0 0.701500 0.184573 0.043000 0.034435
0 0.354500 0.503099 0.045000 0.033747
0 0.118500 0.712810 0.045000 0.034435
0 0.341000 0.450069 0.044000 0.033747
0 0.167500 0.769284 0.043000 0.033058
0 0.806000 0.290978 0.042000 0.032369
0 0.256500 0.555441 0.045000 0.033747
1 0.462500 0.124656 0.751000 0.056474