1 0.770000 0.151258 0.266000 0.057784
1 0.498000 0.093134 0.810000 0.058464
1 0.498000 0.209721 0.810000 0.059143
1 0.776000 0.268185 0.254000 0.057784
1 0.365000 0.151258 0.544000 0.057784
1 0.607500 0.384432 0.591000 0.059143
1 0.371000 0.268185 0.556000 0.057784
1 0.498000 0.325969 0.810000 0.057784
1 0.498000 0.442896 0.810000 0.057784
1 0.202500 0.384432 0.219000 0.059143
1 0.862000 0.501020 0.082000 0.058464
1 0.457000 0.501020 0.728000 0.058464
1 0.861000 0.559483 0.084000 0.058464
1 0.456000 0.559483 0.726000 0.058464
1 0.756000 0.734194 0.294000 0.058464
1 0.498000 0.646839 0.810000 0.116247
1 0.351000 0.734194 0.516000 0.058464
1 0.553000 0.792658 0.700000 0.058464
1 0.148000 0.792658 0.110000 0.058464
1 0.498000 0.882053 0.810000 0.120326
0 0.236500 0.791298 0.059000 0.046227
0 0.348500 0.382733 0.061000 0.047587
0 0.144500 0.908226 0.059000 0.046227
0 0.643500 0.730455 0.061000 0.046907
0 0.855500 0.498980 0.061000 0.044867
0 0.669000 0.149898 0.060000 0.044188
0 0.682500 0.265806 0.059000 0.046227
0 0.855000 0.558804 0.060000 0.047587