1 0.461000 0.689738 0.746000 0.212810
1 0.461000 0.477273 0.746000 0.103306
1 0.461500 0.319215 0.747000 0.103994
1 0.616000 0.556129 0.438000 0.054408
1 0.425500 0.240014 0.677000 0.054408
1 0.595000 0.398416 0.480000 0.054408
1 0.242500 0.556129 0.309000 0.054408
1 0.461500 0.154614 0.747000 0.116391
1 0.735500 0.821970 0.199000 0.051653
1 0.220500 0.398416 0.267000 0.054408
1 0.361000 0.821970 0.548000 0.051653
1 0.800500 0.240014 0.071000 0.054408
0 0.116500 0.877410 0.043000 0.033058
0 0.375500 0.403237 0.043000 0.032369
0 0.659000 0.826102 0.042000 0.032369
0 0.419500 0.563017 0.043000 0.032369
0 0.807500 0.244146 0.043000 0.032369
1 0.462000 0.877066 0.748000 0.058540