1 0.500000 0.122026 0.814000 0.116247
1 0.682500 0.385112 0.449000 0.057784
1 0.500000 0.268185 0.814000 0.176071
1 0.865500 0.501360 0.083000 0.059143
1 0.500000 0.442896 0.814000 0.057784
1 0.275500 0.385112 0.365000 0.057784
1 0.793000 0.559823 0.228000 0.057784
1 0.458500 0.501360 0.731000 0.059143
1 0.674000 0.618287 0.466000 0.059143
1 0.386000 0.559823 0.586000 0.057784
1 0.267000 0.618287 0.348000 0.059143
1 0.588500 0.676751 0.637000 0.057784
1 0.181500 0.676751 0.177000 0.057784
1 0.681500 0.735214 0.451000 0.059143
1 0.665000 0.851462 0.484000 0.057784
1 0.500000 0.793678 0.814000 0.057784
1 0.274500 0.735214 0.363000 0.059143
1 0.258000 0.851462 0.330000 0.057784
1 0.865000 0.911285 0.084000 0.061863
1 0.458000 0.911285 0.730000 0.061863
0 0.856500 0.911285 0.061000 0.045547
0 0.137000 0.911965 0.060000 0.045547
0 0.492000 0.734874 0.060000 0.046227
0 0.305500 0.676751 0.059000 0.044188
0 0.713500 0.560503 0.059000 0.045547
0 0.475500 0.618287 0.059000 0.046907
0 0.456500 0.851462 0.059000 0.044188
0 0.857000 0.501700 0.060000 0.044867
0 0.143000 0.150918 0.058000 0.044867
0 0.491000 0.384772 0.060000 0.046227