1 0.234000 0.289945 0.292000 0.055096
1 0.669500 0.397727 0.333000 0.053030
1 0.462000 0.235537 0.748000 0.053719
1 0.503000 0.556818 0.662000 0.055785
1 0.641500 0.344353 0.387000 0.053719
1 0.268500 0.344353 0.361000 0.053719
1 0.463500 0.449380 0.633000 0.050275
1 0.607500 0.290289 0.455000 0.055785
1 0.461500 0.501033 0.745000 0.054408
1 0.490000 0.609504 0.690000 0.049587
1 0.296000 0.397727 0.416000 0.053030
1 0.461000 0.687672 0.748000 0.106749
1 0.462000 0.850207 0.748000 0.112259
1 0.505500 0.767906 0.659000 0.053719
1 0.808000 0.449036 0.054000 0.049587
1 0.130000 0.556474 0.084000 0.056474
1 0.116000 0.609848 0.056000 0.050275
1 0.460500 0.152204 0.747000 0.112948
1 0.132000 0.768251 0.088000 0.053030
1 0.117000 0.448691 0.058000 0.050275
0 0.121500 0.877410 0.045000 0.034435
0 0.403000 0.294766 0.044000 0.034435
0 0.166000 0.613292 0.044000 0.033747
0 0.470000 0.348140 0.044000 0.033747
0 0.118000 0.186983 0.044000 0.033747
0 0.194000 0.558884 0.044000 0.035124
0 0.168000 0.453857 0.044000 0.033058
0 0.525500 0.400482 0.043000 0.033747
0 0.125000 0.507576 0.044000 0.034435
0 0.199500 0.772039 0.045000 0.034435
0 0.804000 0.454545 0.046000 0.034435