1 0.462000 0.401171 0.746000 0.156336
1 0.461000 0.559573 0.746000 0.160468
1 0.436000 0.666322 0.698000 0.053030
1 0.586000 0.769628 0.498000 0.053030
1 0.213000 0.769628 0.250000 0.053030
1 0.581500 0.294766 0.509000 0.055096
1 0.461500 0.851240 0.749000 0.110193
1 0.462000 0.717975 0.748000 0.050275
1 0.207500 0.294766 0.239000 0.055096
1 0.461000 0.181818 0.746000 0.170799
1 0.810000 0.666322 0.052000 0.053030
0 0.119500 0.454201 0.045000 0.033747
0 0.115000 0.881198 0.046000 0.033747
0 0.360500 0.775138 0.045000 0.033747
0 0.350500 0.297176 0.043000 0.033747
0 0.806500 0.668733 0.045000 0.034435