1 0.461500 0.612603 0.747000 0.054408
1 0.249500 0.185606 0.323000 0.054408
1 0.623000 0.185606 0.422000 0.054408
1 0.342000 0.878788 0.508000 0.056474
1 0.608000 0.770317 0.454000 0.054408
1 0.431500 0.295110 0.687000 0.055785
1 0.594500 0.558540 0.481000 0.053719
1 0.184500 0.401860 0.193000 0.051653
1 0.544500 0.453512 0.577000 0.051653
1 0.595500 0.505854 0.479000 0.051653
1 0.399500 0.824036 0.625000 0.053030
1 0.234000 0.770317 0.292000 0.054408
1 0.220500 0.558540 0.265000 0.053719
1 0.461000 0.240014 0.746000 0.054408
1 0.529000 0.666322 0.612000 0.053030
1 0.367500 0.349174 0.561000 0.053719
1 0.531000 0.401860 0.498000 0.051653
1 0.704500 0.717975 0.261000 0.050275
1 0.715000 0.879132 0.240000 0.055785
1 0.365000 0.717975 0.420000 0.050275
1 0.222000 0.505510 0.268000 0.052342
1 0.172000 0.453168 0.168000 0.052342
1 0.121500 0.717975 0.067000 0.050275
1 0.740500 0.349518 0.189000 0.053030
1 0.155000 0.666322 0.134000 0.053030
1 0.773500 0.824036 0.123000 0.053030
1 0.808000 0.401515 0.054000 0.050964
1 0.805000 0.295110 0.060000 0.055785
0 0.244000 0.669766 0.042000 0.032369
0 0.432500 0.190771 0.041000 0.031680
0 0.594500 0.721763 0.041000 0.031680
0 0.378000 0.509298 0.042000 0.032369
0 0.118000 0.881198 0.042000 0.032369
0 0.401000 0.775138 0.042000 0.032369
0 0.301000 0.403581 0.040000 0.031680
0 0.374000 0.562328 0.042000 0.032369
0 0.278000 0.455579 0.042000 0.032369
0 0.668500 0.349174 0.043000 0.033058
0 0.734000 0.827824 0.042000 0.031680
0 0.117500 0.613981 0.043000 0.032369
0 0.176500 0.721419 0.041000 0.032369
0 0.617000 0.881198 0.042000 0.032369
0 0.801500 0.401171 0.041000 0.032369
0 0.798500 0.295799 0.043000 0.032369
1 0.462500 0.127755 0.751000 0.061295