1 0.634500 0.091094 0.541000 0.059823
1 0.230500 0.091094 0.267000 0.059823
1 0.548500 0.207682 0.713000 0.059143
1 0.501000 0.149558 0.808000 0.057104
1 0.561500 0.266825 0.687000 0.059143
1 0.144500 0.207682 0.095000 0.059143
1 0.157500 0.266825 0.121000 0.059143
1 0.701500 0.325289 0.407000 0.057784
1 0.297500 0.325289 0.401000 0.057784
1 0.790000 0.383753 0.230000 0.059143
1 0.386000 0.383753 0.578000 0.059143
1 0.501000 0.442896 0.808000 0.059143
1 0.592000 0.501360 0.626000 0.057784
1 0.188000 0.501360 0.182000 0.057784
1 0.746000 0.559483 0.318000 0.058464
1 0.804000 0.618287 0.202000 0.059143
1 0.342000 0.559483 0.490000 0.058464
1 0.400000 0.618287 0.606000 0.059143
1 0.569500 0.676751 0.671000 0.057784
1 0.165500 0.676751 0.137000 0.057784
1 0.501000 0.735214 0.808000 0.059143
1 0.557000 0.793678 0.696000 0.057784
1 0.801500 0.912305 0.207000 0.061183
1 0.153000 0.793678 0.112000 0.057784
1 0.501000 0.852141 0.808000 0.059143
1 0.397500 0.912305 0.601000 0.061183
0 0.145000 0.912305 0.058000 0.044867
0 0.733000 0.912984 0.058000 0.046227
0 0.267000 0.677090 0.062000 0.044867
0 0.707000 0.383753 0.060000 0.046907
0 0.243000 0.793678 0.060000 0.046907
0 0.311500 0.501020 0.059000 0.044867
0 0.735000 0.616927 0.060000 0.046907
0 0.145000 0.442216 0.060000 0.046907
0 0.620000 0.558124 0.060000 0.046227
0 0.144500 0.735894 0.059000 0.045547
0 0.145000 0.383413 0.058000 0.044867
0 0.395000 0.091774 0.060000 0.047587
0 0.249500 0.265806 0.059000 0.046227
0 0.225500 0.206662 0.061000 0.047587
0 0.533000 0.323929 0.060000 0.044188