1 0.837000 0.151598 0.140000 0.058464
1 0.500000 0.092794 0.814000 0.059143
1 0.525000 0.151598 0.484000 0.058464
1 0.710000 0.209381 0.394000 0.057104
1 0.188000 0.151598 0.190000 0.058464
1 0.303000 0.209381 0.420000 0.057104
1 0.783500 0.267165 0.247000 0.058464
1 0.500000 0.325289 0.814000 0.057784
1 0.376500 0.267165 0.567000 0.058464
1 0.819500 0.383753 0.175000 0.059143
1 0.412500 0.383753 0.639000 0.059143
1 0.744000 0.442216 0.326000 0.057784
1 0.434000 0.442216 0.294000 0.057784
1 0.864500 0.557784 0.085000 0.057784
1 0.500000 0.500000 0.814000 0.057784
1 0.190000 0.442216 0.194000 0.057784
1 0.822500 0.615908 0.169000 0.058464
1 0.457500 0.557784 0.729000 0.057784
1 0.415500 0.615908 0.645000 0.058464
1 0.545500 0.674371 0.723000 0.058464
1 0.138500 0.674371 0.091000 0.058464
1 0.500000 0.732495 0.814000 0.057784
1 0.702000 0.848402 0.410000 0.057104
1 0.500000 0.790619 0.814000 0.058464
1 0.295000 0.848402 0.404000 0.057104
1 0.500000 0.907886 0.814000 0.061863
0 0.548000 0.209041 0.060000 0.046907
0 0.144000 0.907546 0.058000 0.046227
0 0.143500 0.733175 0.059000 0.048266
0 0.765000 0.382733 0.060000 0.047587
0 0.692000 0.266145 0.058000 0.046907
0 0.320500 0.442216 0.059000 0.046907
0 0.858500 0.557784 0.059000 0.046907
0 0.217500 0.675051 0.059000 0.043508
0 0.527500 0.848063 0.059000 0.045547
0 0.799000 0.150238 0.060000 0.044867
0 0.610500 0.441876 0.061000 0.047587
0 0.771000 0.615568 0.060000 0.046907
0 0.317500 0.149898 0.059000 0.044188