1 0.501000 0.093814 0.814000 0.059823
1 0.595000 0.152617 0.626000 0.057784
1 0.567000 0.210401 0.682000 0.057784
1 0.188000 0.152617 0.188000 0.057784
1 0.160000 0.210401 0.132000 0.057784
1 0.672000 0.268865 0.472000 0.059143
1 0.800000 0.327328 0.216000 0.057784
1 0.265000 0.268865 0.342000 0.059143
1 0.832500 0.385452 0.151000 0.058464
1 0.393000 0.327328 0.598000 0.057784
1 0.425500 0.385452 0.663000 0.058464
1 0.558000 0.443916 0.700000 0.058464
1 0.742000 0.502039 0.332000 0.057784
1 0.151000 0.443916 0.114000 0.058464
1 0.335000 0.502039 0.482000 0.057784
1 0.631000 0.560503 0.554000 0.059143
1 0.224000 0.560503 0.260000 0.059143
1 0.760000 0.618967 0.296000 0.057784
1 0.723500 0.677090 0.369000 0.058464
1 0.353000 0.618967 0.518000 0.057784
1 0.501000 0.735554 0.814000 0.058464
1 0.316500 0.677090 0.445000 0.058464
1 0.501000 0.793678 0.814000 0.057784
1 0.811500 0.851801 0.193000 0.058464
1 0.467500 0.851801 0.495000 0.058464
1 0.705000 0.912305 0.406000 0.062542
1 0.157500 0.851801 0.127000 0.058464
1 0.298000 0.912305 0.408000 0.062542
0 0.238500 0.442556 0.061000 0.047587
0 0.644000 0.618287 0.060000 0.046907
0 0.747000 0.851462 0.060000 0.044188
0 0.145000 0.385112 0.058000 0.045547
0 0.726000 0.326649 0.060000 0.045547
0 0.534500 0.909925 0.059000 0.045547
0 0.144500 0.910605 0.059000 0.045547
0 0.251500 0.851462 0.059000 0.044188
0 0.572500 0.676751 0.059000 0.044188
0 0.609000 0.501360 0.060000 0.044188
0 0.788000 0.384772 0.058000 0.046227
0 0.389000 0.559483 0.060000 0.046227
0 0.470000 0.268185 0.060000 0.046907
0 0.312500 0.151598 0.059000 0.044867
0 0.259500 0.210061 0.061000 0.046227
0 0.183500 0.735554 0.059000 0.044867