1 0.501000 0.094494 0.814000 0.058464
1 0.608500 0.152617 0.599000 0.057784
1 0.501000 0.211081 0.814000 0.059143
1 0.201500 0.152617 0.215000 0.057784
1 0.501000 0.269205 0.814000 0.057104
1 0.795000 0.326988 0.226000 0.058464
1 0.588500 0.385792 0.639000 0.059143
1 0.388000 0.326988 0.588000 0.058464
1 0.501000 0.473148 0.814000 0.115568
1 0.181500 0.385792 0.175000 0.059143
1 0.501000 0.589395 0.814000 0.116927
1 0.864000 0.676751 0.088000 0.057784
1 0.457000 0.676751 0.726000 0.057784
1 0.592000 0.735214 0.632000 0.059143
1 0.185000 0.735214 0.182000 0.059143
1 0.501000 0.853841 0.814000 0.178110
0 0.301500 0.387492 0.061000 0.044867
0 0.311500 0.734874 0.059000 0.044867
0 0.142000 0.910265 0.060000 0.046227
0 0.141500 0.211761 0.057000 0.048266
0 0.144000 0.503059 0.060000 0.044867
0 0.853500 0.677430 0.059000 0.044188
0 0.718000 0.326988 0.060000 0.044867
0 0.343500 0.152277 0.061000 0.044867