1 0.342500 0.556474 0.509000 0.056474
1 0.462000 0.637741 0.746000 0.106061
1 0.374000 0.716253 0.574000 0.050964
1 0.623500 0.449036 0.423000 0.050964
1 0.291500 0.289945 0.407000 0.055096
1 0.461000 0.501377 0.744000 0.055096
1 0.249500 0.449036 0.323000 0.049587
1 0.665000 0.289945 0.340000 0.055096
1 0.461500 0.235537 0.749000 0.053719
1 0.526000 0.397727 0.618000 0.053030
1 0.716000 0.556818 0.238000 0.055785
1 0.237500 0.344697 0.299000 0.054408
1 0.461000 0.850551 0.748000 0.111570
1 0.612000 0.344353 0.446000 0.053719
1 0.461500 0.768251 0.747000 0.053030
1 0.747500 0.716253 0.175000 0.050964
1 0.461500 0.152204 0.747000 0.111570
1 0.151500 0.397383 0.127000 0.052342
0 0.123500 0.186639 0.045000 0.033058
0 0.114500 0.875344 0.045000 0.034435
0 0.410000 0.345730 0.044000 0.034435
0 0.683500 0.717287 0.045000 0.033747
0 0.434500 0.451446 0.045000 0.035124
0 0.117000 0.769284 0.046000 0.034435
0 0.517500 0.292700 0.043000 0.034435
0 0.621000 0.558196 0.044000 0.033747
0 0.238000 0.398416 0.044000 0.033747