1 0.461500 0.556129 0.747000 0.163223
1 0.460500 0.259986 0.745000 0.328512
1 0.275000 0.663912 0.374000 0.052342
1 0.649000 0.663912 0.372000 0.052342
1 0.625000 0.716253 0.420000 0.053719
1 0.246500 0.823003 0.317000 0.053719
1 0.619500 0.822658 0.429000 0.053030
1 0.251500 0.716253 0.327000 0.053719
1 0.254000 0.449380 0.332000 0.050275
1 0.461500 0.878099 0.745000 0.057851
1 0.627500 0.449380 0.415000 0.050275
1 0.461000 0.769284 0.746000 0.053719
0 0.114500 0.879477 0.045000 0.034435
0 0.427500 0.824725 0.045000 0.033747
0 0.485500 0.667355 0.045000 0.034435
0 0.443500 0.452824 0.045000 0.033747
0 0.438000 0.718320 0.044000 0.034435