1 0.460000 0.238292 0.748000 0.053719
1 0.488500 0.663567 0.691000 0.053030
1 0.196000 0.769284 0.216000 0.052342
1 0.525500 0.504477 0.615000 0.054408
1 0.589500 0.821970 0.489000 0.054408
1 0.665500 0.291667 0.339000 0.053030
1 0.461500 0.559229 0.747000 0.055096
1 0.586000 0.398416 0.498000 0.057163
1 0.568500 0.768939 0.531000 0.051653
1 0.548000 0.611570 0.574000 0.049587
1 0.461000 0.716598 0.746000 0.053030
1 0.524000 0.184917 0.620000 0.053030
1 0.217000 0.822314 0.258000 0.053719
1 0.213000 0.398760 0.250000 0.056474
1 0.461000 0.452135 0.746000 0.050275
1 0.292500 0.291322 0.409000 0.052342
1 0.174000 0.611570 0.174000 0.049587
1 0.151000 0.184917 0.126000 0.053030
1 0.461000 0.878099 0.748000 0.057851
1 0.461000 0.343664 0.748000 0.052342
1 0.153000 0.504477 0.130000 0.054408
1 0.115000 0.663223 0.054000 0.053719
0 0.240500 0.509986 0.041000 0.030992
0 0.518000 0.296488 0.042000 0.032369
0 0.114500 0.881543 0.043000 0.031680
0 0.283000 0.616391 0.042000 0.031680
0 0.368500 0.829201 0.041000 0.031680
0 0.379000 0.403926 0.042000 0.032369
0 0.235500 0.190083 0.041000 0.031680
0 0.326000 0.775826 0.042000 0.032369
0 0.163000 0.669766 0.042000 0.032369
1 0.461500 0.127755 0.747000 0.061295