1 0.534500 0.499656 0.745000 0.160468
1 0.535500 0.717287 0.747000 0.167355
1 0.535000 0.339187 0.748000 0.053030
1 0.471500 0.825758 0.619000 0.049587
1 0.511500 0.285468 0.697000 0.054408
1 0.535000 0.176997 0.746000 0.162534
1 0.435500 0.392562 0.549000 0.053719
1 0.809000 0.392562 0.198000 0.053719
1 0.535500 0.878788 0.747000 0.056474
1 0.614000 0.607094 0.588000 0.053030
1 0.241000 0.607094 0.160000 0.053030
1 0.844500 0.825758 0.127000 0.049587
1 0.884500 0.286157 0.049000 0.054408
0 0.187500 0.879821 0.043000 0.032369
0 0.881500 0.288912 0.043000 0.032369
0 0.801500 0.827135 0.041000 0.031680
0 0.341500 0.611570 0.041000 0.031680
0 0.731000 0.395317 0.042000 0.031680