1 0.534500 0.421488 0.745000 0.217631
1 0.355000 0.662534 0.386000 0.055096
1 0.534500 0.608471 0.747000 0.053030
1 0.729000 0.662534 0.360000 0.055096
1 0.764500 0.236570 0.289000 0.055785
1 0.672000 0.768939 0.472000 0.054408
1 0.590000 0.556129 0.636000 0.051653
1 0.535500 0.850895 0.747000 0.110882
1 0.390500 0.236570 0.459000 0.055785
1 0.298500 0.768595 0.275000 0.055096
1 0.604000 0.288567 0.612000 0.048209
1 0.534000 0.715909 0.748000 0.051653
1 0.216000 0.556474 0.110000 0.050964
1 0.229500 0.289256 0.135000 0.048209
1 0.535500 0.151515 0.747000 0.112948
0 0.320500 0.291322 0.043000 0.034435
0 0.190500 0.882231 0.045000 0.034435
0 0.458000 0.773760 0.044000 0.033747
0 0.642000 0.237259 0.044000 0.033747
0 0.570000 0.666667 0.044000 0.034435
0 0.294000 0.560606 0.044000 0.034435