1 0.461000 0.395661 0.746000 0.160468
1 0.461500 0.635675 0.745000 0.210744
1 0.602000 0.289256 0.464000 0.052342
1 0.230000 0.289256 0.282000 0.052342
1 0.356500 0.238981 0.539000 0.048209
1 0.496000 0.503099 0.676000 0.054408
1 0.379500 0.767906 0.585000 0.053719
1 0.753500 0.767906 0.161000 0.052342
1 0.460500 0.850207 0.749000 0.112259
1 0.730500 0.238636 0.209000 0.048898
1 0.461500 0.154614 0.747000 0.119146
1 0.122500 0.503099 0.069000 0.054408
0 0.391500 0.295455 0.041000 0.031680
0 0.694500 0.773416 0.041000 0.031680
0 0.115000 0.880854 0.042000 0.031680
0 0.178000 0.506887 0.040000 0.031680
0 0.647000 0.242769 0.042000 0.032369