1 0.461000 0.824036 0.746000 0.165978
1 0.460000 0.473140 0.746000 0.107438
1 0.460500 0.713843 0.747000 0.054408
1 0.394000 0.659780 0.610000 0.053719
1 0.305000 0.288912 0.434000 0.057163
1 0.350000 0.553375 0.524000 0.051653
1 0.462500 0.606061 0.745000 0.053719
1 0.678000 0.288912 0.314000 0.057163
1 0.723500 0.553375 0.223000 0.051653
1 0.767000 0.659435 0.136000 0.053030
1 0.461500 0.178030 0.747000 0.164601
1 0.118500 0.393595 0.061000 0.051653
0 0.170500 0.397727 0.043000 0.032369
0 0.121500 0.878788 0.043000 0.033058
0 0.123500 0.716598 0.043000 0.032369
1 0.461000 0.342631 0.746000 0.050275
0 0.722000 0.663567 0.042000 0.032369
0 0.543000 0.291667 0.044000 0.032369
0 0.634500 0.557851 0.043000 0.031680
1 0.493000 0.393595 0.686000 0.051653