1 0.297000 0.501033 0.274000 0.054408
1 0.533500 0.319215 0.747000 0.105372
1 0.606500 0.397727 0.241000 0.053030
1 0.335000 0.556818 0.350000 0.055785
1 0.322500 0.397727 0.327000 0.053030
1 0.785000 0.878099 0.246000 0.057851
1 0.283000 0.878099 0.246000 0.057851
1 0.287000 0.821970 0.256000 0.055785
1 0.327000 0.449036 0.332000 0.050964
1 0.320500 0.181129 0.321000 0.055096
1 0.596000 0.501033 0.326000 0.054408
1 0.625500 0.181474 0.289000 0.054408
1 0.681000 0.556474 0.340000 0.056474
1 0.716500 0.768251 0.383000 0.053030
1 0.701000 0.449380 0.414000 0.050275
1 0.342000 0.768251 0.366000 0.053030
1 0.774500 0.822314 0.267000 0.055096
1 0.533500 0.878099 0.257000 0.057851
1 0.528500 0.822314 0.227000 0.055096
1 0.834000 0.501377 0.148000 0.053719
1 0.584500 0.237259 0.375000 0.057163
1 0.444500 0.126033 0.247000 0.056474
1 0.729500 0.611915 0.357000 0.054408
1 0.738500 0.126033 0.339000 0.056474
1 0.839000 0.181129 0.138000 0.055096
1 0.278500 0.237259 0.237000 0.057163
1 0.355000 0.612259 0.390000 0.055096
1 0.817000 0.397383 0.180000 0.052342
1 0.840000 0.237259 0.136000 0.057163
1 0.533500 0.690771 0.747000 0.101928
1 0.879500 0.556474 0.057000 0.056474
1 0.241000 0.125689 0.160000 0.057163
0 0.189500 0.878099 0.045000 0.034435
0 0.502000 0.185262 0.044000 0.034435
0 0.508500 0.399449 0.045000 0.034435
0 0.427500 0.878788 0.045000 0.034435
0 0.591500 0.131887 0.043000 0.033747
0 0.683500 0.877755 0.043000 0.033747
0 0.515000 0.452135 0.044000 0.033747
0 0.794500 0.239325 0.043000 0.033747
0 0.572500 0.610193 0.045000 0.034435
0 0.193000 0.239325 0.044000 0.033747
0 0.193500 0.607782 0.045000 0.033747
0 0.189500 0.558196 0.045000 0.033747
0 0.750000 0.400138 0.044000 0.034435
0 0.662000 0.822314 0.042000 0.034435
0 0.533000 0.558196 0.044000 0.033747
0 0.191000 0.769628 0.046000 0.033747
0 0.546500 0.770661 0.043000 0.033058
0 0.792000 0.186983 0.044000 0.033747
0 0.342000 0.132576 0.044000 0.033747
0 0.190500 0.397727 0.045000 0.033747
0 0.189000 0.822658 0.044000 0.033747
0 0.781000 0.505165 0.044000 0.033747
0 0.417500 0.238636 0.043000 0.033747
0 0.437500 0.821970 0.043000 0.033747
0 0.454500 0.504477 0.043000 0.033747
0 0.873000 0.558884 0.044000 0.033747