1 0.461000 0.476240 0.746000 0.103994
1 0.540500 0.663223 0.589000 0.056474
1 0.203500 0.290289 0.233000 0.054408
1 0.460500 0.344353 0.747000 0.053719
1 0.689000 0.397727 0.292000 0.053030
1 0.655500 0.716253 0.357000 0.050964
1 0.328000 0.767906 0.480000 0.053719
1 0.526500 0.556818 0.615000 0.055785
1 0.435000 0.609848 0.362000 0.050275
1 0.462000 0.878099 0.748000 0.057851
1 0.283000 0.716253 0.390000 0.050964
1 0.578000 0.290634 0.514000 0.055096
1 0.491000 0.822314 0.688000 0.055096
1 0.460500 0.235882 0.747000 0.054408
1 0.315000 0.397727 0.454000 0.053030
1 0.170500 0.609848 0.167000 0.050275
1 0.725500 0.609848 0.219000 0.050275
1 0.166500 0.662879 0.157000 0.055785
1 0.512500 0.181474 0.649000 0.054408
1 0.702500 0.767906 0.265000 0.053719
1 0.152500 0.556818 0.131000 0.055785
1 0.137500 0.181474 0.099000 0.054408
1 0.462000 0.126033 0.752000 0.056474
0 0.169000 0.826446 0.044000 0.034435
0 0.611500 0.773416 0.045000 0.034435
0 0.277000 0.613981 0.044000 0.033747
0 0.500500 0.720041 0.045000 0.033747
1 0.117500 0.821970 0.059000 0.054408
0 0.240000 0.560950 0.044000 0.033747
0 0.638500 0.615014 0.045000 0.034435
0 0.565000 0.401860 0.044000 0.033747
0 0.210000 0.190427 0.046000 0.033747
0 0.342500 0.296143 0.045000 0.034435
0 0.124500 0.880510 0.045000 0.033747
0 0.266500 0.667700 0.043000 0.033747