1 0.628500 0.092454 0.559000 0.058464
1 0.221000 0.092454 0.256000 0.058464
1 0.729000 0.150918 0.358000 0.058464
1 0.321500 0.150918 0.457000 0.058464
1 0.789500 0.209381 0.237000 0.058464
1 0.866500 0.268185 0.083000 0.059143
1 0.382000 0.209381 0.578000 0.058464
1 0.587000 0.268185 0.476000 0.059143
1 0.701000 0.326309 0.414000 0.057104
1 0.221000 0.268185 0.256000 0.059143
1 0.293500 0.326309 0.401000 0.057104
1 0.865500 0.384432 0.085000 0.059143
1 0.458000 0.384432 0.730000 0.059143
1 0.620500 0.443236 0.575000 0.058464
1 0.213000 0.443236 0.240000 0.058464
1 0.707000 0.501700 0.402000 0.058464
1 0.299500 0.501700 0.413000 0.058464
1 0.645000 0.559823 0.526000 0.057784
1 0.867500 0.618287 0.081000 0.059143
1 0.237500 0.559823 0.289000 0.057784
1 0.460000 0.618287 0.734000 0.059143
1 0.866500 0.677090 0.083000 0.058464
1 0.587000 0.677090 0.476000 0.058464
1 0.221000 0.677090 0.256000 0.058464
1 0.500500 0.734874 0.815000 0.057104
1 0.825000 0.792998 0.166000 0.059143
1 0.443000 0.792998 0.598000 0.059143
1 0.118500 0.792998 0.051000 0.059143
1 0.676500 0.851462 0.463000 0.057784
1 0.269000 0.851462 0.352000 0.057784
1 0.743500 0.911625 0.329000 0.062542
1 0.336000 0.911625 0.486000 0.062542
0 0.144000 0.911965 0.058000 0.045547
0 0.612000 0.912305 0.058000 0.044867
0 0.478500 0.851801 0.059000 0.044867
0 0.412500 0.560503 0.059000 0.045547
0 0.705000 0.209041 0.060000 0.048266
0 0.772000 0.793338 0.060000 0.047587
0 0.858000 0.267505 0.058000 0.046907
0 0.856000 0.676071 0.060000 0.044188
0 0.858000 0.385792 0.060000 0.045547
0 0.585000 0.150578 0.058000 0.044188
0 0.143500 0.501700 0.059000 0.044867
0 0.144000 0.386472 0.058000 0.045547
0 0.382500 0.267165 0.059000 0.047587
0 0.365500 0.443576 0.059000 0.046907
0 0.380000 0.092454 0.058000 0.047587
0 0.174000 0.792658 0.060000 0.047587
0 0.525000 0.326309 0.060000 0.044867
0 0.381000 0.676071 0.060000 0.044188
0 0.858500 0.617947 0.059000 0.047587
0 0.537000 0.502039 0.060000 0.045547