1 0.660000 0.151598 0.490000 0.057104
1 0.500000 0.093134 0.810000 0.059823
1 0.255000 0.151598 0.320000 0.057104
1 0.500000 0.238613 0.810000 0.116927
1 0.500000 0.355540 0.810000 0.116927
1 0.500000 0.443236 0.810000 0.058464
1 0.565500 0.502039 0.679000 0.059143
1 0.160500 0.502039 0.131000 0.059143
1 0.557500 0.618287 0.695000 0.059143
1 0.500000 0.560163 0.810000 0.057104
1 0.152500 0.618287 0.115000 0.059143
1 0.500000 0.677090 0.810000 0.058464
1 0.863000 0.735214 0.084000 0.057784
1 0.500000 0.792998 0.810000 0.057784
1 0.458000 0.735214 0.726000 0.057784
1 0.500000 0.882053 0.810000 0.120326
0 0.144500 0.267505 0.061000 0.046907
0 0.144500 0.791978 0.059000 0.046227
0 0.145000 0.910605 0.060000 0.045547
0 0.449000 0.151598 0.060000 0.044867
0 0.145000 0.384092 0.060000 0.046227
0 0.854500 0.733855 0.061000 0.046907
0 0.246000 0.617607 0.060000 0.046907
0 0.260500 0.501360 0.059000 0.044188