1 0.516500 0.235537 0.635000 0.053719
1 0.251500 0.821970 0.329000 0.054408
1 0.624500 0.821625 0.417000 0.055096
1 0.326500 0.609848 0.479000 0.050275
1 0.508500 0.501377 0.649000 0.055096
1 0.699500 0.609848 0.267000 0.050275
1 0.431500 0.449036 0.495000 0.050964
1 0.676000 0.715909 0.314000 0.050275
1 0.254500 0.397727 0.333000 0.053030
1 0.268000 0.662879 0.362000 0.055785
1 0.641500 0.662879 0.383000 0.055785
1 0.596000 0.344353 0.472000 0.053719
1 0.492500 0.289945 0.679000 0.055096
1 0.460500 0.556818 0.745000 0.055785
1 0.350500 0.181474 0.527000 0.054408
1 0.223500 0.344353 0.273000 0.053719
1 0.303000 0.716253 0.432000 0.050964
1 0.395000 0.768251 0.616000 0.053030
1 0.461000 0.878099 0.748000 0.057851
1 0.626000 0.397383 0.412000 0.052342
1 0.723500 0.181474 0.219000 0.054408
1 0.143000 0.235537 0.112000 0.053719
1 0.756000 0.448691 0.154000 0.050275
1 0.136000 0.501377 0.098000 0.053719
1 0.135500 0.449380 0.097000 0.050275
1 0.769000 0.767906 0.128000 0.053719
1 0.120000 0.290289 0.066000 0.055785
0 0.208500 0.450758 0.045000 0.033747
0 0.119000 0.184229 0.044000 0.033747
0 0.125500 0.876722 0.045000 0.034435
0 0.471000 0.663223 0.044000 0.034435
0 0.588000 0.608471 0.044000 0.033747
0 0.176500 0.293044 0.045000 0.033747
0 0.701500 0.450413 0.045000 0.034435
0 0.443500 0.397039 0.045000 0.033747
0 0.221500 0.239325 0.043000 0.033747
0 0.207000 0.505165 0.044000 0.033747
0 0.542000 0.715565 0.044000 0.034435
0 0.440000 0.821970 0.044000 0.033747
1 0.461500 0.125689 0.751000 0.057163
0 0.729000 0.768939 0.044000 0.033747
0 0.384000 0.345041 0.044000 0.034435
0 0.637500 0.182851 0.045000 0.035124