1 0.501500 0.203263 0.811000 0.293678
1 0.699500 0.379674 0.415000 0.059143
1 0.501500 0.467709 0.811000 0.116927
1 0.294000 0.379674 0.396000 0.059143
1 0.558000 0.555404 0.698000 0.058464
1 0.501500 0.614208 0.811000 0.059143
1 0.152500 0.555404 0.113000 0.058464
1 0.596500 0.672672 0.621000 0.057784
1 0.501500 0.760707 0.811000 0.118287
1 0.191000 0.672672 0.190000 0.057784
1 0.628000 0.848742 0.558000 0.057784
1 0.222500 0.848742 0.253000 0.057784
1 0.501500 0.908906 0.811000 0.062542
0 0.383000 0.849082 0.058000 0.044867
0 0.145000 0.909245 0.058000 0.048266
0 0.318500 0.674711 0.059000 0.044188
0 0.522500 0.380354 0.059000 0.048266
0 0.243500 0.554725 0.063000 0.047587