1 0.534500 0.421143 0.747000 0.109504
1 0.294000 0.290634 0.266000 0.050964
1 0.535000 0.180785 0.746000 0.168733
1 0.738500 0.502410 0.339000 0.053030
1 0.667500 0.290978 0.481000 0.051653
1 0.569000 0.610193 0.678000 0.056474
1 0.705500 0.341253 0.407000 0.050275
1 0.534000 0.692837 0.746000 0.110193
1 0.330500 0.341253 0.339000 0.050275
1 0.534500 0.853650 0.747000 0.105372
1 0.364500 0.502066 0.407000 0.052342
1 0.256500 0.774449 0.189000 0.053030
1 0.536000 0.555096 0.750000 0.053719
1 0.630500 0.774449 0.557000 0.053030
1 0.196000 0.610193 0.070000 0.056474
0 0.193500 0.877755 0.043000 0.033747
0 0.447000 0.292011 0.042000 0.031680
0 0.592000 0.504821 0.042000 0.033058
0 0.373000 0.772727 0.042000 0.033058
0 0.274500 0.610882 0.041000 0.033058
0 0.187000 0.558196 0.042000 0.032369
0 0.522000 0.344697 0.042000 0.032369