1 0.864000 0.210401 0.084000 0.057784
1 0.500000 0.122706 0.812000 0.117607
1 0.865000 0.326649 0.082000 0.059143
1 0.500000 0.268185 0.812000 0.057784
1 0.458000 0.210401 0.728000 0.057784
1 0.459000 0.326649 0.730000 0.059143
1 0.500000 0.414684 0.812000 0.116927
1 0.813000 0.618287 0.186000 0.059143
1 0.500000 0.530931 0.812000 0.115568
1 0.732500 0.676751 0.347000 0.057784
1 0.407000 0.618287 0.626000 0.059143
1 0.722000 0.793678 0.368000 0.057784
1 0.326500 0.676751 0.465000 0.057784
1 0.500000 0.735214 0.812000 0.059143
1 0.500000 0.882393 0.812000 0.119646
1 0.316000 0.793678 0.444000 0.057784
0 0.144500 0.911965 0.059000 0.044188
0 0.751000 0.616927 0.058000 0.046907
0 0.143500 0.442896 0.059000 0.046907
0 0.857500 0.209721 0.061000 0.046907
0 0.573500 0.792658 0.059000 0.047587
0 0.591500 0.675731 0.059000 0.044867
0 0.144000 0.326649 0.058000 0.044188
0 0.857500 0.326649 0.061000 0.044188