1 0.499500 0.152957 0.813000 0.051666
1 0.806000 0.207682 0.200000 0.057784
1 0.527000 0.207682 0.358000 0.057784
1 0.220500 0.207682 0.255000 0.057784
1 0.499500 0.267845 0.813000 0.062542
1 0.693000 0.447315 0.426000 0.055744
1 0.499500 0.393610 0.813000 0.051666
1 0.286500 0.447315 0.387000 0.055744
1 0.703500 0.502719 0.405000 0.055065
1 0.297000 0.502719 0.408000 0.055065
1 0.718000 0.557444 0.376000 0.054385
1 0.380500 0.557444 0.299000 0.054385
1 0.162000 0.557444 0.138000 0.054385
1 0.788000 0.612169 0.236000 0.055065
1 0.517000 0.612169 0.306000 0.055065
1 0.228500 0.612169 0.271000 0.055065
1 0.619000 0.800136 0.574000 0.054385
1 0.499500 0.744392 0.813000 0.057104
1 0.794000 0.855201 0.224000 0.055744
1 0.212500 0.800136 0.239000 0.054385
1 0.462000 0.855201 0.440000 0.055744
1 0.733000 0.913664 0.346000 0.061183
1 0.167500 0.855201 0.149000 0.055744
1 0.326500 0.913664 0.467000 0.061183
0 0.594000 0.912984 0.058000 0.043508
0 0.274500 0.855201 0.061000 0.046227
0 0.713000 0.854181 0.060000 0.045547
0 0.512500 0.446635 0.059000 0.043508
0 0.397000 0.611829 0.060000 0.043508
0 0.144000 0.912305 0.058000 0.043508
0 0.144000 0.264106 0.058000 0.045547
0 0.144000 0.500340 0.058000 0.042148
0 0.381000 0.206322 0.058000 0.046907
0 0.268000 0.555744 0.060000 0.045547
0 0.700000 0.611489 0.058000 0.042828
0 0.365000 0.800136 0.058000 0.043508
0 0.558500 0.556424 0.059000 0.045547
0 0.531000 0.500340 0.058000 0.042148
0 0.740500 0.207002 0.061000 0.046907
0 0.144000 0.446295 0.060000 0.044188
0 0.144000 0.611489 0.058000 0.042828