1 0.535000 0.346419 0.746000 0.158402
1 0.731000 0.877410 0.356000 0.059229
1 0.536000 0.717975 0.748000 0.053030
1 0.296500 0.240014 0.271000 0.054408
1 0.509500 0.664256 0.697000 0.054408
1 0.403000 0.609848 0.484000 0.053030
1 0.777000 0.609848 0.264000 0.053030
1 0.304000 0.821970 0.286000 0.051653
1 0.356500 0.877066 0.391000 0.058540
1 0.363500 0.555785 0.403000 0.055096
1 0.737500 0.556129 0.343000 0.054408
1 0.670500 0.240014 0.477000 0.054408
1 0.613500 0.821970 0.333000 0.051653
1 0.535500 0.185606 0.749000 0.054408
1 0.744000 0.452135 0.328000 0.053030
1 0.517000 0.503788 0.372000 0.050275
1 0.370500 0.452135 0.417000 0.053030
1 0.458000 0.769972 0.594000 0.052342
1 0.806000 0.503788 0.206000 0.050275
1 0.246500 0.503788 0.169000 0.050275
1 0.350500 0.128444 0.379000 0.059917
1 0.832500 0.769972 0.153000 0.052342
1 0.724500 0.128099 0.367000 0.060606
1 0.844000 0.821970 0.130000 0.051653
1 0.884000 0.664256 0.050000 0.054408
0 0.725500 0.508953 0.041000 0.031680
0 0.469000 0.828512 0.042000 0.031680
0 0.587500 0.564050 0.043000 0.031680
0 0.603000 0.455579 0.042000 0.032369
0 0.667000 0.613981 0.042000 0.032369
0 0.352500 0.508953 0.041000 0.031680
0 0.203000 0.402893 0.042000 0.031680
0 0.199000 0.879132 0.042000 0.032369
0 0.561500 0.137052 0.041000 0.031680
0 0.572500 0.881198 0.041000 0.032369
0 0.454000 0.243457 0.040000 0.032369
0 0.777000 0.774793 0.040000 0.031680
0 0.881500 0.668388 0.043000 0.032369
0 0.801000 0.828512 0.042000 0.031680