1 0.566000 0.557507 0.536000 0.054408
1 0.708000 0.610882 0.254000 0.052342
1 0.339000 0.664256 0.504000 0.054408
1 0.385000 0.346419 0.596000 0.053719
1 0.529500 0.185950 0.611000 0.055096
1 0.669000 0.240358 0.332000 0.053719
1 0.295500 0.240014 0.415000 0.054408
1 0.334500 0.610537 0.493000 0.051653
1 0.193000 0.557507 0.210000 0.054408
1 0.624000 0.399449 0.322000 0.052342
1 0.620000 0.878444 0.430000 0.057163
1 0.716500 0.768595 0.237000 0.055096
1 0.461500 0.503099 0.747000 0.054408
1 0.713500 0.664256 0.243000 0.054408
1 0.589500 0.823003 0.383000 0.053719
1 0.454500 0.716253 0.459000 0.050964
1 0.693500 0.450758 0.283000 0.050275
1 0.320000 0.450758 0.464000 0.050275
1 0.436500 0.293388 0.697000 0.052342
1 0.467500 0.768939 0.261000 0.054408
1 0.246500 0.878444 0.317000 0.057163
1 0.243000 0.823003 0.310000 0.053719
1 0.275500 0.399449 0.375000 0.052342
1 0.212000 0.768939 0.250000 0.054408
1 0.761000 0.716598 0.148000 0.050275
1 0.759000 0.346419 0.154000 0.053719
1 0.581000 0.128444 0.508000 0.059917
1 0.207000 0.127755 0.238000 0.059917
1 0.156500 0.716253 0.137000 0.050964
1 0.156000 0.185262 0.136000 0.055096
1 0.809000 0.823003 0.052000 0.053719
1 0.810500 0.399449 0.051000 0.052342
1 0.811000 0.293388 0.050000 0.052342
0 0.245500 0.189394 0.041000 0.031680
0 0.318500 0.561295 0.041000 0.031680
0 0.572500 0.454545 0.041000 0.031680
0 0.348000 0.137052 0.042000 0.031680
0 0.601000 0.615014 0.040000 0.031680
0 0.357500 0.773760 0.041000 0.032369
0 0.483500 0.402893 0.041000 0.031680
0 0.706000 0.721419 0.040000 0.030992
0 0.426500 0.880510 0.041000 0.032369
0 0.808000 0.297521 0.042000 0.031680
0 0.524500 0.243457 0.041000 0.032369
0 0.121000 0.401860 0.042000 0.032369
0 0.246500 0.719697 0.041000 0.031680
0 0.121000 0.826791 0.042000 0.032369
0 0.618500 0.774793 0.041000 0.031680
0 0.703500 0.350895 0.041000 0.032369
0 0.629500 0.668388 0.041000 0.032369
0 0.804500 0.828512 0.043000 0.031680
0 0.806000 0.403926 0.042000 0.032369
0 0.127000 0.879821 0.042000 0.032369
0 0.418000 0.827135 0.040000 0.031680