1 0.460500 0.449380 0.747000 0.157713
1 0.462000 0.633953 0.746000 0.106749
1 0.435000 0.554408 0.696000 0.052342
1 0.461000 0.263085 0.746000 0.106061
1 0.365500 0.712121 0.557000 0.049587
1 0.461000 0.877410 0.748000 0.059229
1 0.208500 0.821281 0.241000 0.053030
1 0.177500 0.343320 0.179000 0.053030
1 0.739500 0.712121 0.191000 0.049587
1 0.551000 0.342975 0.566000 0.053719
1 0.582000 0.821970 0.506000 0.051653
1 0.809500 0.554408 0.051000 0.050964
1 0.461500 0.766529 0.749000 0.059229
1 0.461500 0.152893 0.747000 0.112948
0 0.116000 0.878788 0.046000 0.034435
0 0.115500 0.183884 0.045000 0.034435
0 0.350500 0.824036 0.043000 0.033747
0 0.290000 0.344353 0.044000 0.034435
0 0.806500 0.559229 0.045000 0.034435
0 0.668000 0.719008 0.044000 0.033058