1 0.770500 0.158396 0.271000 0.058464
1 0.499000 0.099932 0.814000 0.058464
1 0.363500 0.158396 0.543000 0.058464
1 0.751000 0.274303 0.310000 0.057784
1 0.499000 0.216519 0.814000 0.057784
1 0.534500 0.331747 0.743000 0.057104
1 0.344000 0.274303 0.504000 0.057784
1 0.610500 0.389531 0.591000 0.058464
1 0.127500 0.331747 0.071000 0.057104
1 0.655500 0.447315 0.501000 0.057104
1 0.203500 0.389531 0.223000 0.058464
1 0.580000 0.504759 0.652000 0.057784
1 0.248500 0.447315 0.313000 0.057104
1 0.683000 0.562542 0.446000 0.057784
1 0.173000 0.504759 0.162000 0.057784
1 0.729500 0.620666 0.353000 0.058464
1 0.276000 0.562542 0.368000 0.057784
1 0.322500 0.620666 0.461000 0.058464
1 0.805500 0.736574 0.201000 0.057784
1 0.499000 0.678790 0.814000 0.057784
1 0.734000 0.794697 0.344000 0.058464
1 0.398500 0.736574 0.613000 0.057784
1 0.327000 0.794697 0.470000 0.058464
1 0.499000 0.852821 0.814000 0.057784
1 0.499000 0.911965 0.814000 0.060503
0 0.739500 0.738273 0.059000 0.044867
0 0.587000 0.621006 0.060000 0.045547
0 0.491500 0.563902 0.059000 0.044188
0 0.144000 0.911965 0.058000 0.044188
0 0.144500 0.852821 0.059000 0.044188
0 0.438500 0.446975 0.059000 0.045547
0 0.287000 0.505438 0.060000 0.046907
0 0.195500 0.333447 0.059000 0.045547
0 0.666000 0.159415 0.062000 0.046907
0 0.595500 0.796397 0.061000 0.045547
0 0.628000 0.273963 0.058000 0.044867
0 0.144000 0.621346 0.058000 0.044867
0 0.350000 0.390211 0.060000 0.044867