1 0.461000 0.425620 0.746000 0.108815
1 0.654500 0.662879 0.361000 0.050275
1 0.461500 0.611570 0.747000 0.052342
1 0.281500 0.662879 0.387000 0.050275
1 0.613500 0.505854 0.443000 0.051653
1 0.570000 0.239669 0.530000 0.050964
1 0.640500 0.346074 0.387000 0.050275
1 0.377500 0.188361 0.579000 0.051653
1 0.336500 0.876722 0.499000 0.060606
1 0.533500 0.558540 0.601000 0.053719
1 0.196500 0.239669 0.217000 0.050964
1 0.239500 0.505854 0.303000 0.051653
1 0.710500 0.876722 0.249000 0.060606
1 0.267000 0.346419 0.360000 0.050964
1 0.461000 0.293044 0.746000 0.055785
1 0.487000 0.769284 0.694000 0.055096
1 0.460000 0.821625 0.746000 0.049587
1 0.461000 0.714876 0.746000 0.053719
1 0.751000 0.188361 0.168000 0.051653
1 0.160500 0.558196 0.145000 0.053030
0 0.254500 0.562328 0.043000 0.033747
0 0.518000 0.664256 0.044000 0.033747
0 0.468500 0.348140 0.043000 0.033747
1 0.113500 0.769284 0.051000 0.055096
0 0.122000 0.880510 0.046000 0.033747
0 0.412500 0.505165 0.043000 0.033747
0 0.608000 0.879132 0.044000 0.033747
0 0.160000 0.771006 0.044000 0.033747
0 0.687500 0.188705 0.043000 0.034435
0 0.327000 0.241391 0.044000 0.033747
1 0.462500 0.129477 0.751000 0.066116