1 0.262500 0.557507 0.203000 0.054408
1 0.534500 0.291322 0.747000 0.056474
1 0.643500 0.503099 0.531000 0.054408
1 0.507000 0.345730 0.692000 0.053719
1 0.430000 0.825069 0.538000 0.055096
1 0.509000 0.399105 0.694000 0.053030
1 0.508500 0.236570 0.695000 0.053030
1 0.444000 0.182163 0.566000 0.055785
1 0.694500 0.610537 0.427000 0.051653
1 0.636000 0.557851 0.544000 0.055096
1 0.739000 0.664601 0.340000 0.055096
1 0.269500 0.503099 0.217000 0.054408
1 0.454000 0.879821 0.584000 0.054408
1 0.804000 0.824725 0.210000 0.055785
1 0.734500 0.450758 0.347000 0.050275
1 0.321500 0.610537 0.321000 0.051653
1 0.535000 0.771694 0.746000 0.051653
1 0.441500 0.718664 0.561000 0.054408
1 0.361000 0.450758 0.400000 0.050275
1 0.365000 0.663912 0.408000 0.055096
1 0.816000 0.718664 0.186000 0.054408
1 0.818000 0.182507 0.182000 0.055096
1 0.826500 0.879477 0.163000 0.055096
1 0.882000 0.345730 0.054000 0.053719
1 0.883500 0.236570 0.051000 0.053030
1 0.883000 0.399105 0.052000 0.053030
0 0.194500 0.879132 0.045000 0.035124
0 0.721500 0.827135 0.045000 0.034435
0 0.505000 0.612259 0.044000 0.034435
0 0.592500 0.666322 0.045000 0.033747
0 0.388000 0.560262 0.044000 0.033747
0 0.586500 0.453168 0.045000 0.034435
0 0.880500 0.400826 0.045000 0.034435
0 0.877500 0.347796 0.045000 0.034435
0 0.767000 0.880510 0.044000 0.033747
0 0.750000 0.187672 0.044000 0.033747
0 0.881000 0.241736 0.046000 0.034435
0 0.745500 0.719697 0.045000 0.034435
0 0.401500 0.506198 0.045000 0.033058
1 0.535000 0.126377 0.748000 0.057163