1 0.323500 0.185606 0.325000 0.054408
1 0.341000 0.609504 0.360000 0.057851
1 0.696500 0.185950 0.423000 0.055096
1 0.715500 0.609504 0.387000 0.057851
1 0.738500 0.664945 0.341000 0.053030
1 0.299500 0.823691 0.277000 0.052342
1 0.673000 0.823691 0.472000 0.052342
1 0.658000 0.293388 0.408000 0.052342
1 0.364000 0.664601 0.406000 0.053719
1 0.604000 0.555096 0.608000 0.050964
1 0.307000 0.293044 0.292000 0.053030
1 0.535000 0.878444 0.748000 0.057163
1 0.758500 0.454890 0.299000 0.057163
1 0.774500 0.770317 0.269000 0.054408
1 0.534000 0.240014 0.746000 0.054408
1 0.400000 0.770317 0.478000 0.054408
1 0.230000 0.554752 0.138000 0.051653
1 0.664000 0.506198 0.490000 0.046832
1 0.385500 0.454201 0.449000 0.057163
1 0.534000 0.399793 0.746000 0.053030
1 0.534000 0.717287 0.744000 0.051653
1 0.574500 0.346419 0.669000 0.053719
1 0.289500 0.506198 0.257000 0.046832
1 0.201000 0.346074 0.080000 0.054408
1 0.885000 0.293733 0.048000 0.053030
0 0.262000 0.350207 0.042000 0.032369
0 0.475000 0.297521 0.042000 0.031680
0 0.439500 0.509642 0.041000 0.031680
0 0.661000 0.774449 0.042000 0.032369
0 0.458500 0.828168 0.041000 0.032369
0 0.630500 0.457300 0.041000 0.031680
0 0.320000 0.562672 0.042000 0.031680
0 0.507500 0.190771 0.041000 0.031680
0 0.542500 0.615702 0.041000 0.031680
0 0.611000 0.668388 0.042000 0.032369
0 0.199500 0.880510 0.041000 0.032369
0 0.882000 0.298209 0.042000 0.031680
1 0.536500 0.127755 0.751000 0.061295