1 0.460000 0.738636 0.748000 0.105372
1 0.461000 0.633609 0.748000 0.104683
1 0.366500 0.234504 0.559000 0.055785
1 0.580000 0.555096 0.510000 0.053719
1 0.587000 0.501033 0.496000 0.054408
1 0.206500 0.555096 0.237000 0.053719
1 0.461000 0.288912 0.746000 0.053030
1 0.213500 0.501033 0.251000 0.054408
1 0.325500 0.446970 0.475000 0.055096
1 0.699500 0.446625 0.271000 0.054408
1 0.495500 0.817149 0.679000 0.051653
1 0.461500 0.180785 0.747000 0.051653
1 0.461500 0.874656 0.749000 0.063361
1 0.460000 0.394284 0.744000 0.050275
1 0.488000 0.342631 0.692000 0.054408
1 0.740500 0.234848 0.189000 0.055096
1 0.122000 0.816804 0.068000 0.050964
0 0.114500 0.662879 0.041000 0.032369
0 0.113000 0.130510 0.042000 0.032369
0 0.178000 0.823003 0.042000 0.031680
0 0.115000 0.874656 0.042000 0.031680
0 0.669000 0.237948 0.042000 0.032369
0 0.585000 0.450758 0.042000 0.032369
0 0.362000 0.504132 0.042000 0.031680
1 0.115000 0.342287 0.054000 0.053719
0 0.346000 0.558196 0.042000 0.032369
0 0.163000 0.345730 0.042000 0.031680
1 0.462500 0.125344 0.751000 0.060606