1 0.534500 0.476240 0.747000 0.103994
1 0.437000 0.662879 0.550000 0.055785
1 0.733000 0.821970 0.350000 0.054408
1 0.693000 0.397727 0.430000 0.053030
1 0.438500 0.289945 0.557000 0.055096
1 0.508000 0.556818 0.694000 0.055785
1 0.639500 0.767906 0.435000 0.053719
1 0.459000 0.235537 0.596000 0.053719
1 0.359500 0.821970 0.397000 0.054408
1 0.534500 0.344353 0.745000 0.053719
1 0.536000 0.609848 0.748000 0.050275
1 0.319500 0.397383 0.315000 0.052342
1 0.810500 0.662879 0.197000 0.055785
1 0.535000 0.878099 0.746000 0.057851
1 0.291000 0.767906 0.260000 0.053719
1 0.535500 0.716253 0.747000 0.050964
1 0.812000 0.290289 0.192000 0.055785
1 0.535000 0.152204 0.746000 0.112948
1 0.833000 0.235882 0.152000 0.054408
1 0.882000 0.556818 0.054000 0.055785
1 0.883000 0.768251 0.052000 0.053030
0 0.581000 0.824380 0.046000 0.034435
0 0.443000 0.771694 0.044000 0.033747
0 0.733500 0.664945 0.043000 0.033747
0 0.500500 0.398416 0.045000 0.033747
0 0.193500 0.874656 0.045000 0.034435
0 0.739000 0.293388 0.044000 0.034435
0 0.879500 0.771006 0.045000 0.033747
0 0.779000 0.241391 0.044000 0.033747
0 0.878500 0.558196 0.045000 0.033747