1 0.770000 0.208362 0.282000 0.057784
1 0.503500 0.120666 0.815000 0.117607
1 0.503500 0.295717 0.815000 0.116927
1 0.814500 0.383753 0.193000 0.059143
1 0.362500 0.208362 0.533000 0.057784
1 0.407000 0.383753 0.622000 0.059143
1 0.712500 0.500340 0.397000 0.058464
1 0.503500 0.442216 0.815000 0.057784
1 0.305000 0.500340 0.418000 0.058464
1 0.503500 0.559143 0.815000 0.059143
1 0.868000 0.617947 0.086000 0.058464
1 0.460500 0.617947 0.729000 0.058464
1 0.503500 0.705642 0.815000 0.116927
1 0.760500 0.851462 0.301000 0.057784
1 0.503500 0.793338 0.815000 0.058464
1 0.353000 0.851462 0.514000 0.057784
1 0.503500 0.912305 0.815000 0.063902
0 0.661000 0.208022 0.060000 0.046227
0 0.749500 0.381033 0.059000 0.048266
0 0.145500 0.910605 0.059000 0.045547
0 0.642000 0.850102 0.060000 0.045547
0 0.549000 0.498980 0.058000 0.044867
0 0.145500 0.733855 0.059000 0.045547
0 0.858000 0.615908 0.060000 0.046227