1 0.500000 0.120666 0.816000 0.117607
1 0.733500 0.209041 0.349000 0.059143
1 0.500000 0.267505 0.816000 0.057784
1 0.660000 0.325969 0.496000 0.059143
1 0.325500 0.209041 0.467000 0.059143
1 0.500000 0.472128 0.816000 0.233175
1 0.252000 0.325969 0.320000 0.059143
1 0.590500 0.617947 0.635000 0.058464
1 0.182500 0.617947 0.181000 0.058464
1 0.500000 0.705642 0.816000 0.116927
1 0.541500 0.793338 0.733000 0.058464
1 0.133500 0.793338 0.083000 0.058464
1 0.500000 0.882733 0.816000 0.120326
0 0.144000 0.910605 0.058000 0.045547
0 0.589000 0.208702 0.064000 0.048946
0 0.209000 0.792658 0.060000 0.046227
0 0.443500 0.323929 0.059000 0.044188
0 0.307000 0.616587 0.060000 0.046227