1 0.534500 0.449725 0.747000 0.154270
1 0.535000 0.236915 0.746000 0.052342
1 0.261500 0.182851 0.201000 0.055785
1 0.635500 0.183196 0.545000 0.055096
1 0.656000 0.606749 0.506000 0.053719
1 0.535000 0.660813 0.748000 0.054408
1 0.448500 0.289945 0.575000 0.053719
1 0.465000 0.715565 0.610000 0.055096
1 0.282000 0.606405 0.242000 0.053030
1 0.565500 0.344697 0.683000 0.055785
1 0.760000 0.820248 0.298000 0.049587
1 0.534500 0.876033 0.747000 0.061983
1 0.510000 0.554063 0.696000 0.053030
1 0.822000 0.289945 0.172000 0.052342
1 0.416500 0.768939 0.511000 0.053030
1 0.790500 0.769284 0.237000 0.053719
1 0.839000 0.715565 0.138000 0.055096
1 0.386000 0.820248 0.450000 0.049587
1 0.883500 0.554063 0.051000 0.053030
1 0.192500 0.344697 0.063000 0.055785
0 0.245000 0.347107 0.042000 0.031680
0 0.792000 0.719697 0.042000 0.031680
0 0.425500 0.611226 0.043000 0.032369
0 0.693000 0.772383 0.042000 0.032369
0 0.187000 0.879477 0.042000 0.031680
0 0.632000 0.824380 0.042000 0.031680
0 0.383000 0.187328 0.042000 0.031680
0 0.757000 0.293388 0.042000 0.031680
0 0.880500 0.560606 0.043000 0.031680
1 0.536000 0.126033 0.750000 0.059229