1 0.535500 0.478306 0.747000 0.214187
1 0.407000 0.662879 0.492000 0.055785
1 0.535000 0.290289 0.748000 0.055785
1 0.509500 0.235537 0.697000 0.053719
1 0.509000 0.609848 0.694000 0.050275
1 0.509000 0.344697 0.694000 0.053030
1 0.781000 0.662879 0.256000 0.055785
1 0.535500 0.716253 0.747000 0.050964
1 0.577500 0.768251 0.661000 0.053030
1 0.535000 0.152548 0.746000 0.112259
1 0.533500 0.850207 0.749000 0.112259
1 0.204500 0.767906 0.087000 0.053719
1 0.884000 0.235882 0.050000 0.054408
1 0.883000 0.344353 0.052000 0.053719
1 0.883000 0.609504 0.052000 0.049587
0 0.188500 0.876377 0.045000 0.035124
0 0.675000 0.663912 0.044000 0.034435
0 0.189500 0.345730 0.045000 0.034435
0 0.879500 0.347107 0.045000 0.034435
0 0.879500 0.609504 0.045000 0.034435
0 0.269000 0.770317 0.044000 0.033747
0 0.881500 0.241047 0.045000 0.034435