1 0.701500 0.094494 0.409000 0.058464
1 0.333500 0.094494 0.329000 0.058464
1 0.134000 0.094494 0.078000 0.058464
1 0.564000 0.211421 0.684000 0.058464
1 0.500500 0.152957 0.811000 0.058464
1 0.158500 0.211421 0.127000 0.058464
1 0.500500 0.269545 0.811000 0.057784
1 0.684500 0.327668 0.443000 0.058464
1 0.500500 0.386132 0.811000 0.058464
1 0.279000 0.327668 0.368000 0.058464
1 0.866000 0.444256 0.080000 0.057784
1 0.500500 0.502719 0.811000 0.059143
1 0.460500 0.444256 0.731000 0.057784
1 0.623000 0.561183 0.566000 0.057784
1 0.217500 0.561183 0.245000 0.057784
1 0.500500 0.618627 0.811000 0.057104
1 0.592500 0.677090 0.627000 0.059823
1 0.187000 0.677090 0.184000 0.059823
1 0.675500 0.851801 0.461000 0.058464
1 0.500500 0.764786 0.811000 0.115568
1 0.270000 0.851801 0.350000 0.058464
1 0.500500 0.910945 0.811000 0.059823
0 0.145000 0.910945 0.058000 0.044867
0 0.202000 0.093474 0.060000 0.048266
0 0.145000 0.269545 0.058000 0.045547
0 0.858500 0.442896 0.059000 0.046907
0 0.371000 0.559823 0.060000 0.046907
0 0.476000 0.851122 0.060000 0.043508
0 0.532000 0.093134 0.060000 0.047587
0 0.497000 0.328008 0.060000 0.045547
0 0.311500 0.677430 0.059000 0.044188
0 0.254500 0.210401 0.059000 0.045547