1 0.647000 0.211761 0.518000 0.057784
1 0.499500 0.124065 0.813000 0.117607
1 0.864000 0.327668 0.084000 0.058464
1 0.240500 0.211761 0.295000 0.057784
1 0.499500 0.269545 0.813000 0.057784
1 0.457500 0.327668 0.729000 0.058464
1 0.805000 0.386132 0.202000 0.058464
1 0.398500 0.386132 0.611000 0.058464
1 0.684500 0.444256 0.443000 0.057784
1 0.278000 0.444256 0.370000 0.057784
1 0.683000 0.502719 0.446000 0.059143
1 0.499500 0.561183 0.813000 0.057784
1 0.276500 0.502719 0.367000 0.059143
1 0.636500 0.677430 0.539000 0.059143
1 0.499500 0.618967 0.813000 0.057784
1 0.656000 0.735894 0.500000 0.057784
1 0.230000 0.677430 0.274000 0.059143
1 0.249500 0.735894 0.313000 0.057784
1 0.499500 0.853841 0.813000 0.178110
0 0.419500 0.207342 0.059000 0.046227
0 0.441000 0.734874 0.060000 0.044867
0 0.143000 0.910945 0.058000 0.046227
0 0.143000 0.560503 0.060000 0.045547
0 0.736000 0.382393 0.060000 0.046907
0 0.495000 0.444596 0.060000 0.046227
0 0.399000 0.677090 0.060000 0.044867
0 0.855000 0.324949 0.062000 0.044867
0 0.493500 0.502039 0.059000 0.044188