1 0.527500 0.662534 0.615000 0.055096
1 0.461500 0.422176 0.747000 0.104683
1 0.225500 0.608471 0.275000 0.053030
1 0.599000 0.608471 0.472000 0.053030
1 0.662000 0.770661 0.346000 0.053719
1 0.680500 0.289601 0.309000 0.053030
1 0.230500 0.555785 0.285000 0.052342
1 0.462000 0.851584 0.748000 0.109504
1 0.350000 0.502066 0.526000 0.055096
1 0.724000 0.501722 0.222000 0.055785
1 0.307000 0.289945 0.438000 0.053719
1 0.461000 0.716942 0.746000 0.053719
1 0.461500 0.180096 0.747000 0.165978
1 0.604000 0.555785 0.462000 0.052342
1 0.288000 0.770661 0.400000 0.053719
1 0.153500 0.342975 0.131000 0.053719
1 0.153500 0.662190 0.131000 0.054408
1 0.527500 0.342975 0.613000 0.053719
0 0.242000 0.344697 0.044000 0.033747
0 0.394000 0.559573 0.042000 0.032369
0 0.549000 0.292355 0.044000 0.033747
0 0.241000 0.665978 0.040000 0.030303
0 0.112500 0.880510 0.041000 0.029614
0 0.386000 0.612603 0.042000 0.032369
0 0.510500 0.771350 0.039000 0.030303
0 0.637000 0.505165 0.044000 0.033747