1 0.534500 0.609504 0.745000 0.159780
1 0.534000 0.422176 0.748000 0.107438
1 0.323000 0.825069 0.322000 0.053719
1 0.534500 0.743802 0.747000 0.108815
1 0.535000 0.288223 0.748000 0.053030
1 0.696500 0.825069 0.423000 0.055096
1 0.253500 0.502410 0.183000 0.054408
1 0.610000 0.234160 0.596000 0.055096
1 0.534000 0.879821 0.746000 0.054408
1 0.626500 0.502755 0.563000 0.053719
1 0.604500 0.341598 0.609000 0.053719
1 0.230500 0.341253 0.137000 0.053030
1 0.750500 0.179408 0.315000 0.054408
1 0.236500 0.234160 0.149000 0.055096
1 0.377500 0.179408 0.431000 0.054408
0 0.191500 0.665634 0.045000 0.033747
0 0.189000 0.880165 0.046000 0.034435
0 0.323500 0.345041 0.045000 0.034435
0 0.334000 0.236915 0.044000 0.034435
0 0.616000 0.181129 0.044000 0.034435
0 0.508500 0.828512 0.045000 0.034435
0 0.367000 0.505165 0.040000 0.030992
1 0.536500 0.124311 0.751000 0.055785