1 0.708500 0.211081 0.393000 0.059143
1 0.499000 0.123046 0.812000 0.116927
1 0.302500 0.211081 0.419000 0.059143
1 0.499000 0.269545 0.812000 0.057784
1 0.802000 0.327328 0.206000 0.057784
1 0.396000 0.327328 0.606000 0.057784
1 0.740500 0.444256 0.329000 0.057784
1 0.499000 0.385792 0.812000 0.059143
1 0.334500 0.444256 0.483000 0.057784
1 0.499000 0.708022 0.812000 0.469748
0 0.143000 0.912984 0.058000 0.044867
0 0.733500 0.327328 0.059000 0.045547
0 0.609500 0.443576 0.061000 0.046907
0 0.545500 0.210741 0.061000 0.046227