1 0.499000 0.093814 0.812000 0.059823
1 0.557500 0.152617 0.695000 0.057784
1 0.730000 0.210741 0.350000 0.058464
1 0.151500 0.152617 0.117000 0.057784
1 0.758000 0.269205 0.294000 0.058464
1 0.324000 0.210741 0.462000 0.058464
1 0.802000 0.327668 0.206000 0.058464
1 0.352000 0.269205 0.518000 0.058464
1 0.396000 0.327668 0.606000 0.058464
1 0.499000 0.385452 0.812000 0.057104
1 0.713000 0.443576 0.384000 0.059143
1 0.307000 0.443576 0.428000 0.059143
1 0.536500 0.502039 0.737000 0.057784
1 0.130500 0.502039 0.075000 0.057784
1 0.499000 0.618627 0.812000 0.175391
1 0.836500 0.735554 0.137000 0.058464
1 0.862500 0.793678 0.085000 0.057784
1 0.430500 0.735554 0.675000 0.058464
1 0.456500 0.793678 0.727000 0.057784
1 0.499000 0.883073 0.812000 0.121006
0 0.644000 0.267845 0.060000 0.046227
0 0.856500 0.793678 0.059000 0.046907
0 0.143500 0.910265 0.059000 0.046227
0 0.732500 0.326988 0.059000 0.044867
0 0.552000 0.441536 0.060000 0.046907
0 0.801000 0.735554 0.062000 0.046227
0 0.590000 0.209721 0.060000 0.045547
0 0.143000 0.092454 0.058000 0.047587
0 0.245000 0.151937 0.058000 0.044188
0 0.204000 0.502039 0.060000 0.044188