1 0.499500 0.088715 0.813000 0.059143
1 0.753000 0.147859 0.306000 0.059143
1 0.445000 0.147859 0.310000 0.059143
1 0.191500 0.147859 0.197000 0.059143
1 0.770500 0.206322 0.271000 0.057784
1 0.525000 0.206322 0.220000 0.057784
1 0.298500 0.206322 0.233000 0.057784
1 0.783500 0.264786 0.245000 0.059143
1 0.137500 0.206322 0.089000 0.057784
1 0.556000 0.264786 0.210000 0.059143
1 0.865500 0.323929 0.081000 0.059143
1 0.272000 0.264786 0.358000 0.059143
1 0.671000 0.323929 0.308000 0.059143
1 0.335500 0.323929 0.363000 0.059143
1 0.809000 0.382393 0.194000 0.057784
1 0.123500 0.323929 0.061000 0.059143
1 0.494000 0.382393 0.436000 0.057784
1 0.757500 0.440857 0.297000 0.059143
1 0.184500 0.382393 0.183000 0.057784
1 0.460500 0.440857 0.297000 0.059143
1 0.808000 0.499660 0.196000 0.058464
1 0.202500 0.440857 0.219000 0.059143
1 0.472000 0.499660 0.476000 0.058464
1 0.163500 0.499660 0.141000 0.058464
1 0.768000 0.558464 0.276000 0.059143
1 0.416500 0.558464 0.427000 0.059143
1 0.586000 0.616927 0.640000 0.057784
1 0.148000 0.558464 0.110000 0.059143
1 0.714000 0.675391 0.384000 0.059143
1 0.179500 0.616927 0.173000 0.057784
1 0.866500 0.734534 0.079000 0.059143
1 0.307500 0.675391 0.429000 0.059143
1 0.646500 0.734534 0.361000 0.059143
1 0.865500 0.792998 0.081000 0.057784
1 0.279500 0.734534 0.373000 0.059143
1 0.640500 0.792998 0.369000 0.057784
1 0.865500 0.851462 0.081000 0.059143
1 0.274500 0.792998 0.363000 0.057784
1 0.630000 0.851462 0.390000 0.059143
1 0.737500 0.911965 0.337000 0.061863
1 0.264000 0.851462 0.342000 0.059143
1 0.331000 0.911965 0.476000 0.061863
0 0.600500 0.910265 0.061000 0.046227
0 0.308500 0.381713 0.059000 0.046907
0 0.856500 0.848402 0.061000 0.044867
0 0.145000 0.910605 0.060000 0.045547
0 0.495500 0.733515 0.059000 0.046227
0 0.660000 0.558464 0.060000 0.045547
0 0.344500 0.440517 0.059000 0.046227
0 0.856000 0.323929 0.060000 0.045547
0 0.857000 0.790619 0.058000 0.044867
0 0.857000 0.732495 0.060000 0.048266
0 0.640500 0.440517 0.057000 0.046227
0 0.691000 0.264446 0.060000 0.046227
0 0.322500 0.147179 0.059000 0.046907
0 0.146000 0.087695 0.060000 0.046227
0 0.294500 0.616587 0.063000 0.047587
0 0.487000 0.790619 0.058000 0.046227
0 0.214000 0.205982 0.060000 0.047587
0 0.630500 0.147179 0.059000 0.046907
0 0.264000 0.500000 0.058000 0.044188
0 0.741000 0.500000 0.058000 0.044188
0 0.553500 0.673691 0.059000 0.044867
0 0.467500 0.848402 0.059000 0.044867
0 0.235500 0.558804 0.059000 0.046227
0 0.667000 0.206322 0.060000 0.048266
0 0.447000 0.206322 0.060000 0.048266
0 0.186500 0.323249 0.057000 0.044188
0 0.743000 0.381373 0.062000 0.048946
0 0.481000 0.264106 0.058000 0.045547
0 0.549500 0.323249 0.061000 0.045547