1 0.305000 0.821970 0.288000 0.054408
1 0.795500 0.235537 0.227000 0.053719
1 0.763500 0.556474 0.289000 0.056474
1 0.733000 0.397727 0.352000 0.053030
1 0.389500 0.556818 0.455000 0.055785
1 0.532500 0.662879 0.353000 0.055785
1 0.652500 0.821625 0.409000 0.055096
1 0.756500 0.878099 0.305000 0.057851
1 0.759500 0.181474 0.299000 0.054408
1 0.756000 0.501377 0.304000 0.053719
1 0.430500 0.344353 0.239000 0.053719
1 0.426500 0.501722 0.355000 0.054408
1 0.421500 0.289945 0.523000 0.055096
1 0.796500 0.289945 0.225000 0.055096
1 0.359000 0.397383 0.396000 0.052342
1 0.382500 0.878099 0.443000 0.057851
1 0.647500 0.716253 0.521000 0.050964
1 0.490500 0.235537 0.383000 0.053719
1 0.456500 0.181474 0.305000 0.054408
1 0.457000 0.768251 0.592000 0.053030
1 0.575000 0.449036 0.664000 0.050964
1 0.535500 0.609848 0.745000 0.050275
1 0.809500 0.662879 0.199000 0.055785
1 0.729000 0.344353 0.360000 0.053719
1 0.259000 0.662879 0.194000 0.055785
1 0.274000 0.715909 0.226000 0.050275
1 0.709000 0.126377 0.400000 0.057163
1 0.334500 0.126033 0.347000 0.056474
1 0.831000 0.768251 0.156000 0.053030
1 0.230500 0.235537 0.137000 0.053719
1 0.232500 0.181474 0.143000 0.054408
1 0.205000 0.501033 0.088000 0.054408
1 0.202000 0.448691 0.080000 0.050275
1 0.884000 0.821970 0.052000 0.054408
1 0.236000 0.344353 0.148000 0.053719
0 0.191500 0.290978 0.045000 0.033747
0 0.409000 0.715909 0.044000 0.033747
0 0.264500 0.450069 0.043000 0.033747
0 0.320500 0.236570 0.043000 0.033747
0 0.191000 0.396350 0.046000 0.035124
0 0.627500 0.503444 0.045000 0.034435
0 0.731000 0.662879 0.044000 0.033747
0 0.626500 0.876033 0.045000 0.034435
0 0.189000 0.131887 0.046000 0.033747
0 0.632000 0.184917 0.044000 0.033747
0 0.192000 0.875344 0.046000 0.034435
0 0.704500 0.237603 0.045000 0.034435
0 0.531000 0.133264 0.044000 0.033747
0 0.378500 0.663567 0.045000 0.035124
0 0.776000 0.767906 0.044000 0.034435
0 0.580000 0.396350 0.044000 0.033747
0 0.470500 0.820937 0.045000 0.034435
0 0.640500 0.556818 0.045000 0.033747
0 0.707000 0.289256 0.044000 0.034435
0 0.332000 0.344353 0.042000 0.034435
0 0.572000 0.344008 0.044000 0.033747
0 0.271500 0.503444 0.045000 0.034435
0 0.326500 0.184573 0.045000 0.034435
0 0.880000 0.821281 0.046000 0.035124