1 0.734500 0.087356 0.345000 0.059143
1 0.414000 0.087356 0.296000 0.059143
1 0.179500 0.087356 0.173000 0.059143
1 0.817500 0.145479 0.179000 0.057104
1 0.551000 0.145479 0.354000 0.057104
1 0.794500 0.203263 0.225000 0.058464
1 0.233500 0.145479 0.281000 0.057104
1 0.504500 0.203263 0.355000 0.058464
1 0.210000 0.203263 0.234000 0.058464
1 0.806000 0.389191 0.202000 0.057784
1 0.500000 0.332427 0.814000 0.055744
1 0.582000 0.389191 0.246000 0.057784
1 0.276000 0.389191 0.366000 0.057784
1 0.683500 0.447315 0.447000 0.058464
1 0.276500 0.447315 0.367000 0.058464
1 0.814500 0.505438 0.185000 0.057784
1 0.522500 0.505438 0.399000 0.057784
1 0.208000 0.505438 0.230000 0.057784
1 0.813000 0.563222 0.188000 0.057784
1 0.539500 0.563222 0.359000 0.057784
1 0.226500 0.563222 0.267000 0.057784
1 0.866000 0.622366 0.082000 0.060503
1 0.658000 0.622366 0.334000 0.060503
1 0.292000 0.622366 0.398000 0.060503
1 0.733000 0.797757 0.348000 0.057784
1 0.500000 0.744392 0.814000 0.048946
1 0.365500 0.797757 0.387000 0.057784
1 0.132500 0.797757 0.079000 0.057784
1 0.785000 0.855540 0.244000 0.057784
1 0.534500 0.855540 0.257000 0.057784
1 0.274000 0.855540 0.264000 0.057784
1 0.117500 0.855540 0.049000 0.057784
1 0.787000 0.915364 0.240000 0.061863
1 0.524500 0.915364 0.285000 0.061863
1 0.237500 0.915364 0.289000 0.061863
0 0.598500 0.087356 0.061000 0.045547
0 0.414000 0.915364 0.060000 0.045547
0 0.298500 0.087016 0.059000 0.044867
0 0.759500 0.145139 0.061000 0.046907
0 0.859500 0.619646 0.059000 0.045547
0 0.752000 0.562542 0.058000 0.044188
0 0.696500 0.856560 0.061000 0.047587
0 0.716000 0.201564 0.060000 0.044188
0 0.698000 0.914004 0.060000 0.045547
0 0.395500 0.562542 0.063000 0.044188
0 0.405500 0.144799 0.061000 0.046227
0 0.490500 0.446635 0.059000 0.046227
0 0.144000 0.619646 0.060000 0.045547
0 0.354500 0.505099 0.061000 0.047587
0 0.436500 0.855201 0.059000 0.047587
0 0.523500 0.619986 0.061000 0.047587
0 0.360000 0.201564 0.060000 0.045547
0 0.134500 0.202923 0.059000 0.045547
0 0.590500 0.796057 0.061000 0.046227
0 0.141000 0.915024 0.058000 0.044867
0 0.174000 0.855540 0.060000 0.048266
0 0.492500 0.387492 0.059000 0.044867
0 0.143000 0.387831 0.058000 0.045547
0 0.755000 0.503739 0.060000 0.046227
0 0.737500 0.387831 0.061000 0.045547
0 0.204500 0.796397 0.059000 0.045547