1 0.692500 0.151598 0.427000 0.058464
1 0.499500 0.093134 0.813000 0.058464
1 0.499500 0.238953 0.813000 0.116247
1 0.286000 0.151598 0.386000 0.058464
1 0.706500 0.326309 0.399000 0.058464
1 0.570500 0.384772 0.671000 0.058464
1 0.300000 0.326309 0.414000 0.058464
1 0.815000 0.501700 0.182000 0.058464
1 0.164000 0.384772 0.142000 0.058464
1 0.499500 0.443236 0.813000 0.058464
1 0.408500 0.501700 0.631000 0.058464
1 0.499500 0.589055 0.813000 0.116247
1 0.802000 0.792998 0.208000 0.059143
1 0.499500 0.705303 0.813000 0.116247
1 0.395500 0.792998 0.605000 0.059143
1 0.499500 0.882393 0.813000 0.119646
0 0.142000 0.616927 0.058000 0.046907
0 0.731500 0.791978 0.059000 0.047587
0 0.271000 0.385792 0.060000 0.046907
0 0.143000 0.909925 0.058000 0.046907
0 0.517500 0.150918 0.059000 0.044867
0 0.540500 0.325969 0.059000 0.044188
0 0.758000 0.502719 0.060000 0.045547