1 0.558500 0.235537 0.699000 0.053719
1 0.340000 0.608815 0.214000 0.050964
1 0.284000 0.557507 0.248000 0.051653
1 0.797500 0.609160 0.221000 0.051653
1 0.790000 0.557507 0.236000 0.051653
1 0.582500 0.341942 0.651000 0.048898
1 0.619000 0.181474 0.578000 0.054408
1 0.540000 0.557507 0.264000 0.051653
1 0.333500 0.878099 0.347000 0.057851
1 0.681000 0.878099 0.348000 0.057851
1 0.303500 0.821970 0.287000 0.054408
1 0.619000 0.289945 0.578000 0.055096
1 0.282500 0.662879 0.245000 0.055785
1 0.809000 0.821970 0.198000 0.054408
1 0.499000 0.767906 0.342000 0.053719
1 0.578000 0.821970 0.264000 0.054408
1 0.543000 0.662879 0.276000 0.055785
1 0.726000 0.716253 0.264000 0.050964
1 0.566500 0.608815 0.239000 0.050964
1 0.795000 0.662879 0.228000 0.055785
1 0.244500 0.290289 0.169000 0.054408
1 0.764000 0.767906 0.188000 0.053719
1 0.244500 0.181474 0.169000 0.054408
1 0.603500 0.126377 0.609000 0.055785
1 0.255500 0.716253 0.189000 0.050964
1 0.472000 0.716253 0.244000 0.050964
1 0.244000 0.767906 0.168000 0.053719
1 0.209000 0.342287 0.098000 0.049587
1 0.229500 0.126033 0.139000 0.056474
1 0.883000 0.768251 0.050000 0.054408
1 0.196500 0.608815 0.073000 0.050964
1 0.881500 0.878099 0.055000 0.057851
1 0.883500 0.716253 0.051000 0.050964
0 0.351500 0.184229 0.043000 0.033747
0 0.280500 0.341253 0.043000 0.033747
1 0.185000 0.235882 0.048000 0.054408
0 0.693000 0.559229 0.042000 0.033058
0 0.322000 0.130510 0.042000 0.033747
0 0.351000 0.289256 0.042000 0.034435
0 0.426500 0.663567 0.043000 0.033747
0 0.429500 0.558884 0.043000 0.033747
0 0.468500 0.822658 0.043000 0.033747
0 0.734000 0.822314 0.044000 0.034435
0 0.192000 0.873967 0.044000 0.034435
0 0.371500 0.716253 0.043000 0.033058
0 0.349000 0.769628 0.042000 0.033747
0 0.702500 0.666322 0.043000 0.033747
0 0.192500 0.557507 0.043000 0.033747
0 0.231000 0.235882 0.042000 0.033747
0 0.615000 0.717287 0.044000 0.033747
0 0.527000 0.874311 0.042000 0.033747
0 0.470000 0.611570 0.044000 0.033058
0 0.196500 0.392906 0.045000 0.033747
0 0.707500 0.611570 0.043000 0.033058
0 0.877000 0.875344 0.044000 0.034435
0 0.691000 0.770661 0.042000 0.033058
0 0.255500 0.610537 0.043000 0.033747
0 0.880000 0.718320 0.044000 0.034435
0 0.881000 0.770661 0.044000 0.034435
1 0.534000 0.394284 0.748000 0.055785
1 0.534000 0.476584 0.746000 0.110193