1 0.655500 0.150918 0.503000 0.059823
1 0.501000 0.092114 0.812000 0.057784
1 0.540000 0.209721 0.734000 0.057784
1 0.249500 0.150918 0.309000 0.059823
1 0.134000 0.209721 0.078000 0.057784
1 0.865000 0.326309 0.084000 0.058464
1 0.501000 0.267845 0.812000 0.058464
1 0.550500 0.326309 0.545000 0.058464
1 0.186500 0.326309 0.183000 0.058464
1 0.501000 0.384772 0.812000 0.058464
1 0.679000 0.501700 0.456000 0.058464
1 0.501000 0.443236 0.812000 0.058464
1 0.273000 0.501700 0.356000 0.058464
1 0.699500 0.560163 0.415000 0.058464
1 0.293500 0.560163 0.397000 0.058464
1 0.722500 0.617947 0.369000 0.057104
1 0.316500 0.617947 0.443000 0.057104
1 0.569500 0.676071 0.675000 0.059143
1 0.163500 0.676071 0.137000 0.059143
1 0.564500 0.792998 0.685000 0.059143
1 0.501000 0.734534 0.812000 0.057784
1 0.158500 0.792998 0.127000 0.059143
1 0.501000 0.882733 0.812000 0.120326
0 0.254500 0.794018 0.059000 0.047587
0 0.144000 0.911285 0.058000 0.045547
0 0.568000 0.616927 0.060000 0.046907
0 0.264500 0.675391 0.059000 0.044188
0 0.144000 0.384772 0.058000 0.046227
0 0.204000 0.211081 0.058000 0.045547
0 0.855000 0.325969 0.060000 0.044188
0 0.527500 0.559823 0.059000 0.048266
0 0.439500 0.151598 0.057000 0.044867
0 0.483000 0.501020 0.060000 0.044867
0 0.312500 0.326309 0.059000 0.044867