1 0.667500 0.663223 0.335000 0.056474
1 0.280000 0.184917 0.384000 0.055785
1 0.653000 0.185262 0.362000 0.056474
1 0.294500 0.663567 0.413000 0.055785
1 0.462000 0.560606 0.748000 0.052342
1 0.593500 0.768939 0.481000 0.051653
1 0.540500 0.505165 0.589000 0.058540
1 0.460500 0.448347 0.747000 0.055096
1 0.248000 0.397039 0.320000 0.048898
1 0.308000 0.610882 0.440000 0.048209
1 0.460500 0.717287 0.747000 0.051653
1 0.681000 0.610882 0.308000 0.048209
1 0.220000 0.768595 0.264000 0.052342
1 0.526500 0.292355 0.615000 0.051653
1 0.461500 0.345386 0.747000 0.054408
1 0.460500 0.239669 0.747000 0.053719
1 0.166500 0.505165 0.157000 0.058540
1 0.461000 0.850207 0.748000 0.112259
1 0.621500 0.397039 0.427000 0.048898
1 0.153000 0.292011 0.130000 0.052342
0 0.431000 0.398416 0.044000 0.033747
0 0.114500 0.874311 0.045000 0.033747
0 0.241000 0.290978 0.044000 0.033747
0 0.269500 0.503444 0.045000 0.034435
0 0.495500 0.186639 0.045000 0.034435
0 0.374500 0.768595 0.043000 0.034435
0 0.523000 0.664601 0.044000 0.034435
0 0.550000 0.611915 0.044000 0.033747
1 0.462500 0.127066 0.749000 0.059917