1 0.500500 0.092454 0.815000 0.058464
1 0.600000 0.151598 0.616000 0.059823
1 0.500500 0.210401 0.815000 0.057784
1 0.192500 0.151598 0.199000 0.059823
1 0.500500 0.267845 0.815000 0.057104
1 0.646000 0.325629 0.524000 0.058464
1 0.500500 0.384092 0.815000 0.058464
1 0.703500 0.442556 0.409000 0.058464
1 0.238500 0.325629 0.291000 0.058464
1 0.663000 0.501020 0.490000 0.058464
1 0.296000 0.442556 0.406000 0.058464
1 0.255500 0.501020 0.325000 0.058464
1 0.677500 0.559143 0.461000 0.057784
1 0.270000 0.559143 0.354000 0.057784
1 0.500500 0.617267 0.815000 0.058464
1 0.868000 0.733515 0.080000 0.058464
1 0.500500 0.675391 0.815000 0.057784
1 0.460500 0.733515 0.735000 0.058464
1 0.500500 0.792318 0.815000 0.059143
1 0.790500 0.850102 0.235000 0.056424
1 0.383000 0.850102 0.580000 0.056424
1 0.500500 0.908906 0.815000 0.061183
0 0.451000 0.497281 0.060000 0.046907
0 0.705000 0.848063 0.060000 0.045547
0 0.141500 0.615228 0.059000 0.046227
0 0.140500 0.908226 0.061000 0.046227
0 0.322500 0.149218 0.061000 0.044188
0 0.858500 0.732495 0.059000 0.046907
0 0.529500 0.439837 0.057000 0.044867
0 0.479500 0.556764 0.059000 0.047587
0 0.142000 0.208022 0.060000 0.046227
0 0.140000 0.732155 0.060000 0.046227
0 0.416500 0.322910 0.061000 0.046227