1 0.535000 0.584022 0.746000 0.217631
1 0.535500 0.799931 0.747000 0.214187
1 0.637500 0.448003 0.543000 0.054408
1 0.284000 0.288223 0.246000 0.053030
1 0.658000 0.288223 0.502000 0.053030
1 0.263000 0.448691 0.204000 0.054408
1 0.453500 0.393595 0.583000 0.054408
1 0.827000 0.393595 0.162000 0.054408
1 0.535500 0.340909 0.747000 0.050964
0 0.191500 0.879132 0.043000 0.032369
1 0.534500 0.178375 0.745000 0.166667
0 0.191000 0.664945 0.042000 0.032369
0 0.428500 0.290289 0.043000 0.032369
0 0.388000 0.448347 0.042000 0.033058
0 0.767000 0.396350 0.042000 0.032369