1 0.534500 0.396694 0.745000 0.158402
1 0.535000 0.798554 0.746000 0.215565
1 0.533500 0.584022 0.749000 0.101928
1 0.412000 0.662879 0.502000 0.055785
1 0.292000 0.182163 0.262000 0.054408
1 0.267500 0.289945 0.211000 0.055096
1 0.786000 0.662879 0.246000 0.055785
1 0.535000 0.235882 0.746000 0.053030
1 0.666000 0.182507 0.486000 0.053719
1 0.640500 0.289945 0.537000 0.055096
1 0.268000 0.504821 0.214000 0.056474
1 0.641500 0.505165 0.535000 0.057163
0 0.444500 0.185262 0.041000 0.031680
0 0.187000 0.880165 0.042000 0.031680
0 0.397000 0.508264 0.042000 0.031680
0 0.684500 0.667700 0.041000 0.030992
0 0.416500 0.293388 0.041000 0.031680
1 0.535500 0.126377 0.745000 0.058540