1 0.384000 0.663567 0.592000 0.055785
1 0.436000 0.557507 0.696000 0.055785
1 0.339000 0.236915 0.506000 0.052342
1 0.564500 0.450413 0.541000 0.049587
1 0.689500 0.346074 0.291000 0.053030
1 0.462000 0.610537 0.746000 0.050275
1 0.703500 0.821970 0.263000 0.054408
1 0.329000 0.821970 0.484000 0.054408
1 0.315500 0.346074 0.455000 0.053030
1 0.461500 0.502755 0.749000 0.053719
1 0.664000 0.291322 0.342000 0.056474
1 0.461500 0.399105 0.745000 0.053030
1 0.191000 0.450758 0.206000 0.050275
1 0.290000 0.291667 0.404000 0.055785
1 0.483000 0.717287 0.704000 0.051653
1 0.461000 0.878099 0.746000 0.057851
1 0.460500 0.768939 0.745000 0.051653
1 0.776000 0.236915 0.116000 0.052342
1 0.757500 0.663567 0.155000 0.055785
1 0.655000 0.237259 0.126000 0.053030
1 0.809500 0.557507 0.051000 0.055785
0 0.594000 0.823691 0.044000 0.034435
0 0.318500 0.452824 0.045000 0.033747
0 0.153500 0.716598 0.045000 0.033747
0 0.702000 0.664601 0.044000 0.034435
0 0.740500 0.242080 0.045000 0.033747
0 0.516000 0.293044 0.044000 0.033747
0 0.130500 0.875689 0.045000 0.033747
1 0.109000 0.716942 0.044000 0.050964
0 0.615500 0.241736 0.045000 0.033058
0 0.806500 0.559573 0.045000 0.033747
0 0.565000 0.346419 0.044000 0.034435