1 0.544500 0.151598 0.723000 0.057104
1 0.498500 0.093474 0.815000 0.059143
1 0.587500 0.268185 0.637000 0.057784
1 0.498500 0.209721 0.815000 0.059143
1 0.137000 0.151598 0.092000 0.057104
1 0.180000 0.268185 0.178000 0.057784
1 0.578500 0.443236 0.655000 0.058464
1 0.498500 0.355540 0.815000 0.116927
1 0.760500 0.560163 0.291000 0.057104
1 0.171000 0.443236 0.160000 0.058464
1 0.498500 0.502039 0.815000 0.059143
1 0.353000 0.560163 0.524000 0.057104
1 0.498500 0.618287 0.815000 0.059143
1 0.757500 0.735554 0.297000 0.058464
1 0.498500 0.677090 0.815000 0.058464
1 0.350000 0.735554 0.518000 0.058464
1 0.586500 0.793678 0.639000 0.057784
1 0.179000 0.793678 0.176000 0.057784
1 0.498500 0.883073 0.815000 0.121006
0 0.141500 0.912305 0.059000 0.044867
0 0.141000 0.617267 0.058000 0.046227
0 0.650000 0.559823 0.060000 0.046907
0 0.643500 0.735554 0.061000 0.044867
0 0.219000 0.150918 0.058000 0.044867
0 0.283000 0.442216 0.060000 0.046907
0 0.299000 0.794018 0.062000 0.047587
0 0.306500 0.268185 0.057000 0.046907