1 0.460500 0.294766 0.747000 0.162534
1 0.358000 0.558540 0.540000 0.053719
1 0.237000 0.612603 0.298000 0.054408
1 0.208000 0.823347 0.242000 0.054408
1 0.611000 0.612603 0.448000 0.054408
1 0.626500 0.401515 0.417000 0.050964
1 0.253000 0.401860 0.330000 0.051653
1 0.385000 0.878788 0.594000 0.056474
1 0.628000 0.717975 0.414000 0.050275
1 0.581500 0.823347 0.505000 0.054408
1 0.461000 0.453512 0.746000 0.053030
1 0.731000 0.558540 0.208000 0.053719
1 0.435000 0.505510 0.694000 0.052342
1 0.541500 0.666322 0.587000 0.053030
1 0.254500 0.717631 0.333000 0.050964
1 0.460500 0.769628 0.747000 0.053030
1 0.168000 0.666322 0.160000 0.053030
1 0.758000 0.878788 0.154000 0.056474
1 0.808500 0.505510 0.053000 0.052342
1 0.461500 0.154614 0.747000 0.116391
0 0.115000 0.188705 0.046000 0.034435
0 0.409500 0.613636 0.045000 0.034435
0 0.442000 0.720386 0.044000 0.033058
0 0.441500 0.398760 0.045000 0.034435
0 0.117500 0.878788 0.045000 0.034435
0 0.350500 0.826102 0.043000 0.033747
0 0.649500 0.558540 0.043000 0.034435
0 0.270000 0.667011 0.044000 0.033747
0 0.703000 0.880165 0.044000 0.034435
0 0.804500 0.505854 0.045000 0.033747