1 0.460000 0.423898 0.750000 0.106749
1 0.462000 0.609160 0.746000 0.159091
1 0.677000 0.183196 0.316000 0.055096
1 0.304000 0.183196 0.432000 0.055096
1 0.461500 0.824380 0.747000 0.163912
1 0.189500 0.290978 0.203000 0.057163
1 0.461500 0.236570 0.747000 0.051653
1 0.212000 0.344697 0.248000 0.051653
1 0.259000 0.715909 0.342000 0.054408
1 0.435500 0.503099 0.695000 0.051653
1 0.585500 0.345041 0.499000 0.050964
1 0.563000 0.290978 0.542000 0.057163
1 0.633500 0.715909 0.403000 0.054408
1 0.809500 0.503099 0.053000 0.051653
0 0.115000 0.878788 0.046000 0.034435
0 0.315500 0.296488 0.045000 0.035124
0 0.544500 0.185950 0.047000 0.034435
0 0.454000 0.720386 0.046000 0.034435
0 0.807000 0.507920 0.046000 0.033747
0 0.361000 0.347107 0.046000 0.034435
1 0.460500 0.126033 0.747000 0.059229