1 0.503500 0.092454 0.813000 0.058464
1 0.675500 0.150918 0.469000 0.058464
1 0.867000 0.209381 0.086000 0.058464
1 0.269000 0.150918 0.344000 0.058464
1 0.503500 0.296737 0.813000 0.116247
1 0.621500 0.384432 0.577000 0.059143
1 0.460500 0.209381 0.727000 0.058464
1 0.503500 0.559823 0.813000 0.291638
1 0.866500 0.734534 0.087000 0.057784
1 0.215000 0.384432 0.236000 0.059143
1 0.797000 0.851801 0.226000 0.057104
1 0.503500 0.793338 0.813000 0.059823
1 0.460000 0.734534 0.726000 0.057784
1 0.503500 0.911625 0.813000 0.062542
1 0.390500 0.851801 0.587000 0.057104
0 0.146000 0.911965 0.060000 0.045547
0 0.856000 0.737254 0.060000 0.044188
0 0.717000 0.852481 0.058000 0.044867
0 0.364000 0.386812 0.058000 0.048946
0 0.856500 0.209721 0.061000 0.046907
0 0.475500 0.152617 0.059000 0.045547