1 0.689000 0.093474 0.434000 0.059143
1 0.282500 0.093474 0.379000 0.059143
1 0.683500 0.152277 0.445000 0.058464
1 0.277000 0.152277 0.368000 0.058464
1 0.736500 0.210401 0.339000 0.057784
1 0.825000 0.268865 0.162000 0.059143
1 0.330000 0.210401 0.474000 0.057784
1 0.418500 0.268865 0.651000 0.059143
1 0.683000 0.327328 0.446000 0.057784
1 0.276500 0.327328 0.367000 0.057784
1 0.817500 0.385112 0.177000 0.057784
1 0.501500 0.385112 0.455000 0.057784
1 0.183500 0.385112 0.181000 0.057784
1 0.784500 0.443576 0.243000 0.059143
1 0.724500 0.502039 0.363000 0.057784
1 0.378000 0.443576 0.570000 0.059143
1 0.365000 0.502039 0.356000 0.057784
1 0.140000 0.502039 0.094000 0.057784
1 0.822000 0.618967 0.168000 0.057784
1 0.499500 0.560503 0.813000 0.059143
1 0.415500 0.618967 0.645000 0.057784
1 0.782500 0.735554 0.247000 0.058464
1 0.499500 0.677090 0.813000 0.058464
1 0.376000 0.735554 0.566000 0.058464
1 0.824000 0.793678 0.164000 0.057784
1 0.799000 0.851462 0.214000 0.057784
1 0.417500 0.793678 0.649000 0.057784
1 0.392500 0.851462 0.599000 0.057784
1 0.499500 0.911625 0.813000 0.062542
0 0.141000 0.617267 0.058000 0.046227
0 0.770500 0.618287 0.059000 0.046907
0 0.773500 0.793338 0.059000 0.047587
0 0.141000 0.267505 0.058000 0.046907
0 0.759500 0.385452 0.059000 0.046227
0 0.694000 0.736234 0.058000 0.044867
0 0.724500 0.851462 0.059000 0.044188
0 0.142000 0.909245 0.058000 0.046907
0 0.494000 0.152277 0.058000 0.044867
0 0.574500 0.503739 0.057000 0.046227
0 0.695000 0.443916 0.058000 0.047587
0 0.600000 0.210401 0.060000 0.045547
0 0.306500 0.385112 0.059000 0.046907
0 0.218000 0.503739 0.058000 0.046227
0 0.503000 0.093134 0.062000 0.048946
0 0.778000 0.267505 0.060000 0.048266
0 0.489500 0.324949 0.059000 0.044867
0 0.142000 0.152277 0.060000 0.044867