1 0.288000 0.339532 0.400000 0.053719
1 0.661500 0.339532 0.347000 0.053719
1 0.547500 0.714532 0.575000 0.053030
1 0.595500 0.820248 0.479000 0.055096
1 0.648500 0.229339 0.373000 0.053719
1 0.461500 0.284435 0.745000 0.056474
1 0.275000 0.229683 0.374000 0.053030
1 0.525000 0.553030 0.616000 0.056474
1 0.461000 0.634642 0.746000 0.106749
1 0.221500 0.819904 0.267000 0.054408
1 0.461000 0.496901 0.748000 0.054408
1 0.173500 0.714532 0.171000 0.053030
1 0.492000 0.766873 0.686000 0.051653
1 0.461000 0.393595 0.746000 0.054408
1 0.242000 0.445248 0.308000 0.048898
1 0.461500 0.877410 0.749000 0.059229
1 0.615500 0.445248 0.439000 0.048898
1 0.152500 0.553030 0.129000 0.056474
1 0.118000 0.766873 0.060000 0.053030
0 0.281000 0.714187 0.044000 0.034435
0 0.114500 0.285124 0.045000 0.034435
0 0.171000 0.767906 0.044000 0.034435
0 0.485000 0.232438 0.044000 0.035124
0 0.119000 0.873967 0.046000 0.034435
0 0.511500 0.338154 0.045000 0.034435
0 0.239000 0.554063 0.044000 0.033747
0 0.417500 0.447314 0.043000 0.033747
0 0.377500 0.821625 0.043000 0.034435