1 0.580000 0.151937 0.650000 0.057784
1 0.499000 0.093474 0.812000 0.059143
1 0.174000 0.151937 0.162000 0.057784
1 0.660000 0.210401 0.490000 0.059143
1 0.254000 0.210401 0.322000 0.059143
1 0.698500 0.326649 0.413000 0.057784
1 0.499000 0.268865 0.812000 0.057784
1 0.292500 0.326649 0.399000 0.057784
1 0.714000 0.443576 0.382000 0.059143
1 0.499000 0.384772 0.812000 0.058464
1 0.308000 0.443576 0.430000 0.059143
1 0.499000 0.560163 0.812000 0.174031
1 0.770500 0.676411 0.269000 0.058464
1 0.364500 0.676411 0.543000 0.058464
1 0.571000 0.792998 0.668000 0.059143
1 0.499000 0.734534 0.812000 0.057784
1 0.165000 0.792998 0.144000 0.059143
1 0.598500 0.851122 0.613000 0.057104
1 0.192500 0.851122 0.199000 0.057104
1 0.499000 0.911625 0.812000 0.063902
0 0.327000 0.852141 0.060000 0.044188
0 0.144000 0.911965 0.060000 0.044188
0 0.444000 0.211081 0.060000 0.045547
0 0.270500 0.794018 0.059000 0.047587
0 0.671500 0.677430 0.059000 0.045547
0 0.553500 0.443236 0.061000 0.047587
0 0.525500 0.327328 0.059000 0.044188
0 0.290000 0.152277 0.058000 0.044867