1 0.536500 0.150578 0.741000 0.059143
1 0.499500 0.091434 0.815000 0.059143
1 0.129000 0.150578 0.074000 0.059143
1 0.499500 0.238273 0.815000 0.116247
1 0.865500 0.325629 0.083000 0.058464
1 0.458000 0.325629 0.732000 0.058464
1 0.499500 0.471788 0.815000 0.233855
1 0.762500 0.617947 0.289000 0.058464
1 0.355000 0.617947 0.526000 0.058464
1 0.721000 0.793338 0.372000 0.058464
1 0.499500 0.705642 0.815000 0.116927
1 0.313500 0.793338 0.443000 0.058464
1 0.499500 0.882393 0.815000 0.119646
0 0.568500 0.794697 0.059000 0.046227
0 0.135500 0.912305 0.059000 0.044867
0 0.855500 0.324609 0.061000 0.044188
0 0.199500 0.150918 0.059000 0.044867
0 0.646500 0.616587 0.061000 0.047587