1 0.500500 0.091094 0.815000 0.058464
1 0.500500 0.149218 0.815000 0.057784
1 0.687500 0.265466 0.441000 0.057784
1 0.500500 0.207342 0.815000 0.058464
1 0.280000 0.265466 0.374000 0.057784
1 0.752000 0.323249 0.312000 0.057784
1 0.344500 0.323249 0.503000 0.057784
1 0.790500 0.381033 0.235000 0.057784
1 0.383000 0.381033 0.580000 0.057784
1 0.768500 0.497281 0.279000 0.057784
1 0.500500 0.439157 0.815000 0.058464
1 0.361000 0.497281 0.536000 0.057784
1 0.500500 0.555404 0.815000 0.058464
1 0.500500 0.711761 0.815000 0.108770
1 0.500500 0.795037 0.815000 0.057784
1 0.567500 0.852481 0.681000 0.057104
1 0.160000 0.852481 0.134000 0.057104
1 0.799500 0.911965 0.217000 0.061863
1 0.392000 0.911965 0.598000 0.061863
0 0.727000 0.911625 0.060000 0.044867
0 0.140500 0.554725 0.059000 0.046227
0 0.141000 0.091094 0.058000 0.044867
0 0.142000 0.911965 0.058000 0.044188
0 0.142000 0.149898 0.058000 0.044188
0 0.626500 0.321890 0.059000 0.045547
0 0.502500 0.265466 0.059000 0.046907
0 0.260500 0.851122 0.059000 0.044867
0 0.661000 0.497281 0.060000 0.045547
0 0.141500 0.735554 0.059000 0.046227
0 0.707000 0.380354 0.060000 0.046907