1 0.743500 0.092454 0.323000 0.057104
1 0.482500 0.092454 0.199000 0.057104
1 0.864500 0.150238 0.081000 0.058464
1 0.238500 0.092454 0.289000 0.057104
1 0.617500 0.150238 0.413000 0.058464
1 0.613000 0.208362 0.584000 0.057784
1 0.252500 0.150238 0.317000 0.058464
1 0.814500 0.265466 0.181000 0.056424
1 0.207500 0.208362 0.227000 0.057784
1 0.553000 0.265466 0.342000 0.056424
1 0.238000 0.265466 0.288000 0.056424
1 0.739500 0.322910 0.331000 0.058464
1 0.408500 0.322910 0.331000 0.058464
1 0.168500 0.322910 0.149000 0.058464
1 0.776500 0.381033 0.257000 0.057784
1 0.501500 0.381033 0.293000 0.057784
1 0.864500 0.438477 0.083000 0.057104
1 0.224500 0.381033 0.261000 0.057784
1 0.691500 0.438477 0.263000 0.057104
1 0.366500 0.438477 0.387000 0.057104
1 0.736500 0.496261 0.337000 0.058464
1 0.133500 0.438477 0.079000 0.057104
1 0.377000 0.496261 0.382000 0.058464
1 0.689500 0.554045 0.431000 0.057104
1 0.140000 0.496261 0.092000 0.058464
1 0.318000 0.554045 0.312000 0.057104
1 0.128000 0.554045 0.068000 0.057104
1 0.751500 0.611149 0.307000 0.057104
1 0.449500 0.611149 0.297000 0.057104
1 0.814000 0.668933 0.182000 0.058464
1 0.197500 0.611149 0.207000 0.057104
1 0.558000 0.668933 0.330000 0.058464
1 0.756500 0.726717 0.297000 0.057104
1 0.243500 0.668933 0.299000 0.058464
1 0.444000 0.726717 0.328000 0.057104
1 0.792000 0.783821 0.226000 0.057104
1 0.187000 0.726717 0.186000 0.057104
1 0.386500 0.783821 0.585000 0.057104
1 0.708500 0.841604 0.395000 0.058464
1 0.302500 0.841604 0.417000 0.058464
0 0.641500 0.725357 0.059000 0.043508
0 0.853500 0.438817 0.059000 0.044188
0 0.218500 0.495241 0.059000 0.045547
0 0.856500 0.149898 0.061000 0.044188
0 0.711500 0.783821 0.061000 0.044867
0 0.545500 0.841264 0.061000 0.045547
0 0.753000 0.668933 0.060000 0.046227
0 0.144500 0.784160 0.059000 0.045547
0 0.442500 0.149898 0.059000 0.044188
0 0.680500 0.380354 0.061000 0.046907
0 0.144500 0.840585 0.059000 0.044188
0 0.313500 0.726037 0.059000 0.043508
0 0.332500 0.610129 0.059000 0.044188
0 0.195000 0.554385 0.058000 0.045547
0 0.203500 0.438137 0.059000 0.044188
0 0.627000 0.610469 0.060000 0.044867
0 0.601000 0.494901 0.060000 0.044867
0 0.272500 0.322570 0.059000 0.045547
0 0.424500 0.668593 0.061000 0.046907
0 0.507500 0.554725 0.059000 0.046227
0 0.756000 0.265126 0.060000 0.046227
0 0.607500 0.322910 0.059000 0.044867
0 0.414000 0.092114 0.060000 0.046907
0 0.412000 0.265466 0.062000 0.045547
0 0.144500 0.265126 0.059000 0.044867
0 0.592000 0.438817 0.058000 0.044188
0 0.388000 0.380354 0.060000 0.046907
0 0.613500 0.091774 0.059000 0.047587
0 0.351000 0.204963 0.062000 0.046907