1 0.460500 0.716942 0.747000 0.158402
1 0.508000 0.611570 0.656000 0.052342
1 0.511500 0.186295 0.645000 0.050275
1 0.264500 0.238636 0.353000 0.053030
1 0.597000 0.558540 0.476000 0.053719
1 0.223000 0.558540 0.270000 0.053719
1 0.234000 0.342975 0.292000 0.053719
1 0.638000 0.238636 0.392000 0.053030
1 0.200000 0.450069 0.224000 0.051653
1 0.572500 0.450069 0.523000 0.051653
1 0.462000 0.503788 0.746000 0.055785
1 0.608000 0.343320 0.454000 0.053030
1 0.461500 0.878444 0.745000 0.057163
1 0.182000 0.823003 0.186000 0.053719
1 0.460000 0.290978 0.746000 0.051653
1 0.460500 0.397039 0.747000 0.054408
1 0.138000 0.186295 0.100000 0.050275
1 0.554000 0.823003 0.560000 0.053719
1 0.133500 0.611915 0.091000 0.053030
0 0.296000 0.826791 0.042000 0.032369
0 0.209000 0.189738 0.042000 0.032369
0 0.402000 0.348829 0.042000 0.032369
0 0.462500 0.242769 0.041000 0.032369
0 0.124500 0.879821 0.043000 0.032369
0 0.333000 0.455234 0.042000 0.031680
0 0.379500 0.563017 0.043000 0.032369
0 0.201500 0.615014 0.043000 0.031680
1 0.463000 0.128788 0.752000 0.064738