1 0.535500 0.093814 0.741000 0.059823
1 0.702000 0.152617 0.408000 0.057784
1 0.131000 0.093814 0.068000 0.059823
1 0.297500 0.152617 0.401000 0.057784
1 0.501500 0.210401 0.809000 0.057784
1 0.738500 0.268525 0.335000 0.058464
1 0.334000 0.268525 0.474000 0.058464
1 0.730000 0.327328 0.352000 0.059143
1 0.807500 0.386132 0.197000 0.058464
1 0.325500 0.327328 0.457000 0.059143
1 0.494500 0.386132 0.429000 0.058464
1 0.188500 0.386132 0.183000 0.058464
1 0.779000 0.444256 0.254000 0.057784
1 0.412500 0.444256 0.479000 0.057784
1 0.655500 0.502039 0.501000 0.057784
1 0.135000 0.444256 0.076000 0.057784
1 0.817000 0.560503 0.178000 0.059143
1 0.251000 0.502039 0.308000 0.057784
1 0.550500 0.560503 0.355000 0.059143
1 0.771000 0.618967 0.270000 0.057784
1 0.235000 0.560503 0.276000 0.059143
1 0.410000 0.618967 0.452000 0.057784
1 0.140500 0.618967 0.087000 0.057784
1 0.708500 0.676751 0.395000 0.057784
1 0.863000 0.735214 0.086000 0.059143
1 0.304000 0.676751 0.414000 0.057784
1 0.638000 0.735214 0.364000 0.059143
1 0.863500 0.793678 0.085000 0.057784
1 0.276500 0.735214 0.359000 0.059143
1 0.596000 0.793678 0.450000 0.057784
1 0.815000 0.851801 0.182000 0.058464
1 0.234000 0.793678 0.274000 0.057784
1 0.864000 0.911965 0.084000 0.061863
1 0.410500 0.851801 0.627000 0.058464
1 0.459500 0.911965 0.725000 0.061863
0 0.853000 0.735894 0.060000 0.045547
0 0.853500 0.792318 0.061000 0.045547
0 0.489500 0.735214 0.059000 0.046907
0 0.852500 0.914684 0.059000 0.044188
0 0.144000 0.914344 0.058000 0.044867
0 0.403500 0.792318 0.061000 0.046907
0 0.742500 0.385112 0.061000 0.046907
0 0.404500 0.560843 0.059000 0.044867
0 0.601500 0.267505 0.059000 0.046907
0 0.311500 0.385112 0.059000 0.045547
0 0.542000 0.676751 0.062000 0.045547
0 0.218500 0.617947 0.059000 0.047587
0 0.196500 0.092454 0.059000 0.047587
0 0.204000 0.442896 0.060000 0.048266
0 0.143500 0.267505 0.057000 0.046907
0 0.669500 0.617947 0.059000 0.047587
0 0.686500 0.442556 0.059000 0.047587
0 0.439000 0.501700 0.058000 0.044867
0 0.755500 0.852141 0.059000 0.044188
0 0.144500 0.210061 0.059000 0.046227
0 0.531000 0.151258 0.058000 0.044188
0 0.757500 0.560503 0.057000 0.045547
0 0.585000 0.326649 0.058000 0.044188