1 0.460500 0.475207 0.747000 0.107438
1 0.315000 0.288223 0.454000 0.055785
1 0.343000 0.232782 0.510000 0.055096
1 0.530000 0.664256 0.608000 0.054408
1 0.688500 0.288223 0.293000 0.055785
1 0.435500 0.556474 0.695000 0.053719
1 0.460500 0.797865 0.747000 0.103994
1 0.461000 0.610193 0.748000 0.053719
1 0.716500 0.232782 0.237000 0.055096
1 0.609500 0.341942 0.451000 0.051653
1 0.236000 0.341942 0.296000 0.051653
1 0.462000 0.878444 0.748000 0.057163
1 0.149500 0.394284 0.125000 0.053030
1 0.524000 0.394284 0.622000 0.053030
1 0.461500 0.719008 0.747000 0.055096
1 0.461000 0.150138 0.746000 0.110193
1 0.157000 0.664256 0.138000 0.054408
1 0.810000 0.556474 0.050000 0.053719
0 0.115000 0.827824 0.046000 0.034435
0 0.407500 0.344353 0.045000 0.034435
0 0.621000 0.238292 0.044000 0.034435
0 0.118500 0.721419 0.045000 0.035124
0 0.234000 0.398072 0.044000 0.034435
0 0.120500 0.881543 0.045000 0.034435
0 0.248000 0.668044 0.044000 0.034435
0 0.807000 0.559229 0.044000 0.034435
0 0.563000 0.292011 0.044000 0.034435