1 0.461000 0.632576 0.746000 0.108127
1 0.461000 0.526860 0.746000 0.104683
1 0.460000 0.739325 0.748000 0.106749
1 0.265500 0.819904 0.355000 0.054408
1 0.460500 0.206956 0.747000 0.108127
1 0.436500 0.288567 0.697000 0.055096
1 0.326500 0.446625 0.477000 0.054408
1 0.469500 0.341253 0.413000 0.050275
1 0.461000 0.392906 0.746000 0.053030
1 0.700000 0.446625 0.270000 0.054408
1 0.638500 0.819904 0.393000 0.054408
1 0.304000 0.125000 0.304000 0.054408
1 0.645000 0.124656 0.378000 0.055096
1 0.755000 0.341253 0.160000 0.050275
1 0.175500 0.341253 0.175000 0.050275
1 0.463000 0.876722 0.744000 0.059229
1 0.810500 0.288567 0.049000 0.055096
1 0.119500 0.125000 0.063000 0.054408
0 0.173000 0.128099 0.042000 0.033058
0 0.113500 0.662190 0.043000 0.032369
0 0.114500 0.554752 0.043000 0.032369
0 0.116500 0.874656 0.043000 0.033058
0 0.586500 0.450413 0.041000 0.033058
0 0.696500 0.344008 0.041000 0.032369
0 0.285000 0.342631 0.042000 0.032369
0 0.478000 0.128788 0.042000 0.033058
0 0.463500 0.825069 0.043000 0.033058
0 0.808000 0.289256 0.044000 0.033058