1 0.331500 0.877755 0.489000 0.057163
1 0.668000 0.449380 0.330000 0.050275
1 0.460500 0.633264 0.747000 0.105372
1 0.645500 0.397727 0.375000 0.053030
1 0.690500 0.711777 0.287000 0.050275
1 0.692000 0.501377 0.282000 0.053719
1 0.404000 0.711777 0.286000 0.050275
1 0.672500 0.821281 0.321000 0.057163
1 0.319000 0.501377 0.464000 0.053719
1 0.650000 0.344697 0.366000 0.053030
1 0.367500 0.821281 0.289000 0.057163
1 0.705500 0.878099 0.255000 0.057851
1 0.276500 0.344697 0.381000 0.053030
1 0.273000 0.397727 0.372000 0.053030
1 0.174500 0.711777 0.175000 0.051653
1 0.237500 0.765152 0.303000 0.055096
1 0.759500 0.765152 0.147000 0.055096
1 0.294500 0.449380 0.415000 0.050275
1 0.537000 0.764807 0.296000 0.055785
1 0.396000 0.554752 0.620000 0.053030
1 0.459500 0.265152 0.747000 0.106061
1 0.155000 0.820937 0.136000 0.056474
1 0.771000 0.554063 0.124000 0.051653
0 0.186500 0.555441 0.045000 0.033747
0 0.118500 0.877066 0.045000 0.033747
0 0.115500 0.402548 0.045000 0.033747
0 0.489000 0.349518 0.044000 0.033747
0 0.412500 0.765496 0.045000 0.033747
0 0.533500 0.821625 0.043000 0.034435
0 0.285500 0.710744 0.045000 0.034435
0 0.120500 0.764118 0.045000 0.033747
0 0.243500 0.820592 0.043000 0.033747
0 0.621000 0.878099 0.044000 0.034435
0 0.114000 0.185606 0.044000 0.033747
0 0.482000 0.402548 0.044000 0.033747
0 0.732500 0.555441 0.045000 0.033747
0 0.570000 0.712466 0.044000 0.033747
0 0.524500 0.455579 0.043000 0.033747
0 0.574000 0.505854 0.044000 0.033747
1 0.459000 0.152548 0.746000 0.116391
0 0.709000 0.765840 0.044000 0.034435
0 0.118500 0.349174 0.045000 0.033058