1 0.499000 0.093134 0.812000 0.058464
1 0.624000 0.151258 0.562000 0.057784
1 0.499000 0.209721 0.812000 0.059143
1 0.679000 0.268185 0.452000 0.057784
1 0.218000 0.151258 0.250000 0.057784
1 0.499000 0.326649 0.812000 0.059143
1 0.635500 0.385112 0.539000 0.057784
1 0.273000 0.268185 0.360000 0.057784
1 0.499000 0.442896 0.812000 0.057784
1 0.656000 0.501360 0.498000 0.059143
1 0.229500 0.385112 0.273000 0.057784
1 0.250000 0.501360 0.314000 0.059143
1 0.499000 0.559823 0.812000 0.057784
1 0.670000 0.618287 0.470000 0.059143
1 0.499000 0.706322 0.812000 0.116927
1 0.264000 0.618287 0.342000 0.059143
1 0.577500 0.793678 0.655000 0.057784
1 0.171500 0.793678 0.157000 0.057784
1 0.499000 0.882733 0.812000 0.120326
0 0.143000 0.909925 0.060000 0.046907
0 0.282000 0.791298 0.060000 0.046227
0 0.396500 0.383413 0.061000 0.047587
0 0.376500 0.150238 0.061000 0.044867
0 0.485000 0.267505 0.064000 0.048266
0 0.438500 0.499660 0.059000 0.044867
0 0.468500 0.616927 0.059000 0.046907