1 0.499500 0.118967 0.815000 0.118287
1 0.617000 0.207342 0.580000 0.058464
1 0.209500 0.207342 0.235000 0.058464
1 0.563000 0.323929 0.688000 0.057784
1 0.499500 0.265806 0.815000 0.058464
1 0.570500 0.441536 0.673000 0.059143
1 0.155500 0.323929 0.127000 0.057784
1 0.499500 0.382393 0.815000 0.059143
1 0.654000 0.558464 0.506000 0.059143
1 0.499500 0.500000 0.815000 0.057784
1 0.163000 0.441536 0.142000 0.059143
1 0.246500 0.558464 0.309000 0.059143
1 0.499500 0.646499 0.815000 0.116927
1 0.693500 0.734194 0.427000 0.058464
1 0.286000 0.734194 0.388000 0.058464
1 0.499500 0.792318 0.815000 0.057784
1 0.863500 0.850782 0.087000 0.059143
1 0.456000 0.850782 0.728000 0.059143
1 0.499500 0.911285 0.815000 0.061863
0 0.514500 0.734874 0.063000 0.048946
0 0.143500 0.911285 0.059000 0.045547
0 0.265500 0.440857 0.061000 0.046907
0 0.857000 0.850442 0.060000 0.044867
0 0.256000 0.323589 0.060000 0.044867
0 0.359000 0.207342 0.060000 0.047587
0 0.435500 0.558804 0.059000 0.046227