1 0.280500 0.662534 0.239000 0.055096
1 0.654000 0.662534 0.508000 0.055096
1 0.534500 0.582645 0.747000 0.104683
1 0.452000 0.294421 0.580000 0.055785
1 0.262000 0.770661 0.200000 0.053719
1 0.336500 0.451446 0.351000 0.055785
1 0.601000 0.185606 0.612000 0.054408
1 0.710500 0.451791 0.397000 0.056474
1 0.620500 0.347796 0.575000 0.050964
1 0.535000 0.851584 0.748000 0.109504
1 0.534500 0.716942 0.747000 0.053719
1 0.534500 0.239669 0.747000 0.053719
1 0.537500 0.398072 0.743000 0.050964
1 0.534500 0.504821 0.747000 0.050964
1 0.635000 0.770661 0.546000 0.053719
1 0.247000 0.347796 0.172000 0.050964
1 0.578500 0.128444 0.661000 0.059917
1 0.228000 0.185606 0.134000 0.054408
1 0.825500 0.294766 0.165000 0.056474
1 0.204500 0.128444 0.087000 0.059917
0 0.316500 0.190427 0.043000 0.032369
0 0.189500 0.881198 0.043000 0.032369
0 0.187000 0.508609 0.042000 0.032369
0 0.270000 0.137052 0.042000 0.031680
0 0.354000 0.349862 0.042000 0.031680
0 0.420500 0.668044 0.041000 0.031680
0 0.383000 0.774793 0.042000 0.031680
0 0.532500 0.455923 0.041000 0.031680
0 0.764000 0.297865 0.042000 0.032369