1 0.460000 0.581267 0.746000 0.104683
1 0.461500 0.821970 0.747000 0.164601
1 0.501000 0.713843 0.668000 0.051653
1 0.346500 0.661157 0.517000 0.055096
1 0.720000 0.661157 0.230000 0.055096
1 0.184500 0.286501 0.193000 0.053719
1 0.241000 0.501033 0.306000 0.055785
1 0.515500 0.177686 0.635000 0.056474
1 0.461500 0.232438 0.745000 0.054408
1 0.558500 0.286501 0.553000 0.052342
1 0.614500 0.501033 0.441000 0.055785
1 0.461500 0.339187 0.747000 0.053030
1 0.460500 0.445937 0.745000 0.053030
1 0.489000 0.392562 0.690000 0.053719
1 0.142500 0.177686 0.109000 0.056474
1 0.127500 0.714187 0.079000 0.050964
1 0.116000 0.392562 0.056000 0.053719
0 0.114500 0.881543 0.045000 0.034435
0 0.165500 0.398416 0.043000 0.033747
0 0.306000 0.292011 0.046000 0.034435
0 0.626000 0.665978 0.044000 0.034435
0 0.417500 0.506887 0.045000 0.034435
0 0.189500 0.720730 0.045000 0.033747
0 0.220000 0.184229 0.044000 0.033747
1 0.463500 0.121901 0.751000 0.055096