1 0.502000 0.123385 0.806000 0.116247
1 0.502000 0.268865 0.806000 0.174711
1 0.653500 0.443916 0.503000 0.058464
1 0.502000 0.385452 0.806000 0.058464
1 0.656000 0.560503 0.498000 0.059143
1 0.250500 0.443916 0.303000 0.058464
1 0.502000 0.502039 0.806000 0.057784
1 0.684000 0.677090 0.442000 0.058464
1 0.253000 0.560503 0.308000 0.059143
1 0.502000 0.618967 0.806000 0.057784
1 0.633000 0.793678 0.544000 0.057784
1 0.281000 0.677090 0.364000 0.058464
1 0.502000 0.735554 0.806000 0.058464
1 0.502000 0.882733 0.806000 0.120326
1 0.230000 0.793678 0.262000 0.057784
0 0.145500 0.911625 0.059000 0.046227
0 0.145500 0.151598 0.059000 0.044867
0 0.145500 0.325969 0.059000 0.044188
0 0.437500 0.560503 0.059000 0.048266
0 0.433000 0.442556 0.060000 0.047587
0 0.393000 0.791978 0.060000 0.046227
0 0.495500 0.676751 0.059000 0.044188