1 0.500500 0.119986 0.815000 0.117607
1 0.541500 0.208022 0.733000 0.058464
1 0.500500 0.295717 0.815000 0.116927
1 0.134000 0.208022 0.082000 0.058464
1 0.670500 0.383753 0.475000 0.059143
1 0.571000 0.500340 0.674000 0.058464
1 0.263000 0.383753 0.340000 0.059143
1 0.500500 0.442216 0.815000 0.057784
1 0.585500 0.558804 0.645000 0.058464
1 0.163500 0.500340 0.141000 0.058464
1 0.178000 0.558804 0.170000 0.058464
1 0.500500 0.647179 0.815000 0.118287
1 0.795500 0.734874 0.225000 0.057104
1 0.388000 0.734874 0.590000 0.057104
1 0.656500 0.792998 0.503000 0.059143
1 0.249000 0.792998 0.312000 0.059143
1 0.561000 0.851462 0.694000 0.057784
1 0.153500 0.851462 0.121000 0.057784
1 0.500500 0.911965 0.815000 0.063222
0 0.439500 0.792658 0.059000 0.047587
0 0.143500 0.911625 0.059000 0.046227
0 0.715500 0.734534 0.059000 0.046907
0 0.296500 0.558124 0.061000 0.047587
0 0.208000 0.207002 0.062000 0.046907
0 0.265000 0.499320 0.060000 0.044188
0 0.244000 0.850782 0.060000 0.044188
0 0.464500 0.383073 0.061000 0.048266