1 0.461000 0.420110 0.746000 0.216253
1 0.461500 0.608471 0.747000 0.160468
1 0.434500 0.715909 0.695000 0.054408
1 0.462000 0.769628 0.746000 0.053030
1 0.367500 0.822658 0.559000 0.053030
1 0.432500 0.286501 0.691000 0.053719
1 0.460500 0.878099 0.747000 0.057851
1 0.741000 0.822658 0.188000 0.053030
1 0.461500 0.178030 0.747000 0.165978
1 0.807000 0.286846 0.056000 0.053030
1 0.809000 0.715909 0.052000 0.054408
0 0.119500 0.507576 0.045000 0.034435
0 0.123500 0.879821 0.045000 0.033747
0 0.668500 0.825413 0.043000 0.033747
0 0.807000 0.717631 0.046000 0.034435
0 0.802500 0.294421 0.045000 0.033747