1 0.459000 0.285468 0.746000 0.383609
1 0.522000 0.878099 0.340000 0.057851
1 0.210500 0.662534 0.249000 0.056474
1 0.480000 0.662879 0.290000 0.055785
1 0.187000 0.768251 0.200000 0.053030
1 0.411500 0.609848 0.179000 0.050275
1 0.734500 0.609848 0.197000 0.050275
1 0.577500 0.822314 0.213000 0.055096
1 0.219500 0.878099 0.267000 0.057851
1 0.729000 0.662879 0.208000 0.055785
1 0.421500 0.715909 0.305000 0.050275
1 0.463000 0.767906 0.350000 0.053719
1 0.460000 0.531336 0.746000 0.106749
1 0.327500 0.821970 0.287000 0.055785
1 0.204000 0.609504 0.236000 0.049587
1 0.703500 0.715909 0.259000 0.050275
1 0.736000 0.767906 0.194000 0.053719
1 0.758500 0.822314 0.151000 0.055096
1 0.177500 0.716253 0.181000 0.050964
1 0.763000 0.878099 0.140000 0.057851
1 0.569500 0.609848 0.133000 0.048898
1 0.135000 0.821970 0.096000 0.055785
0 0.658500 0.610537 0.043000 0.033747
0 0.206500 0.824380 0.045000 0.034435
0 0.356000 0.664945 0.044000 0.033747
0 0.375500 0.880165 0.045000 0.034435
0 0.115500 0.879821 0.045000 0.033747
0 0.661000 0.770317 0.044000 0.033747
0 0.714500 0.881198 0.043000 0.033747
0 0.115500 0.664256 0.045000 0.033747
0 0.645500 0.664256 0.043000 0.033747
0 0.493000 0.825069 0.044000 0.034435
0 0.522500 0.611226 0.043000 0.033747
0 0.342500 0.611226 0.043000 0.033747
0 0.705000 0.825069 0.044000 0.034435
0 0.115000 0.450069 0.044000 0.033747
0 0.595000 0.717975 0.042000 0.033747
0 0.115000 0.611226 0.044000 0.033747
0 0.310000 0.771694 0.044000 0.033747
0 0.290500 0.718664 0.043000 0.033747