1 0.396000 0.185606 0.470000 0.054408
1 0.687000 0.452135 0.442000 0.053030
1 0.535500 0.611570 0.747000 0.053719
1 0.769500 0.185606 0.277000 0.054408
1 0.447500 0.663567 0.575000 0.050275
1 0.671000 0.822658 0.476000 0.053030
1 0.662500 0.557163 0.491000 0.056474
1 0.774000 0.294766 0.268000 0.055096
1 0.341000 0.240358 0.360000 0.053719
1 0.498000 0.399793 0.672000 0.051653
1 0.715000 0.240014 0.388000 0.054408
1 0.710000 0.769972 0.398000 0.052342
1 0.296500 0.822658 0.271000 0.053030
1 0.397000 0.715909 0.472000 0.055785
1 0.289000 0.556818 0.256000 0.055785
1 0.335500 0.769972 0.349000 0.052342
1 0.313000 0.452135 0.304000 0.053030
1 0.535000 0.503788 0.748000 0.050275
1 0.771000 0.715909 0.276000 0.055785
1 0.534500 0.878099 0.747000 0.057851
1 0.536500 0.348140 0.747000 0.051653
1 0.822000 0.663223 0.172000 0.049587
1 0.400000 0.294766 0.478000 0.055096
1 0.871500 0.399793 0.075000 0.051653
0 0.486000 0.457300 0.042000 0.031680
0 0.439000 0.563705 0.042000 0.032369
0 0.651000 0.190771 0.042000 0.031680
0 0.757500 0.668733 0.043000 0.031680
0 0.655500 0.722452 0.043000 0.031680
0 0.532000 0.775482 0.042000 0.031680
0 0.198500 0.882231 0.043000 0.031680
0 0.660500 0.297865 0.041000 0.032369
0 0.543000 0.244146 0.042000 0.032369
0 0.453500 0.827479 0.043000 0.032369
1 0.535500 0.128099 0.749000 0.060606
0 0.877000 0.404270 0.042000 0.033058