1 0.739000 0.608815 0.340000 0.055096
1 0.653000 0.238981 0.510000 0.055096
1 0.414000 0.503099 0.362000 0.051653
1 0.699500 0.184917 0.417000 0.053030
1 0.793000 0.399793 0.232000 0.051653
1 0.692000 0.555441 0.434000 0.051653
1 0.752000 0.503099 0.314000 0.051653
1 0.426500 0.608815 0.285000 0.055096
1 0.785500 0.663223 0.247000 0.053719
1 0.286000 0.399793 0.250000 0.051653
1 0.317500 0.555096 0.313000 0.052342
1 0.603000 0.293733 0.312000 0.055785
1 0.270000 0.663223 0.218000 0.053719
1 0.325500 0.184917 0.329000 0.053030
1 0.433000 0.451446 0.376000 0.051653
1 0.745000 0.715220 0.328000 0.050275
1 0.279000 0.239325 0.236000 0.054408
1 0.757500 0.347796 0.303000 0.053719
1 0.740500 0.451446 0.239000 0.051653
1 0.521000 0.663223 0.282000 0.053719
1 0.544000 0.399793 0.266000 0.051653
1 0.425500 0.714876 0.311000 0.049587
1 0.452000 0.347796 0.308000 0.053719
1 0.304000 0.293733 0.286000 0.055785
1 0.406000 0.766185 0.488000 0.053030
1 0.779500 0.766185 0.259000 0.053030
1 0.834000 0.293733 0.150000 0.054408
1 0.698500 0.820248 0.323000 0.055096
1 0.517000 0.128788 0.184000 0.059229
1 0.759000 0.128099 0.300000 0.060606
1 0.203500 0.451446 0.083000 0.051653
1 0.215500 0.715220 0.109000 0.050275
1 0.229000 0.347452 0.136000 0.053030
1 0.349000 0.820248 0.376000 0.055096
1 0.292500 0.128444 0.263000 0.059917
1 0.223000 0.608815 0.122000 0.055096
1 0.197000 0.503099 0.072000 0.051653
1 0.884500 0.451446 0.049000 0.051653
1 0.884500 0.819904 0.049000 0.054408
0 0.318000 0.351584 0.042000 0.032369
0 0.188000 0.139807 0.042000 0.031680
0 0.683500 0.667700 0.041000 0.032369
0 0.603000 0.721074 0.042000 0.031680
0 0.615500 0.509642 0.041000 0.031680
0 0.445500 0.137052 0.041000 0.031680
0 0.590500 0.615702 0.043000 0.031680
0 0.495500 0.562672 0.041000 0.031680
0 0.698000 0.404270 0.042000 0.031680
0 0.628000 0.351240 0.042000 0.031680
0 0.191000 0.562672 0.042000 0.031680
0 0.559000 0.826791 0.042000 0.032369
0 0.630000 0.137741 0.042000 0.031680
0 0.194500 0.826446 0.043000 0.031680
0 0.466500 0.297865 0.041000 0.032369
0 0.189500 0.296832 0.043000 0.031680
0 0.779500 0.298209 0.039000 0.031680
0 0.253000 0.509986 0.042000 0.032369
0 0.511500 0.192837 0.043000 0.031680
0 0.418000 0.245179 0.042000 0.031680
0 0.430500 0.403926 0.041000 0.032369
0 0.642000 0.456612 0.042000 0.031680
0 0.304500 0.616391 0.041000 0.031680
0 0.265000 0.456267 0.042000 0.032369
0 0.675000 0.773760 0.044000 0.032369
0 0.881500 0.457645 0.043000 0.032369
0 0.400500 0.668388 0.041000 0.030992
0 0.882000 0.827135 0.042000 0.031680
0 0.291500 0.721074 0.043000 0.031680