1 0.499500 0.122026 0.817000 0.117607
1 0.544500 0.210401 0.727000 0.059143
1 0.499500 0.268865 0.817000 0.057784
1 0.625500 0.326649 0.565000 0.057784
1 0.136000 0.210401 0.090000 0.059143
1 0.499500 0.385112 0.817000 0.059143
1 0.708500 0.443576 0.399000 0.057784
1 0.217000 0.326649 0.252000 0.057784
1 0.547000 0.502039 0.722000 0.059143
1 0.300000 0.443576 0.418000 0.057784
1 0.138500 0.502039 0.095000 0.059143
1 0.499500 0.560503 0.817000 0.057784
1 0.730500 0.618627 0.355000 0.058464
1 0.322000 0.618627 0.462000 0.058464
1 0.499500 0.677090 0.817000 0.058464
1 0.689000 0.735214 0.438000 0.057784
1 0.280500 0.735214 0.379000 0.057784
1 0.866000 0.851801 0.084000 0.058464
1 0.499500 0.793338 0.817000 0.058464
1 0.499500 0.910265 0.817000 0.058464
1 0.457500 0.851801 0.733000 0.058464
0 0.505000 0.735214 0.060000 0.046907
0 0.138500 0.910605 0.059000 0.045547
0 0.218500 0.500000 0.059000 0.045547
0 0.215500 0.209381 0.059000 0.046227
0 0.588500 0.617607 0.061000 0.048266
0 0.379000 0.326649 0.060000 0.044188
0 0.857000 0.850782 0.060000 0.044188
0 0.542500 0.442896 0.059000 0.046907