1 0.461000 0.288567 0.746000 0.155647
1 0.325000 0.503788 0.474000 0.053030
1 0.397000 0.607782 0.616000 0.054408
1 0.324500 0.450069 0.473000 0.054408
1 0.436000 0.768595 0.698000 0.055096
1 0.698500 0.503788 0.273000 0.053030
1 0.359000 0.184229 0.542000 0.051653
1 0.698000 0.450069 0.274000 0.054408
1 0.732500 0.184229 0.205000 0.051653
1 0.461000 0.555441 0.746000 0.050275
1 0.461500 0.687672 0.747000 0.106749
1 0.461500 0.823003 0.747000 0.053719
1 0.461500 0.878099 0.747000 0.057851
1 0.401000 0.394972 0.626000 0.055785
1 0.770500 0.607782 0.129000 0.054408
1 0.810500 0.768595 0.051000 0.055096
1 0.775000 0.394972 0.120000 0.055785
0 0.115500 0.877066 0.043000 0.032369
0 0.806500 0.774793 0.043000 0.031680
0 0.116500 0.823691 0.043000 0.031680
0 0.736000 0.401860 0.042000 0.032369
0 0.729000 0.613981 0.042000 0.032369
0 0.583500 0.453512 0.043000 0.032369
0 0.652000 0.188361 0.042000 0.032369
0 0.582000 0.506887 0.042000 0.031680
1 0.460500 0.128099 0.749000 0.060606