1 0.499000 0.093474 0.812000 0.059143
1 0.800000 0.152277 0.210000 0.058464
1 0.863000 0.211081 0.084000 0.059143
1 0.394000 0.152277 0.602000 0.058464
1 0.526500 0.211081 0.589000 0.059143
1 0.162500 0.211081 0.139000 0.059143
1 0.604500 0.269545 0.601000 0.057784
1 0.198500 0.269545 0.211000 0.057784
1 0.704500 0.327328 0.401000 0.057784
1 0.298500 0.327328 0.411000 0.057784
1 0.642500 0.385792 0.525000 0.059143
1 0.236500 0.385792 0.287000 0.059143
1 0.706000 0.444256 0.398000 0.057784
1 0.300000 0.444256 0.414000 0.057784
1 0.669000 0.502039 0.472000 0.057784
1 0.263000 0.502039 0.340000 0.057784
1 0.499000 0.560503 0.812000 0.059143
1 0.862500 0.618967 0.085000 0.057784
1 0.456500 0.618967 0.727000 0.057784
1 0.827500 0.677430 0.155000 0.059143
1 0.421500 0.677430 0.657000 0.059143
1 0.812000 0.735894 0.186000 0.057784
1 0.791500 0.793678 0.227000 0.057784
1 0.406000 0.735894 0.626000 0.057784
1 0.385500 0.793678 0.585000 0.057784
1 0.707000 0.852141 0.396000 0.059143
1 0.499000 0.911965 0.812000 0.060503
1 0.301000 0.852141 0.416000 0.059143
0 0.853000 0.210061 0.060000 0.046227
0 0.143000 0.912984 0.058000 0.044867
0 0.544500 0.851801 0.059000 0.043508
0 0.709500 0.792318 0.059000 0.045547
0 0.751000 0.736574 0.058000 0.045547
0 0.783000 0.677090 0.060000 0.044867
0 0.411500 0.385792 0.059000 0.045547
0 0.263500 0.210401 0.059000 0.045547
0 0.853000 0.618627 0.060000 0.046227
0 0.542000 0.442216 0.060000 0.046907
0 0.466000 0.501700 0.058000 0.044867
0 0.335500 0.267845 0.061000 0.047587
0 0.137000 0.442896 0.060000 0.046907
0 0.731500 0.151258 0.059000 0.044188
0 0.537500 0.326309 0.059000 0.044867