1 0.865000 0.151598 0.086000 0.057104
1 0.500500 0.093134 0.815000 0.059823
1 0.457500 0.151598 0.729000 0.057104
1 0.588500 0.209721 0.639000 0.059143
1 0.629500 0.268185 0.557000 0.057784
1 0.181000 0.209721 0.176000 0.059143
1 0.222000 0.268185 0.258000 0.057784
1 0.689000 0.325969 0.438000 0.057784
1 0.599500 0.384432 0.617000 0.059143
1 0.281500 0.325969 0.377000 0.057784
1 0.610000 0.443236 0.596000 0.058464
1 0.192000 0.384432 0.198000 0.059143
1 0.550500 0.501700 0.715000 0.058464
1 0.202500 0.443236 0.219000 0.058464
1 0.811000 0.618287 0.194000 0.059143
1 0.143000 0.501700 0.100000 0.058464
1 0.500500 0.559823 0.815000 0.057784
1 0.403500 0.618287 0.621000 0.059143
1 0.789500 0.676751 0.237000 0.057784
1 0.382000 0.676751 0.578000 0.057784
1 0.799500 0.734534 0.217000 0.057784
1 0.392000 0.734534 0.598000 0.057784
1 0.584000 0.792998 0.648000 0.059143
1 0.176500 0.792998 0.167000 0.059143
1 0.569500 0.851462 0.677000 0.057784
1 0.162000 0.851462 0.138000 0.057784
1 0.500500 0.911625 0.815000 0.062542
0 0.724000 0.735554 0.060000 0.046227
0 0.303000 0.209041 0.060000 0.046907
0 0.380500 0.266485 0.059000 0.046227
0 0.346000 0.442216 0.060000 0.046907
0 0.294500 0.793338 0.061000 0.047587
0 0.504500 0.324949 0.059000 0.043508
0 0.143500 0.736234 0.059000 0.044867
0 0.856500 0.150918 0.061000 0.043508
0 0.143500 0.910605 0.059000 0.045547
0 0.144000 0.150578 0.058000 0.044188
0 0.324000 0.385792 0.062000 0.045547
0 0.262500 0.851801 0.059000 0.044867
0 0.227000 0.501360 0.060000 0.044188
0 0.746500 0.617267 0.059000 0.046227
0 0.703000 0.675391 0.060000 0.044188