1 0.507500 0.236915 0.431000 0.050964
1 0.348500 0.503788 0.521000 0.053030
1 0.722500 0.503788 0.225000 0.053030
1 0.496500 0.661157 0.677000 0.052342
1 0.461000 0.741736 0.748000 0.108815
1 0.460000 0.450413 0.746000 0.055096
1 0.263500 0.820248 0.351000 0.049587
1 0.462000 0.606405 0.744000 0.057163
1 0.355500 0.289945 0.537000 0.055096
1 0.189000 0.236915 0.204000 0.050964
1 0.730000 0.289945 0.210000 0.055096
1 0.460500 0.554063 0.747000 0.047521
1 0.691000 0.395317 0.288000 0.055096
1 0.318000 0.395317 0.460000 0.055096
1 0.636500 0.820248 0.397000 0.049587
1 0.690000 0.342975 0.290000 0.050964
1 0.316000 0.342631 0.458000 0.050275
1 0.779000 0.236915 0.112000 0.050964
1 0.123500 0.661157 0.071000 0.052342
1 0.461000 0.875344 0.746000 0.060606
0 0.460500 0.821970 0.043000 0.032369
0 0.645500 0.292355 0.041000 0.032369
0 0.113000 0.609848 0.042000 0.032369
0 0.630000 0.505854 0.042000 0.032369
0 0.569000 0.398072 0.042000 0.033058
0 0.114000 0.556129 0.042000 0.032369
0 0.315000 0.239325 0.042000 0.032369
0 0.116500 0.875689 0.043000 0.032369
0 0.180000 0.662534 0.042000 0.033058
0 0.566000 0.344353 0.042000 0.031680
0 0.745500 0.239325 0.041000 0.032369