1 0.652500 0.501033 0.361000 0.054408
1 0.704000 0.449036 0.260000 0.050964
1 0.369500 0.821970 0.565000 0.054408
1 0.194500 0.397727 0.215000 0.053030
1 0.585000 0.662879 0.390000 0.055785
1 0.585000 0.556474 0.496000 0.056474
1 0.246000 0.235537 0.236000 0.053719
1 0.461000 0.878099 0.746000 0.057851
1 0.669000 0.715909 0.328000 0.050275
1 0.241000 0.181129 0.308000 0.055096
1 0.690000 0.397727 0.286000 0.053030
1 0.531000 0.767906 0.602000 0.053719
1 0.706000 0.181474 0.254000 0.054408
1 0.316000 0.501377 0.312000 0.053719
1 0.245500 0.289945 0.319000 0.055096
1 0.211000 0.556474 0.250000 0.056474
1 0.660500 0.609848 0.345000 0.050275
1 0.628500 0.344353 0.409000 0.053719
1 0.374500 0.449036 0.397000 0.050964
1 0.497500 0.235193 0.265000 0.054408
1 0.287500 0.609848 0.401000 0.050275
1 0.425000 0.397727 0.246000 0.053030
1 0.487000 0.181474 0.184000 0.054408
1 0.731500 0.235537 0.203000 0.053719
1 0.742000 0.821970 0.182000 0.054408
1 0.158000 0.767906 0.144000 0.053719
1 0.281500 0.344353 0.283000 0.053719
1 0.310500 0.126033 0.449000 0.056474
1 0.619000 0.289945 0.428000 0.055096
1 0.364000 0.715909 0.282000 0.051653
1 0.684500 0.125344 0.297000 0.057851
1 0.257000 0.662534 0.262000 0.055096
1 0.131500 0.449380 0.089000 0.050275
1 0.123500 0.501722 0.073000 0.054408
1 0.807000 0.662879 0.054000 0.055785
1 0.154500 0.715909 0.137000 0.051653
0 0.426000 0.290289 0.042000 0.032369
0 0.149500 0.236915 0.041000 0.031680
0 0.595000 0.448347 0.042000 0.033058
0 0.556500 0.127410 0.041000 0.033058
0 0.196500 0.448003 0.041000 0.032369
0 0.409000 0.660813 0.042000 0.032369
0 0.251000 0.766873 0.042000 0.032369
0 0.567000 0.396350 0.040000 0.032369
0 0.599500 0.184917 0.041000 0.032369
0 0.386000 0.235193 0.042000 0.032369
0 0.356500 0.554752 0.041000 0.032369
0 0.114500 0.872934 0.043000 0.032369
0 0.115500 0.288912 0.041000 0.032369
0 0.651000 0.234504 0.042000 0.032369
0 0.509500 0.608127 0.041000 0.031680
0 0.244000 0.711777 0.042000 0.032369
0 0.114000 0.819215 0.042000 0.032369
0 0.416000 0.182851 0.042000 0.032369
0 0.180500 0.500344 0.041000 0.032369
0 0.322000 0.395317 0.040000 0.031680
0 0.146500 0.659091 0.041000 0.031680
0 0.161500 0.341253 0.041000 0.032369
0 0.671500 0.820248 0.041000 0.033058
0 0.443500 0.343664 0.041000 0.033058
0 0.491000 0.501033 0.040000 0.032369
1 0.107000 0.235537 0.042000 0.053719
0 0.802500 0.660124 0.043000 0.032369
1 0.106500 0.661157 0.039000 0.053719
0 0.527500 0.712466 0.041000 0.032369
1 0.114000 0.345041 0.056000 0.053719