1 0.742000 0.152617 0.328000 0.057784
1 0.499500 0.094494 0.813000 0.058464
1 0.704000 0.211081 0.404000 0.059143
1 0.335500 0.152617 0.485000 0.057784
1 0.825000 0.326988 0.162000 0.058464
1 0.297500 0.211081 0.409000 0.059143
1 0.499500 0.269205 0.813000 0.057104
1 0.864000 0.385792 0.084000 0.059143
1 0.418500 0.326988 0.651000 0.058464
1 0.552500 0.385792 0.539000 0.059143
1 0.753500 0.444256 0.305000 0.057784
1 0.188000 0.385792 0.190000 0.059143
1 0.828500 0.560503 0.155000 0.059143
1 0.347000 0.444256 0.508000 0.057784
1 0.499500 0.502039 0.813000 0.057784
1 0.523000 0.560503 0.456000 0.059143
1 0.194000 0.560503 0.202000 0.059143
1 0.499500 0.618967 0.813000 0.057784
1 0.561000 0.677090 0.690000 0.058464
1 0.553000 0.851462 0.706000 0.057784
1 0.154500 0.677090 0.123000 0.058464
1 0.499500 0.764446 0.813000 0.116247
1 0.146500 0.851462 0.107000 0.057784
1 0.499500 0.911625 0.813000 0.062542
0 0.316500 0.384092 0.061000 0.047587
0 0.329500 0.560503 0.059000 0.044188
0 0.785500 0.560503 0.059000 0.045547
0 0.856000 0.384432 0.062000 0.046907
0 0.251500 0.677770 0.059000 0.044867
0 0.635000 0.442896 0.060000 0.048266
0 0.142500 0.910265 0.059000 0.046227
0 0.233000 0.852141 0.058000 0.044188
0 0.609500 0.152277 0.059000 0.044867
0 0.778500 0.327668 0.059000 0.044867
0 0.534000 0.211421 0.060000 0.044867