1 0.460000 0.424931 0.746000 0.107438
1 0.349000 0.609848 0.524000 0.053030
1 0.723000 0.609848 0.224000 0.053030
1 0.462000 0.717975 0.748000 0.053030
1 0.381500 0.185606 0.587000 0.054408
1 0.614500 0.821970 0.441000 0.051653
1 0.461500 0.344697 0.747000 0.053030
1 0.436500 0.664256 0.699000 0.054408
1 0.461500 0.556129 0.745000 0.054408
1 0.461500 0.292700 0.747000 0.050964
1 0.461500 0.240014 0.747000 0.054408
1 0.393500 0.769972 0.611000 0.052342
1 0.240500 0.821970 0.305000 0.051653
1 0.461000 0.877410 0.748000 0.059229
1 0.755000 0.185606 0.160000 0.054408
1 0.767500 0.769972 0.135000 0.052342
1 0.495000 0.503788 0.682000 0.050275
1 0.811000 0.664256 0.050000 0.054408
1 0.120500 0.503444 0.065000 0.049587
0 0.113000 0.240358 0.042000 0.031680
0 0.633000 0.614325 0.040000 0.031680
0 0.113500 0.293044 0.043000 0.032369
0 0.115500 0.877755 0.043000 0.032369
0 0.115000 0.346074 0.042000 0.032369
0 0.414000 0.826791 0.042000 0.032369
0 0.174500 0.507576 0.041000 0.031680
0 0.695500 0.190427 0.041000 0.032369
0 0.720000 0.775138 0.042000 0.032369
0 0.807500 0.668388 0.043000 0.032369
1 0.462000 0.127755 0.750000 0.061295