1 0.410500 0.609848 0.497000 0.053030
1 0.563000 0.826791 0.588000 0.055785
1 0.664500 0.557507 0.487000 0.051653
1 0.325000 0.288912 0.326000 0.054408
1 0.584000 0.234160 0.648000 0.055096
1 0.464000 0.395317 0.606000 0.055096
1 0.730000 0.663912 0.358000 0.055096
1 0.717500 0.880854 0.383000 0.052342
1 0.698500 0.289256 0.421000 0.055096
1 0.355000 0.664256 0.388000 0.054408
1 0.263000 0.179063 0.204000 0.055096
1 0.745000 0.503444 0.326000 0.056474
1 0.449000 0.342287 0.574000 0.052342
1 0.344000 0.880854 0.364000 0.052342
1 0.290500 0.557507 0.259000 0.051653
1 0.553000 0.449036 0.608000 0.053719
1 0.783500 0.609848 0.249000 0.053030
1 0.636500 0.179063 0.545000 0.055096
1 0.372000 0.503788 0.420000 0.055785
1 0.823000 0.342287 0.172000 0.052342
1 0.532000 0.771006 0.742000 0.055785
1 0.215500 0.826791 0.107000 0.055785
1 0.534000 0.717287 0.748000 0.051653
1 0.838500 0.394972 0.141000 0.054408
1 0.884000 0.827135 0.050000 0.055096
1 0.210500 0.234160 0.097000 0.055096
1 0.204500 0.449380 0.085000 0.053030
1 0.883000 0.449036 0.052000 0.052342
0 0.195500 0.723485 0.045000 0.033747
0 0.197500 0.884642 0.043000 0.032369
0 0.388000 0.186295 0.042000 0.032369
0 0.283000 0.238636 0.044000 0.033747
0 0.758000 0.345730 0.042000 0.033058
0 0.606000 0.507231 0.044000 0.033747
0 0.548000 0.884298 0.042000 0.033058
0 0.443500 0.561639 0.043000 0.033747
0 0.267500 0.453512 0.043000 0.033747
0 0.682000 0.613636 0.044000 0.034435
0 0.880000 0.452135 0.044000 0.033747
0 0.571500 0.668044 0.043000 0.033058
0 0.790000 0.400482 0.044000 0.033747
0 0.881500 0.828857 0.045000 0.033747
0 0.290500 0.829545 0.043000 0.033747
0 0.510500 0.292700 0.043000 0.033058