1 0.534000 0.393251 0.746000 0.159780
1 0.535000 0.823003 0.748000 0.166667
1 0.535000 0.177686 0.746000 0.163912
1 0.511500 0.604683 0.515000 0.053719
1 0.661000 0.711777 0.496000 0.055785
1 0.287500 0.711777 0.253000 0.055785
1 0.421000 0.498278 0.520000 0.051653
1 0.534500 0.657713 0.747000 0.052342
1 0.795000 0.498278 0.228000 0.051653
1 0.577500 0.286157 0.661000 0.053030
1 0.536000 0.550620 0.748000 0.053030
1 0.203500 0.286501 0.085000 0.053719
1 0.207000 0.604339 0.092000 0.054408
1 0.839500 0.604683 0.139000 0.053719
0 0.189000 0.877755 0.046000 0.035124
0 0.276500 0.611915 0.045000 0.033747
0 0.268000 0.292355 0.044000 0.033747
0 0.790000 0.614325 0.040000 0.030303
0 0.435000 0.719353 0.044000 0.033747
0 0.704000 0.506543 0.044000 0.033747