1 0.452000 0.504821 0.580000 0.050964
1 0.463500 0.239325 0.605000 0.054408
1 0.312000 0.609160 0.302000 0.051653
1 0.535500 0.878788 0.747000 0.056474
1 0.611500 0.822658 0.595000 0.055785
1 0.426500 0.292011 0.531000 0.052342
1 0.536000 0.452135 0.744000 0.053030
1 0.796000 0.398416 0.226000 0.054408
1 0.534500 0.688705 0.745000 0.107438
1 0.535000 0.556818 0.746000 0.053030
1 0.800500 0.292011 0.217000 0.052342
1 0.537500 0.344353 0.741000 0.053719
1 0.686000 0.609160 0.444000 0.051653
1 0.422000 0.398416 0.522000 0.054408
1 0.534500 0.768939 0.749000 0.051653
1 0.825000 0.504477 0.166000 0.051653
1 0.535500 0.153926 0.747000 0.115014
1 0.837000 0.239325 0.142000 0.054408
1 0.238000 0.822658 0.152000 0.055785
0 0.194000 0.719697 0.042000 0.031680
0 0.192000 0.771350 0.042000 0.031680
0 0.189500 0.877755 0.043000 0.032369
0 0.336000 0.825413 0.042000 0.032369
0 0.705000 0.401171 0.042000 0.032369
0 0.712500 0.295455 0.041000 0.031680
0 0.485000 0.612603 0.042000 0.032369
0 0.787500 0.243113 0.041000 0.031680
0 0.764000 0.507231 0.042000 0.032369