1 0.409500 0.713154 0.497000 0.055785
1 0.751500 0.556129 0.313000 0.054408
1 0.545000 0.185606 0.388000 0.054408
1 0.621000 0.660813 0.576000 0.048898
1 0.378500 0.556129 0.433000 0.054408
1 0.534500 0.609848 0.745000 0.053030
1 0.783500 0.713499 0.249000 0.056474
1 0.406500 0.450758 0.489000 0.055785
1 0.780000 0.450758 0.256000 0.055785
1 0.772500 0.767906 0.273000 0.053719
1 0.373500 0.876377 0.425000 0.059917
1 0.467000 0.292355 0.304000 0.051653
1 0.398500 0.767906 0.475000 0.053719
1 0.256000 0.185606 0.190000 0.054408
1 0.320000 0.128444 0.318000 0.059917
1 0.589500 0.503788 0.539000 0.050275
1 0.747500 0.876722 0.323000 0.060606
1 0.763500 0.292700 0.289000 0.050964
1 0.824000 0.185262 0.168000 0.053719
1 0.610500 0.240014 0.595000 0.054408
1 0.670000 0.396350 0.474000 0.053030
1 0.247500 0.660813 0.173000 0.048898
1 0.567500 0.820592 0.681000 0.051653
1 0.240000 0.503788 0.158000 0.050275
1 0.297000 0.396694 0.272000 0.052342
1 0.406500 0.344353 0.491000 0.052342
1 0.781000 0.344008 0.256000 0.051653
1 0.693500 0.128444 0.429000 0.059917
1 0.238500 0.292355 0.153000 0.051653
1 0.237000 0.240014 0.152000 0.054408
1 0.884500 0.503444 0.049000 0.049587
1 0.192500 0.820248 0.061000 0.052342
0 0.500000 0.134986 0.042000 0.031680
0 0.195000 0.348485 0.044000 0.033058
0 0.338000 0.295110 0.042000 0.032369
0 0.192000 0.560606 0.042000 0.031680
0 0.335000 0.242080 0.042000 0.032369
0 0.658000 0.773072 0.042000 0.032369
0 0.680500 0.720041 0.043000 0.032369
0 0.639500 0.295455 0.041000 0.031680
0 0.372000 0.189050 0.042000 0.032369
0 0.189000 0.880510 0.042000 0.032369
0 0.618000 0.560606 0.042000 0.031680
0 0.675500 0.348829 0.043000 0.032369
0 0.244000 0.826446 0.042000 0.031680
0 0.356000 0.667355 0.042000 0.031680
0 0.341000 0.507576 0.042000 0.031680
0 0.760000 0.188361 0.042000 0.032369
0 0.607500 0.880854 0.043000 0.031680
0 0.672000 0.455579 0.040000 0.032369
0 0.881500 0.507576 0.043000 0.033058
0 0.453500 0.401515 0.041000 0.031680