1 0.688000 0.092454 0.436000 0.058464
1 0.281500 0.092454 0.377000 0.058464
1 0.733000 0.149898 0.346000 0.056424
1 0.371500 0.149898 0.377000 0.056424
1 0.139000 0.149898 0.092000 0.056424
1 0.784500 0.207342 0.243000 0.058464
1 0.539500 0.207342 0.247000 0.058464
1 0.311500 0.207342 0.209000 0.058464
1 0.150000 0.207342 0.114000 0.058464
1 0.830000 0.264786 0.152000 0.056424
1 0.602000 0.264786 0.304000 0.056424
1 0.271500 0.264786 0.357000 0.056424
1 0.866000 0.322230 0.080000 0.058464
1 0.632000 0.322230 0.388000 0.058464
1 0.265500 0.322230 0.345000 0.058464
1 0.866500 0.380354 0.079000 0.057784
1 0.676000 0.380354 0.302000 0.057784
1 0.309000 0.380354 0.432000 0.057784
1 0.706000 0.437797 0.400000 0.057104
1 0.299500 0.437797 0.413000 0.057104
1 0.767000 0.495241 0.278000 0.057784
1 0.468000 0.495241 0.320000 0.057784
1 0.200500 0.495241 0.215000 0.057784
1 0.811500 0.552345 0.189000 0.056424
1 0.520000 0.552345 0.394000 0.056424
1 0.208000 0.552345 0.230000 0.056424
1 0.810000 0.609449 0.192000 0.057784
1 0.610500 0.609449 0.207000 0.057784
1 0.379500 0.609449 0.261000 0.057784
1 0.797000 0.666893 0.218000 0.057104
1 0.171000 0.609449 0.156000 0.057784
1 0.865500 0.724337 0.081000 0.057784
1 0.390500 0.666893 0.595000 0.057104
1 0.662000 0.724337 0.326000 0.057784
1 0.296000 0.724337 0.406000 0.057784
1 0.865000 0.781781 0.082000 0.057104
1 0.684000 0.781781 0.280000 0.057104
1 0.414000 0.781781 0.260000 0.057104
1 0.794500 0.839565 0.223000 0.058464
1 0.190000 0.781781 0.194000 0.057104
1 0.388000 0.839565 0.590000 0.058464
0 0.713500 0.838545 0.057000 0.042828
0 0.237000 0.206662 0.060000 0.046227
0 0.856500 0.724337 0.061000 0.044188
0 0.859000 0.320870 0.060000 0.046227
0 0.784500 0.260707 0.059000 0.045547
0 0.530000 0.723657 0.058000 0.045547
0 0.575000 0.781441 0.060000 0.046907
0 0.693500 0.207342 0.061000 0.047587
0 0.856500 0.782121 0.061000 0.046907
0 0.139500 0.838885 0.059000 0.044867
0 0.748000 0.609449 0.060000 0.045547
0 0.354000 0.549966 0.060000 0.043508
0 0.539000 0.436098 0.058000 0.044188
0 0.540000 0.609109 0.060000 0.046227
0 0.660000 0.493202 0.060000 0.046907
0 0.139000 0.090415 0.060000 0.044867
0 0.858000 0.378654 0.058000 0.044867
0 0.719000 0.666553 0.062000 0.046907
0 0.140500 0.435758 0.059000 0.044867
0 0.448000 0.206662 0.062000 0.047587
0 0.749500 0.547927 0.061000 0.044867
0 0.138500 0.379334 0.057000 0.044867
0 0.315000 0.781781 0.060000 0.046227
0 0.470000 0.320870 0.060000 0.046227
0 0.591500 0.148199 0.059000 0.044867
0 0.277500 0.608430 0.059000 0.046227
0 0.216000 0.147859 0.060000 0.045547
0 0.341000 0.493882 0.062000 0.046907
0 0.482000 0.263766 0.058000 0.044867
0 0.501000 0.090415 0.060000 0.046227
0 0.556500 0.378654 0.059000 0.046227