1 0.509500 0.235537 0.447000 0.053719
1 0.418500 0.821970 0.515000 0.054408
1 0.760500 0.662879 0.297000 0.055785
1 0.792500 0.821970 0.233000 0.054408
1 0.341000 0.289945 0.360000 0.055096
1 0.264000 0.181474 0.206000 0.054408
1 0.386500 0.662879 0.449000 0.055785
1 0.728000 0.767906 0.360000 0.053719
1 0.688000 0.609848 0.442000 0.050275
1 0.535500 0.878099 0.749000 0.057851
1 0.720000 0.449036 0.376000 0.050964
1 0.653000 0.556474 0.510000 0.056474
1 0.314000 0.609848 0.306000 0.050275
1 0.279000 0.556474 0.236000 0.056474
1 0.346500 0.449380 0.369000 0.050275
1 0.562000 0.181474 0.390000 0.054408
1 0.260000 0.397727 0.196000 0.053030
1 0.567000 0.397727 0.418000 0.053030
1 0.833500 0.501377 0.151000 0.053719
1 0.460000 0.501722 0.598000 0.054408
1 0.316500 0.126033 0.311000 0.056474
1 0.416500 0.344353 0.511000 0.053719
1 0.791000 0.344353 0.236000 0.053719
1 0.715000 0.289945 0.386000 0.055096
1 0.355000 0.767906 0.388000 0.053719
1 0.520000 0.716253 0.478000 0.050964
1 0.690500 0.126033 0.435000 0.056474
1 0.833000 0.181474 0.152000 0.054408
1 0.223000 0.235193 0.124000 0.054408
1 0.834000 0.715909 0.150000 0.050275
1 0.221000 0.716253 0.118000 0.050964
1 0.820500 0.235537 0.175000 0.053719
1 0.842500 0.397727 0.133000 0.053030
0 0.195000 0.873278 0.046000 0.034435
0 0.495000 0.131543 0.044000 0.034435
0 0.192000 0.821625 0.046000 0.034435
0 0.699000 0.821625 0.044000 0.034435
0 0.754000 0.238981 0.044000 0.034435
0 0.302000 0.714532 0.044000 0.033747
0 0.388500 0.184229 0.043000 0.033747
0 0.553000 0.450069 0.044000 0.033747
0 0.188500 0.504821 0.045000 0.034435
0 0.778500 0.185950 0.043000 0.034435
0 0.569500 0.768251 0.043000 0.033747
0 0.781000 0.502755 0.044000 0.034435
0 0.542500 0.291667 0.043000 0.033747
0 0.694500 0.345386 0.043000 0.033747
0 0.632500 0.662879 0.043000 0.033747
0 0.488500 0.609160 0.043000 0.033747
0 0.380000 0.397039 0.044000 0.033747
0 0.307000 0.236915 0.044000 0.034435
0 0.799000 0.397383 0.044000 0.034435
0 0.419500 0.555441 0.043000 0.033747
0 0.780500 0.716598 0.043000 0.033747