1 0.261000 0.449380 0.348000 0.050275
1 0.323000 0.556818 0.470000 0.055785
1 0.287500 0.501722 0.399000 0.054408
1 0.661000 0.501377 0.348000 0.053719
1 0.652500 0.821970 0.365000 0.054408
1 0.358500 0.662879 0.543000 0.055785
1 0.226000 0.235537 0.276000 0.053719
1 0.599500 0.235537 0.471000 0.053719
1 0.248000 0.609848 0.320000 0.050275
1 0.434000 0.767906 0.692000 0.053719
1 0.696500 0.556818 0.277000 0.055785
1 0.621000 0.609848 0.428000 0.050275
1 0.279000 0.821970 0.382000 0.054408
1 0.732500 0.662879 0.205000 0.055785
1 0.579000 0.449380 0.288000 0.050275
1 0.436000 0.715909 0.698000 0.050275
1 0.779000 0.449380 0.112000 0.050275
1 0.460500 0.878444 0.745000 0.057163
1 0.807500 0.767906 0.055000 0.053719
1 0.810000 0.715909 0.052000 0.050275
0 0.114500 0.878099 0.045000 0.034435
0 0.432000 0.615014 0.046000 0.034435
0 0.118500 0.291322 0.045000 0.033058
0 0.495000 0.827824 0.044000 0.034435
0 0.802500 0.774793 0.045000 0.034435
0 0.583500 0.561983 0.045000 0.034435
0 0.388000 0.239325 0.046000 0.033747
0 0.459000 0.455579 0.044000 0.033747
0 0.653500 0.668044 0.045000 0.034435
0 0.510500 0.508953 0.045000 0.033058
0 0.806500 0.720386 0.045000 0.034435
0 0.746000 0.454201 0.044000 0.033747
1 0.460500 0.288912 0.747000 0.053030
1 0.461000 0.369490 0.748000 0.109504
1 0.461000 0.343320 0.746000 0.161846
1 0.461000 0.151860 0.746000 0.112259