1 0.534500 0.292011 0.747000 0.159780
1 0.534500 0.477617 0.747000 0.108127
1 0.535500 0.661501 0.747000 0.053030
1 0.727500 0.397383 0.361000 0.050964
1 0.745000 0.768595 0.328000 0.052342
1 0.397000 0.609160 0.472000 0.051653
1 0.770500 0.609160 0.275000 0.051653
1 0.372000 0.768595 0.420000 0.052342
1 0.509000 0.715565 0.696000 0.055096
1 0.511500 0.557507 0.697000 0.051653
1 0.534000 0.850551 0.748000 0.111570
1 0.354000 0.397383 0.386000 0.050964
1 0.570000 0.185606 0.680000 0.051653
1 0.884500 0.557507 0.049000 0.051653
1 0.883000 0.715565 0.052000 0.055096
1 0.195500 0.185606 0.069000 0.051653
0 0.602500 0.772727 0.041000 0.031680
0 0.188000 0.879132 0.044000 0.032369
0 0.251000 0.188361 0.042000 0.032369
0 0.568000 0.402204 0.042000 0.031680
0 0.655500 0.613981 0.043000 0.032369
0 0.882000 0.562328 0.042000 0.032369
0 0.881500 0.718664 0.043000 0.032369
1 0.535500 0.128788 0.747000 0.061983