1 0.628500 0.090755 0.555000 0.059143
1 0.222000 0.090755 0.258000 0.059143
1 0.499500 0.149898 0.813000 0.059143
1 0.668000 0.208362 0.476000 0.057784
1 0.656000 0.266485 0.500000 0.058464
1 0.261500 0.208362 0.337000 0.057784
1 0.777000 0.325289 0.258000 0.057784
1 0.249500 0.266485 0.313000 0.058464
1 0.796000 0.383753 0.220000 0.059143
1 0.370500 0.325289 0.555000 0.057784
1 0.389500 0.383753 0.593000 0.059143
1 0.829500 0.500340 0.153000 0.058464
1 0.499500 0.442216 0.813000 0.057784
1 0.487500 0.500340 0.531000 0.058464
1 0.157500 0.500340 0.129000 0.058464
1 0.670500 0.558804 0.471000 0.058464
1 0.264000 0.558804 0.342000 0.058464
1 0.709000 0.617267 0.394000 0.058464
1 0.865000 0.676071 0.082000 0.059143
1 0.302500 0.617267 0.419000 0.058464
1 0.542500 0.676071 0.563000 0.059143
1 0.177000 0.676071 0.168000 0.059143
1 0.660500 0.734874 0.491000 0.058464
1 0.254000 0.734874 0.322000 0.058464
1 0.685000 0.793338 0.442000 0.058464
1 0.278500 0.793338 0.371000 0.058464
1 0.707000 0.851801 0.398000 0.058464
1 0.300500 0.851801 0.415000 0.058464
1 0.815000 0.911965 0.182000 0.061863
1 0.408500 0.911965 0.631000 0.061863
0 0.495000 0.794358 0.060000 0.046907
0 0.144000 0.911625 0.058000 0.044867
0 0.681500 0.325629 0.059000 0.043508
0 0.383500 0.090755 0.059000 0.046907
0 0.253500 0.500340 0.059000 0.044867
0 0.719000 0.384092 0.060000 0.046227
0 0.447500 0.735214 0.059000 0.045547
0 0.440500 0.267845 0.061000 0.047587
0 0.141500 0.148878 0.059000 0.044867
0 0.857500 0.676071 0.059000 0.044188
0 0.464000 0.208702 0.060000 0.046227
0 0.756500 0.911965 0.059000 0.045547
0 0.465500 0.558124 0.061000 0.047587
0 0.548000 0.617607 0.060000 0.046907
0 0.787500 0.500340 0.057000 0.046227
0 0.294500 0.676411 0.059000 0.043508
0 0.538500 0.850782 0.059000 0.044188