1 0.725000 0.822314 0.220000 0.055096
1 0.527000 0.235882 0.374000 0.054408
1 0.673500 0.716253 0.323000 0.049587
1 0.522000 0.610882 0.626000 0.052342
1 0.436000 0.449380 0.696000 0.050275
1 0.501000 0.501377 0.666000 0.055096
1 0.646000 0.290634 0.378000 0.055096
1 0.213500 0.235882 0.253000 0.054408
1 0.529000 0.556818 0.612000 0.055785
1 0.351500 0.821970 0.527000 0.054408
1 0.461500 0.664256 0.747000 0.054408
1 0.300000 0.716253 0.424000 0.050964
1 0.272000 0.290289 0.370000 0.054408
1 0.336000 0.344353 0.496000 0.053719
1 0.709500 0.344353 0.251000 0.053719
1 0.461000 0.397727 0.746000 0.053030
1 0.461500 0.767906 0.745000 0.053719
1 0.460500 0.878444 0.747000 0.057163
1 0.148500 0.610882 0.121000 0.052342
1 0.128000 0.501377 0.080000 0.055096
1 0.156000 0.556818 0.136000 0.055785
1 0.810000 0.449380 0.052000 0.050275
1 0.774500 0.235882 0.121000 0.054408
0 0.123000 0.877410 0.044000 0.034435
0 0.247000 0.562328 0.044000 0.033747
0 0.250000 0.615358 0.044000 0.033747
0 0.479500 0.296488 0.043000 0.033747
0 0.535000 0.720730 0.044000 0.033747
0 0.639000 0.827479 0.046000 0.035124
0 0.191000 0.508609 0.044000 0.033747
0 0.606000 0.349518 0.044000 0.033747
0 0.737500 0.242769 0.045000 0.033747
0 0.363000 0.242769 0.044000 0.033747
0 0.806500 0.454545 0.045000 0.034435