1 0.460500 0.370179 0.749000 0.108127
1 0.668500 0.451791 0.333000 0.055096
1 0.461500 0.611226 0.745000 0.053030
1 0.435000 0.664601 0.696000 0.053719
1 0.350500 0.557507 0.525000 0.054408
1 0.589500 0.289256 0.491000 0.055096
1 0.215500 0.288912 0.257000 0.054408
1 0.724000 0.557851 0.222000 0.055096
1 0.461000 0.852961 0.748000 0.108127
1 0.461500 0.504477 0.745000 0.051653
1 0.295000 0.451446 0.414000 0.054408
1 0.461000 0.234160 0.748000 0.055096
1 0.461000 0.717631 0.746000 0.053719
1 0.436500 0.771694 0.697000 0.054408
1 0.199500 0.180096 0.223000 0.054408
1 0.573000 0.180441 0.524000 0.053719
1 0.809500 0.664945 0.053000 0.053030
1 0.810500 0.771350 0.051000 0.055096
0 0.118500 0.886019 0.045000 0.033747
0 0.333500 0.184229 0.043000 0.035124
0 0.121000 0.673209 0.042000 0.032369
0 0.523000 0.452824 0.042000 0.032369
0 0.365000 0.294766 0.042000 0.031680
0 0.633000 0.561639 0.042000 0.032369
0 0.807000 0.668044 0.046000 0.034435
0 0.807000 0.774793 0.042000 0.033058
1 0.462000 0.125344 0.746000 0.056474