1 0.661000 0.155676 0.496000 0.058464
1 0.500000 0.096873 0.818000 0.059143
1 0.252000 0.155676 0.322000 0.058464
1 0.500000 0.213800 0.818000 0.057784
1 0.683500 0.271924 0.451000 0.058464
1 0.500000 0.329708 0.818000 0.057104
1 0.274500 0.271924 0.367000 0.058464
1 0.628500 0.387492 0.561000 0.058464
1 0.219500 0.387492 0.257000 0.058464
1 0.500000 0.445955 0.818000 0.058464
1 0.651500 0.503739 0.515000 0.057104
1 0.242500 0.503739 0.303000 0.057104
1 0.669500 0.561183 0.479000 0.057784
1 0.260500 0.561183 0.339000 0.057784
1 0.752000 0.678450 0.314000 0.057104
1 0.500000 0.619986 0.818000 0.059823
1 0.343000 0.678450 0.504000 0.057104
1 0.500000 0.764786 0.818000 0.115568
1 0.693000 0.851462 0.432000 0.057784
1 0.284000 0.851462 0.386000 0.057784
1 0.500000 0.911625 0.818000 0.062542
0 0.381500 0.385452 0.059000 0.044867
0 0.443000 0.152617 0.060000 0.045547
0 0.491500 0.271244 0.059000 0.044867
0 0.509000 0.853501 0.058000 0.045547
0 0.142000 0.909925 0.060000 0.045547
0 0.426000 0.501360 0.060000 0.045547
0 0.627000 0.679130 0.060000 0.046227
0 0.462000 0.559483 0.060000 0.046227