1 0.500500 0.092454 0.811000 0.059823
1 0.591000 0.151258 0.630000 0.057784
1 0.500500 0.238953 0.811000 0.117607
1 0.185500 0.151258 0.181000 0.057784
1 0.500500 0.385112 0.811000 0.174711
1 0.646500 0.501700 0.519000 0.058464
1 0.720500 0.618287 0.371000 0.059143
1 0.241000 0.501700 0.292000 0.058464
1 0.500500 0.559823 0.811000 0.057784
1 0.315000 0.618287 0.440000 0.059143
1 0.500500 0.795717 0.811000 0.295717
0 0.145000 0.911965 0.058000 0.045547
0 0.566000 0.617267 0.060000 0.047587
0 0.144500 0.267165 0.059000 0.047587
0 0.306000 0.151258 0.058000 0.044188
0 0.418500 0.501020 0.059000 0.044867