1 0.500000 0.123725 0.818000 0.116927
1 0.867000 0.327668 0.084000 0.058464
1 0.500000 0.240313 0.818000 0.116247
1 0.866000 0.386132 0.086000 0.058464
1 0.458000 0.327668 0.734000 0.058464
1 0.768500 0.502039 0.281000 0.059143
1 0.500000 0.443916 0.818000 0.057104
1 0.457000 0.386132 0.732000 0.058464
1 0.686500 0.618967 0.445000 0.057784
1 0.500000 0.560843 0.818000 0.058464
1 0.359500 0.502039 0.537000 0.059143
1 0.277500 0.618967 0.373000 0.057784
1 0.500000 0.735214 0.818000 0.174711
1 0.636500 0.851462 0.545000 0.057784
1 0.227500 0.851462 0.273000 0.057784
1 0.500000 0.911965 0.818000 0.063222
0 0.494500 0.618287 0.061000 0.046907
0 0.856000 0.327668 0.060000 0.044867
0 0.397000 0.852141 0.060000 0.044188
0 0.856500 0.386132 0.061000 0.044867
0 0.141500 0.911285 0.061000 0.045547
0 0.662500 0.501700 0.059000 0.044867
0 0.141500 0.152957 0.059000 0.044867