1 0.499500 0.149558 0.813000 0.175391
1 0.615500 0.266825 0.581000 0.059143
1 0.499500 0.383753 0.813000 0.174711
1 0.209000 0.266825 0.232000 0.059143
1 0.637500 0.500340 0.537000 0.058464
1 0.231000 0.500340 0.276000 0.058464
1 0.722000 0.558804 0.368000 0.058464
1 0.864500 0.676411 0.083000 0.058464
1 0.499500 0.617607 0.813000 0.059143
1 0.315500 0.558804 0.445000 0.058464
1 0.864500 0.734534 0.083000 0.057784
1 0.458000 0.676411 0.730000 0.058464
1 0.458000 0.734534 0.730000 0.057784
1 0.499500 0.792998 0.813000 0.059143
1 0.735000 0.851462 0.342000 0.057784
1 0.328500 0.851462 0.471000 0.057784
1 0.499500 0.911625 0.813000 0.062542
0 0.595000 0.851462 0.058000 0.045547
0 0.144000 0.911285 0.058000 0.045547
0 0.858000 0.676071 0.060000 0.044188
0 0.858500 0.735214 0.061000 0.046907
0 0.358000 0.266485 0.060000 0.046227
0 0.403000 0.500340 0.060000 0.044867
0 0.571000 0.559823 0.060000 0.045547