1 0.785500 0.142420 0.249000 0.057784
1 0.503000 0.086336 0.814000 0.054385
1 0.523000 0.142420 0.276000 0.057784
1 0.284500 0.142420 0.201000 0.057784
1 0.140000 0.142420 0.088000 0.057784
1 0.755000 0.200204 0.310000 0.057784
1 0.435000 0.200204 0.330000 0.057784
1 0.183000 0.200204 0.174000 0.057784
1 0.840000 0.258328 0.140000 0.058464
1 0.570000 0.258328 0.400000 0.058464
1 0.233000 0.258328 0.274000 0.058464
1 0.783500 0.316451 0.253000 0.057784
1 0.510000 0.316451 0.294000 0.057784
1 0.229500 0.316451 0.267000 0.057784
1 0.750000 0.374235 0.320000 0.057784
1 0.479500 0.374235 0.221000 0.057784
1 0.269000 0.374235 0.200000 0.057784
1 0.132500 0.374235 0.073000 0.057784
1 0.793000 0.432699 0.234000 0.059143
1 0.584500 0.432699 0.183000 0.059143
1 0.294500 0.432699 0.397000 0.059143
1 0.740000 0.619646 0.340000 0.057784
1 0.503000 0.562542 0.814000 0.056424
1 0.443500 0.619646 0.253000 0.057784
1 0.206500 0.619646 0.221000 0.057784
1 0.869000 0.677770 0.082000 0.058464
1 0.682000 0.677770 0.292000 0.058464
1 0.391000 0.677770 0.290000 0.058464
1 0.171000 0.677770 0.150000 0.058464
1 0.818500 0.735894 0.183000 0.057784
1 0.476500 0.735894 0.501000 0.057784
1 0.161000 0.735894 0.130000 0.057784
1 0.818500 0.794358 0.183000 0.059143
1 0.557500 0.794358 0.339000 0.059143
1 0.242000 0.794358 0.292000 0.059143
1 0.760500 0.852821 0.299000 0.057784
1 0.436500 0.852821 0.349000 0.057784
1 0.796500 0.911625 0.227000 0.059823
1 0.179000 0.852821 0.166000 0.057784
1 0.553000 0.911625 0.260000 0.059823
1 0.259500 0.911625 0.327000 0.059823
0 0.295000 0.849082 0.060000 0.044867
0 0.714000 0.908906 0.058000 0.046227
0 0.643000 0.849082 0.060000 0.044867
0 0.457500 0.908906 0.059000 0.046227
0 0.420000 0.791638 0.060000 0.046907
0 0.145000 0.791298 0.062000 0.046227
0 0.144500 0.909245 0.059000 0.045547
0 0.393500 0.314752 0.057000 0.044867
0 0.348500 0.616927 0.061000 0.046907
0 0.689000 0.314412 0.058000 0.045547
0 0.401500 0.256968 0.059000 0.046227
0 0.214500 0.140381 0.059000 0.045547
0 0.302500 0.199184 0.061000 0.044867
0 0.602500 0.616927 0.061000 0.046907
0 0.691500 0.140041 0.059000 0.044867
0 0.862000 0.675051 0.058000 0.044867
0 0.568000 0.674711 0.060000 0.044188
0 0.278500 0.675051 0.059000 0.044867
0 0.631500 0.199524 0.059000 0.044188
0 0.418500 0.139701 0.059000 0.045547
0 0.760500 0.791638 0.061000 0.045547
0 0.757500 0.733515 0.061000 0.047587
0 0.145000 0.314752 0.058000 0.044867
0 0.198000 0.371516 0.058000 0.045547
0 0.801000 0.254589 0.060000 0.046907
0 0.523000 0.429640 0.062000 0.046227
0 0.623500 0.371516 0.059000 0.045547
0 0.257500 0.733515 0.061000 0.046227
0 0.143500 0.257308 0.059000 0.045547
0 0.135000 0.428960 0.060000 0.046227
0 0.707500 0.428960 0.059000 0.046227
0 0.401500 0.371856 0.059000 0.044867