1 0.500000 0.206322 0.812000 0.292998
1 0.530000 0.382053 0.752000 0.058464
1 0.706000 0.498980 0.400000 0.057104
1 0.500000 0.440857 0.812000 0.059143
1 0.124000 0.382053 0.060000 0.058464
1 0.537500 0.556764 0.737000 0.058464
1 0.300000 0.498980 0.412000 0.057104
1 0.131500 0.556764 0.075000 0.058464
1 0.590000 0.848402 0.632000 0.057104
1 0.500000 0.702923 0.812000 0.233855
1 0.184000 0.848402 0.180000 0.057104
1 0.500000 0.907886 0.812000 0.061863
0 0.307000 0.848063 0.060000 0.045547
0 0.201500 0.557444 0.059000 0.046227
0 0.186000 0.381373 0.060000 0.047587
0 0.141000 0.906186 0.060000 0.047587
0 0.537000 0.497961 0.060000 0.045547