1 0.642000 0.210401 0.536000 0.057784
1 0.503000 0.122706 0.814000 0.117607
1 0.503000 0.297757 0.814000 0.116927
1 0.235000 0.210401 0.278000 0.057784
1 0.701000 0.385112 0.418000 0.057784
1 0.703000 0.443576 0.414000 0.059143
1 0.294000 0.385112 0.396000 0.057784
1 0.503000 0.530931 0.814000 0.115568
1 0.296000 0.443576 0.400000 0.059143
1 0.777500 0.618287 0.265000 0.059143
1 0.867000 0.735214 0.086000 0.059143
1 0.503000 0.676751 0.814000 0.057784
1 0.370500 0.618287 0.549000 0.059143
1 0.547000 0.793678 0.726000 0.057784
1 0.460000 0.735214 0.728000 0.059143
1 0.503000 0.882733 0.814000 0.120326
1 0.140000 0.793678 0.088000 0.057784
0 0.147500 0.912305 0.061000 0.044867
0 0.677000 0.618627 0.058000 0.046227
0 0.529500 0.445615 0.059000 0.045547
0 0.859000 0.735554 0.060000 0.044867
0 0.214000 0.792658 0.058000 0.046227
0 0.524000 0.386472 0.060000 0.045547
0 0.409000 0.210401 0.060000 0.046907