1 0.535000 0.424242 0.748000 0.104683
1 0.743500 0.186295 0.331000 0.053030
1 0.598500 0.721074 0.619000 0.053719
1 0.369500 0.186295 0.417000 0.053030
1 0.510500 0.558884 0.697000 0.054408
1 0.387500 0.774449 0.453000 0.054408
1 0.432000 0.503788 0.542000 0.055785
1 0.754500 0.292355 0.309000 0.054408
1 0.619000 0.612259 0.442000 0.052342
1 0.761000 0.774449 0.296000 0.053030
1 0.279500 0.611915 0.237000 0.051653
1 0.483500 0.238981 0.427000 0.052342
1 0.446000 0.878788 0.568000 0.056474
1 0.806500 0.503788 0.205000 0.055785
1 0.298500 0.345386 0.275000 0.051653
1 0.672500 0.345386 0.471000 0.051653
1 0.380500 0.292355 0.439000 0.054408
1 0.535000 0.826446 0.746000 0.049587
1 0.803500 0.238981 0.211000 0.052342
1 0.611000 0.666322 0.596000 0.055785
1 0.216000 0.238981 0.108000 0.052342
1 0.237000 0.666322 0.152000 0.055785
1 0.819500 0.879132 0.177000 0.055785
1 0.884500 0.559229 0.049000 0.055096
1 0.224500 0.720730 0.127000 0.053030
1 0.874000 0.612603 0.070000 0.051653
0 0.194000 0.884298 0.042000 0.031680
0 0.752000 0.885331 0.042000 0.032369
0 0.194000 0.777204 0.042000 0.032369
0 0.621500 0.297521 0.041000 0.031680
0 0.335000 0.671143 0.042000 0.032369
0 0.420000 0.616391 0.042000 0.031680
0 0.457500 0.350207 0.043000 0.032369
0 0.725500 0.511019 0.043000 0.033058
0 0.633500 0.777204 0.041000 0.032369
0 0.718500 0.243457 0.041000 0.032369
0 0.311500 0.724174 0.043000 0.032369
0 0.600000 0.185950 0.042000 0.033058
1 0.536000 0.128444 0.752000 0.062672
0 0.291000 0.243457 0.042000 0.032369
0 0.881500 0.563705 0.043000 0.032369
0 0.881500 0.617080 0.043000 0.033058