1 0.461000 0.579890 0.748000 0.107438
1 0.460500 0.823003 0.747000 0.166667
1 0.526500 0.238981 0.617000 0.055096
1 0.380500 0.660813 0.587000 0.054408
1 0.684000 0.184917 0.302000 0.053030
1 0.579500 0.501033 0.511000 0.050275
1 0.243000 0.713843 0.310000 0.051653
1 0.590000 0.713843 0.384000 0.051653
1 0.436500 0.450069 0.697000 0.051653
1 0.253000 0.397039 0.328000 0.054408
1 0.311000 0.184917 0.446000 0.053030
1 0.206500 0.501033 0.237000 0.050275
1 0.626000 0.397039 0.418000 0.054408
1 0.461500 0.291322 0.749000 0.050964
1 0.461000 0.343320 0.746000 0.053030
1 0.755500 0.660813 0.159000 0.054408
1 0.152500 0.238981 0.129000 0.055096
1 0.809000 0.450069 0.052000 0.051653
1 0.809000 0.713843 0.052000 0.051653
0 0.123000 0.296143 0.042000 0.031680
0 0.554500 0.190427 0.041000 0.030992
0 0.349000 0.507920 0.042000 0.030992
0 0.123500 0.877066 0.043000 0.032369
0 0.238500 0.243802 0.041000 0.031680
0 0.696500 0.666667 0.041000 0.031680
0 0.438500 0.402548 0.041000 0.030992
0 0.419500 0.718320 0.041000 0.031680
0 0.804500 0.719353 0.041000 0.030992
0 0.804500 0.455923 0.041000 0.031680
1 0.462500 0.127755 0.751000 0.061295