1 0.497500 0.152957 0.809000 0.175391
1 0.629000 0.269545 0.546000 0.057784
1 0.770500 0.385792 0.263000 0.059143
1 0.224500 0.269545 0.263000 0.057784
1 0.497500 0.327328 0.809000 0.057784
1 0.366000 0.385792 0.546000 0.059143
1 0.542500 0.502379 0.719000 0.058464
1 0.497500 0.444256 0.809000 0.057784
1 0.138000 0.502379 0.090000 0.058464
1 0.787500 0.618967 0.229000 0.057784
1 0.497500 0.560843 0.809000 0.058464
1 0.383000 0.618967 0.580000 0.057784
1 0.547000 0.676751 0.710000 0.057784
1 0.142500 0.676751 0.099000 0.057784
1 0.497500 0.823589 0.809000 0.235894
0 0.144000 0.910605 0.058000 0.045547
0 0.671500 0.384092 0.059000 0.047587
0 0.704000 0.618287 0.060000 0.046907
0 0.387500 0.270904 0.059000 0.045547
0 0.213500 0.501700 0.059000 0.044867
0 0.222000 0.677090 0.058000 0.044867