1 0.500500 0.122706 0.815000 0.117607
1 0.797000 0.210741 0.222000 0.058464
1 0.571000 0.269205 0.674000 0.058464
1 0.389500 0.210741 0.593000 0.058464
1 0.676500 0.385112 0.463000 0.057784
1 0.500500 0.327328 0.815000 0.057784
1 0.163500 0.269205 0.141000 0.058464
1 0.640000 0.443576 0.536000 0.059143
1 0.269000 0.385112 0.352000 0.057784
1 0.232500 0.443576 0.279000 0.059143
1 0.500500 0.502379 0.815000 0.058464
1 0.745500 0.560843 0.325000 0.058464
1 0.615000 0.619307 0.586000 0.058464
1 0.338000 0.560843 0.490000 0.058464
1 0.207500 0.619307 0.229000 0.058464
1 0.500500 0.795377 0.815000 0.293678
0 0.143000 0.911285 0.060000 0.045547
0 0.403000 0.442216 0.060000 0.046907
0 0.616500 0.559823 0.061000 0.046907
0 0.717500 0.210401 0.059000 0.044188
0 0.354500 0.618287 0.061000 0.046907
0 0.264500 0.267505 0.059000 0.046907
0 0.479500 0.385112 0.061000 0.045547