1 0.823500 0.268185 0.169000 0.057784
1 0.501500 0.151258 0.813000 0.176071
1 0.726500 0.384772 0.363000 0.059823
1 0.501500 0.325969 0.813000 0.057784
1 0.417000 0.268185 0.644000 0.057784
1 0.501500 0.501700 0.813000 0.174031
1 0.320000 0.384772 0.450000 0.059823
1 0.553000 0.618287 0.710000 0.059143
1 0.501500 0.735214 0.813000 0.174711
1 0.768000 0.851801 0.280000 0.058464
1 0.146500 0.618287 0.103000 0.059143
1 0.361500 0.851801 0.533000 0.058464
1 0.501500 0.912305 0.813000 0.062542
0 0.141000 0.912644 0.060000 0.045547
0 0.579500 0.385112 0.061000 0.046907
0 0.660500 0.852481 0.059000 0.044867
0 0.771500 0.268525 0.059000 0.047587
0 0.230000 0.617607 0.058000 0.046907