1 0.322500 0.185606 0.217000 0.054408
1 0.550500 0.185606 0.239000 0.054408
1 0.698500 0.612603 0.419000 0.054408
1 0.507000 0.295110 0.460000 0.055785
1 0.409500 0.769628 0.497000 0.053030
1 0.705000 0.558540 0.308000 0.053719
1 0.793500 0.666322 0.231000 0.053030
1 0.324500 0.612603 0.327000 0.054408
1 0.696000 0.878788 0.426000 0.056474
1 0.290000 0.505510 0.258000 0.052342
1 0.664000 0.505510 0.488000 0.052342
1 0.588500 0.823347 0.639000 0.054408
1 0.356000 0.558540 0.390000 0.053719
1 0.296000 0.666322 0.270000 0.053030
1 0.322000 0.878788 0.322000 0.056474
1 0.384000 0.349174 0.446000 0.053719
1 0.596000 0.717975 0.526000 0.050275
1 0.516500 0.401515 0.365000 0.050964
1 0.425500 0.240014 0.529000 0.054408
1 0.703500 0.453168 0.411000 0.052342
1 0.783000 0.769628 0.252000 0.053030
1 0.554500 0.666322 0.245000 0.053030
1 0.329000 0.453168 0.336000 0.052342
1 0.789000 0.185606 0.240000 0.054408
1 0.803500 0.401515 0.211000 0.050964
1 0.247500 0.401515 0.173000 0.050964
1 0.758000 0.349174 0.302000 0.053719
1 0.247000 0.717975 0.172000 0.050275
1 0.800000 0.240014 0.218000 0.054408
1 0.218500 0.295110 0.115000 0.055785
1 0.534500 0.128099 0.749000 0.060606
1 0.214500 0.823347 0.107000 0.054408
1 0.823500 0.294766 0.171000 0.055096
1 0.884500 0.558884 0.051000 0.053030
1 0.883500 0.717975 0.051000 0.050275
0 0.681500 0.772727 0.045000 0.034435
0 0.354000 0.720041 0.042000 0.033747
0 0.519500 0.451791 0.045000 0.034435
0 0.196000 0.772039 0.044000 0.034435
0 0.700000 0.665634 0.044000 0.033747
0 0.195000 0.560950 0.044000 0.033747
0 0.572500 0.560262 0.043000 0.033747
0 0.193000 0.881198 0.044000 0.033747
0 0.712500 0.239325 0.043000 0.033747
0 0.505000 0.880165 0.044000 0.034435
0 0.719000 0.398416 0.044000 0.033747
0 0.288000 0.824725 0.042000 0.033747
0 0.441000 0.505165 0.044000 0.033747
0 0.881000 0.559917 0.044000 0.034435
0 0.236500 0.187328 0.043000 0.034435
0 0.758500 0.292700 0.043000 0.034435
0 0.297000 0.293388 0.044000 0.034435
0 0.628500 0.345386 0.043000 0.033747
0 0.455000 0.665978 0.044000 0.034435
0 0.880000 0.718320 0.044000 0.034435
0 0.689500 0.185950 0.043000 0.034435
0 0.356000 0.399793 0.044000 0.033747
0 0.509500 0.613636 0.043000 0.033058
0 0.452500 0.186295 0.043000 0.033747
1 0.188000 0.185950 0.052000 0.055096