1 0.499000 0.124405 0.814000 0.116927
1 0.864500 0.211761 0.083000 0.057784
1 0.457500 0.211761 0.731000 0.057784
1 0.499000 0.269884 0.814000 0.058464
1 0.549500 0.386132 0.713000 0.058464
1 0.499000 0.328008 0.814000 0.057784
1 0.620500 0.503399 0.571000 0.057784
1 0.499000 0.444935 0.814000 0.059143
1 0.142500 0.386132 0.101000 0.058464
1 0.213500 0.503399 0.243000 0.057784
1 0.499000 0.561183 0.814000 0.057784
1 0.806500 0.618967 0.199000 0.057784
1 0.399500 0.618967 0.615000 0.057784
1 0.748000 0.677430 0.316000 0.059143
1 0.341000 0.677430 0.498000 0.059143
1 0.792500 0.735894 0.227000 0.057784
1 0.622000 0.794018 0.568000 0.058464
1 0.385500 0.735894 0.587000 0.057784
1 0.499000 0.883753 0.814000 0.121006
1 0.215000 0.794018 0.246000 0.058464
0 0.715000 0.734534 0.058000 0.045547
0 0.224500 0.385792 0.059000 0.044188
0 0.623500 0.676411 0.059000 0.044867
0 0.856500 0.211421 0.059000 0.044867
0 0.369000 0.792658 0.060000 0.047587
0 0.142500 0.910945 0.059000 0.046227
0 0.742000 0.618967 0.060000 0.046907
0 0.142000 0.270564 0.058000 0.044867
0 0.366000 0.501360 0.060000 0.045547