1 0.461000 0.395661 0.746000 0.160468
1 0.375500 0.289256 0.577000 0.052342
1 0.374500 0.501722 0.573000 0.053030
1 0.257500 0.661157 0.339000 0.052342
1 0.461500 0.556474 0.745000 0.056474
1 0.631000 0.661157 0.408000 0.052342
1 0.540500 0.823347 0.587000 0.054408
1 0.588500 0.768939 0.491000 0.054408
1 0.461000 0.609848 0.748000 0.050275
1 0.462000 0.234848 0.746000 0.056474
1 0.215500 0.768595 0.255000 0.055096
1 0.461000 0.714532 0.746000 0.054408
1 0.461500 0.878788 0.747000 0.056474
1 0.748500 0.501722 0.173000 0.053030
1 0.461500 0.151171 0.747000 0.110882
1 0.750000 0.289256 0.170000 0.052342
1 0.168000 0.823347 0.160000 0.054408
0 0.122500 0.558884 0.045000 0.035124
0 0.116500 0.183540 0.045000 0.033747
0 0.683500 0.504132 0.045000 0.034435
0 0.123000 0.880165 0.046000 0.034435
0 0.449500 0.666322 0.045000 0.033747
0 0.686000 0.292355 0.042000 0.032369
0 0.267500 0.826102 0.041000 0.032369
0 0.365000 0.772727 0.044000 0.034435