1 0.500000 0.089735 0.808000 0.059823
1 0.534000 0.148878 0.740000 0.058464
1 0.500000 0.295037 0.808000 0.233855
1 0.130000 0.148878 0.068000 0.058464
1 0.680500 0.441536 0.447000 0.059143
1 0.500000 0.558804 0.808000 0.175391
1 0.276500 0.441536 0.361000 0.059143
1 0.500000 0.734534 0.808000 0.176071
1 0.775500 0.851801 0.257000 0.058464
1 0.371500 0.851801 0.551000 0.058464
1 0.500000 0.912305 0.808000 0.062542
0 0.144000 0.911965 0.058000 0.045547
0 0.681000 0.851122 0.058000 0.043508
0 0.144500 0.617607 0.059000 0.046907
0 0.489500 0.440857 0.059000 0.046907
0 0.196500 0.148538 0.059000 0.045547