1 0.785500 0.211421 0.237000 0.058464
1 0.498500 0.123725 0.811000 0.116927
1 0.498500 0.269205 0.811000 0.057104
1 0.380000 0.211421 0.574000 0.058464
1 0.771500 0.327328 0.265000 0.059143
1 0.585000 0.386132 0.638000 0.058464
1 0.366000 0.327328 0.546000 0.059143
1 0.498500 0.444935 0.811000 0.059143
1 0.179500 0.386132 0.173000 0.058464
1 0.551000 0.503059 0.706000 0.057104
1 0.498500 0.560843 0.811000 0.058464
1 0.145500 0.503059 0.105000 0.057104
1 0.864000 0.619646 0.080000 0.059143
1 0.816000 0.677770 0.176000 0.057104
1 0.458500 0.619646 0.731000 0.059143
1 0.541500 0.735894 0.725000 0.059143
1 0.410500 0.677770 0.635000 0.057104
1 0.613500 0.852821 0.581000 0.057784
1 0.498500 0.794697 0.811000 0.058464
1 0.136000 0.735894 0.086000 0.059143
1 0.498500 0.912305 0.811000 0.061183
1 0.208000 0.852821 0.230000 0.057784
0 0.144500 0.911965 0.059000 0.045547
0 0.229500 0.503059 0.061000 0.046227
0 0.210000 0.737933 0.060000 0.044188
0 0.856500 0.617607 0.059000 0.046907
0 0.296500 0.385452 0.061000 0.044867
0 0.673000 0.326649 0.060000 0.045547
0 0.356000 0.852481 0.060000 0.046227
0 0.701000 0.210741 0.060000 0.044867
0 0.763000 0.678450 0.060000 0.046227