1 0.500500 0.092454 0.815000 0.058464
1 0.627500 0.150578 0.561000 0.057784
1 0.734000 0.209041 0.348000 0.059143
1 0.220000 0.150578 0.254000 0.057784
1 0.747000 0.267505 0.322000 0.057784
1 0.326500 0.209041 0.467000 0.059143
1 0.339500 0.267505 0.493000 0.057784
1 0.699500 0.325629 0.417000 0.058464
1 0.292000 0.325629 0.398000 0.058464
1 0.569000 0.384092 0.678000 0.058464
1 0.161500 0.384092 0.137000 0.058464
1 0.641500 0.442556 0.533000 0.058464
1 0.234000 0.442556 0.282000 0.058464
1 0.634000 0.501020 0.548000 0.058464
1 0.226500 0.501020 0.267000 0.058464
1 0.601500 0.559483 0.613000 0.058464
1 0.194000 0.559483 0.202000 0.058464
1 0.684000 0.676071 0.448000 0.059143
1 0.500500 0.617607 0.815000 0.057784
1 0.276500 0.676071 0.367000 0.059143
1 0.750000 0.734534 0.316000 0.057784
1 0.342500 0.734534 0.499000 0.057784
1 0.500500 0.792998 0.815000 0.059143
1 0.500500 0.851462 0.815000 0.057784
1 0.500500 0.911625 0.815000 0.062542
0 0.265000 0.385452 0.060000 0.046227
0 0.525000 0.326309 0.060000 0.044867
0 0.141500 0.913664 0.059000 0.044867
0 0.141000 0.091774 0.060000 0.046227
0 0.379500 0.150578 0.059000 0.044188
0 0.594000 0.208702 0.060000 0.046227
0 0.395000 0.501020 0.060000 0.044867
0 0.626500 0.735214 0.059000 0.044188
0 0.618500 0.266825 0.061000 0.046907
0 0.329500 0.559143 0.059000 0.045547
0 0.140500 0.792998 0.059000 0.046907
0 0.409500 0.441536 0.059000 0.046907
0 0.140500 0.851122 0.059000 0.044867
0 0.491000 0.677090 0.058000 0.044867