1 0.461000 0.502410 0.746000 0.159091
1 0.462000 0.664256 0.748000 0.054408
1 0.394500 0.609504 0.611000 0.055096
1 0.654500 0.395317 0.359000 0.055096
1 0.461500 0.236226 0.747000 0.052342
1 0.300000 0.290289 0.424000 0.054408
1 0.673500 0.289945 0.323000 0.055096
1 0.391500 0.716598 0.607000 0.050275
1 0.461500 0.769284 0.747000 0.055096
1 0.360000 0.823003 0.544000 0.052342
1 0.545500 0.181474 0.575000 0.057163
1 0.282000 0.395317 0.388000 0.055096
1 0.734000 0.823003 0.202000 0.052342
1 0.461500 0.878099 0.747000 0.057851
1 0.173500 0.181474 0.171000 0.057163
1 0.764500 0.716598 0.141000 0.050275
1 0.460500 0.342975 0.747000 0.050964
1 0.768000 0.609160 0.134000 0.054408
0 0.281000 0.185262 0.042000 0.031680
0 0.714500 0.719697 0.041000 0.031680
0 0.122500 0.880510 0.043000 0.032369
0 0.496500 0.399449 0.041000 0.031680
0 0.533000 0.292011 0.042000 0.031680
0 0.722000 0.613292 0.042000 0.032369
0 0.654000 0.826102 0.042000 0.032369
1 0.461500 0.124656 0.745000 0.055096