1 0.461500 0.529614 0.749000 0.110193
1 0.527000 0.449036 0.616000 0.050964
1 0.217500 0.609848 0.259000 0.050275
1 0.387000 0.289945 0.598000 0.055096
1 0.360000 0.767906 0.546000 0.052342
1 0.513500 0.662879 0.643000 0.055785
1 0.591000 0.609848 0.488000 0.050275
1 0.549500 0.397727 0.571000 0.053030
1 0.461000 0.344353 0.748000 0.053719
1 0.734500 0.767562 0.201000 0.053030
1 0.461500 0.850207 0.747000 0.112259
1 0.461000 0.716253 0.748000 0.050964
1 0.461500 0.179408 0.747000 0.167355
1 0.176000 0.397383 0.176000 0.052342
1 0.760000 0.289945 0.150000 0.055096
1 0.140000 0.662879 0.104000 0.055785
1 0.153000 0.449036 0.130000 0.049587
0 0.115000 0.872590 0.046000 0.034435
0 0.370000 0.610537 0.044000 0.033747
0 0.215500 0.662534 0.045000 0.034435
0 0.286000 0.398072 0.044000 0.034435
0 0.242500 0.451446 0.045000 0.033747
0 0.708500 0.293388 0.043000 0.034435
0 0.657000 0.769972 0.044000 0.034435