1 0.500000 0.121686 0.812000 0.118287
1 0.863500 0.326309 0.085000 0.058464
1 0.500000 0.238953 0.812000 0.116247
1 0.765000 0.384772 0.282000 0.058464
1 0.457500 0.326309 0.727000 0.058464
1 0.626500 0.442896 0.559000 0.057784
1 0.359000 0.384772 0.530000 0.058464
1 0.220500 0.442896 0.253000 0.057784
1 0.768000 0.617607 0.276000 0.057784
1 0.500000 0.530252 0.812000 0.116927
1 0.701500 0.676071 0.409000 0.059143
1 0.362000 0.617607 0.536000 0.057784
1 0.295500 0.676071 0.403000 0.059143
1 0.580000 0.734534 0.652000 0.057784
1 0.174000 0.734534 0.160000 0.057784
1 0.861500 0.851801 0.089000 0.058464
1 0.500000 0.792998 0.812000 0.059143
1 0.455500 0.851801 0.723000 0.058464
1 0.500000 0.912305 0.812000 0.062542
0 0.143000 0.912305 0.058000 0.044867
0 0.853500 0.850102 0.059000 0.044188
0 0.660500 0.617947 0.059000 0.047587
0 0.656500 0.383413 0.059000 0.046227
0 0.288000 0.733855 0.060000 0.045547
0 0.143000 0.149218 0.058000 0.044188
0 0.853000 0.326309 0.058000 0.043508
0 0.381000 0.441536 0.058000 0.046907
0 0.530000 0.676071 0.058000 0.044188