1 0.535000 0.420799 0.748000 0.108815
1 0.615500 0.236570 0.587000 0.053030
1 0.535000 0.289256 0.746000 0.052342
1 0.356000 0.556129 0.388000 0.051653
1 0.729500 0.556474 0.359000 0.050964
1 0.535000 0.741736 0.746000 0.108815
1 0.509500 0.661846 0.693000 0.050964
1 0.534500 0.609160 0.747000 0.054408
1 0.341000 0.181818 0.360000 0.055096
1 0.715500 0.182163 0.387000 0.055785
1 0.353500 0.340565 0.385000 0.051653
1 0.726500 0.340909 0.363000 0.050964
1 0.414500 0.822658 0.507000 0.053030
1 0.509000 0.503444 0.694000 0.055096
1 0.788000 0.822658 0.242000 0.053030
1 0.242500 0.236226 0.159000 0.053719
1 0.535000 0.878099 0.748000 0.057851
1 0.883000 0.503444 0.052000 0.055096
1 0.883000 0.662534 0.052000 0.050964
0 0.573000 0.557851 0.044000 0.034435
0 0.189500 0.662534 0.045000 0.034435
0 0.344500 0.236570 0.045000 0.033747
0 0.689500 0.824725 0.045000 0.033747
0 0.190000 0.874656 0.046000 0.034435
0 0.569500 0.343320 0.045000 0.033747
0 0.880500 0.664256 0.045000 0.033747
0 0.544500 0.183884 0.045000 0.034435
0 0.880500 0.503444 0.045000 0.034435
1 0.536500 0.125344 0.751000 0.057851