1 0.497000 0.089735 0.812000 0.057104
1 0.712000 0.147179 0.382000 0.057784
1 0.612000 0.205303 0.582000 0.058464
1 0.306000 0.147179 0.430000 0.057784
1 0.206000 0.205303 0.230000 0.058464
1 0.792500 0.320870 0.221000 0.057104
1 0.497000 0.263426 0.812000 0.057784
1 0.386500 0.320870 0.591000 0.057104
1 0.629500 0.378314 0.547000 0.057784
1 0.223500 0.378314 0.265000 0.057784
1 0.760500 0.436098 0.285000 0.057784
1 0.354500 0.436098 0.527000 0.057784
1 0.860500 0.493882 0.085000 0.057784
1 0.492000 0.493882 0.652000 0.057784
1 0.128500 0.493882 0.075000 0.057784
1 0.651000 0.551666 0.504000 0.057784
1 0.626000 0.609109 0.554000 0.057104
1 0.245000 0.551666 0.308000 0.057784
1 0.220000 0.609109 0.258000 0.057104
1 0.497000 0.667233 0.812000 0.059143
1 0.759000 0.852821 0.288000 0.057784
1 0.497000 0.796057 0.812000 0.055744
1 0.489000 0.852821 0.252000 0.057784
1 0.227000 0.852821 0.272000 0.057784
1 0.773000 0.912644 0.260000 0.061863
1 0.500500 0.912644 0.285000 0.061863
1 0.224500 0.912644 0.267000 0.061863
0 0.199500 0.493202 0.057000 0.046907
0 0.649500 0.437118 0.059000 0.044867
0 0.715000 0.320870 0.058000 0.044867
0 0.672000 0.912305 0.058000 0.044867
0 0.648000 0.853841 0.058000 0.047587
0 0.381500 0.609109 0.059000 0.046227
0 0.387500 0.912305 0.059000 0.044867
0 0.141500 0.853501 0.059000 0.045547
0 0.851000 0.492522 0.064000 0.046907
0 0.142000 0.666553 0.058000 0.045547
0 0.354500 0.205642 0.061000 0.046907
0 0.141500 0.912644 0.057000 0.044188
0 0.430000 0.552345 0.060000 0.044188
0 0.554500 0.148199 0.059000 0.044867
0 0.394000 0.853501 0.060000 0.045547
0 0.389000 0.377294 0.060000 0.044867