1 0.460000 0.580234 0.748000 0.215565
1 0.384000 0.339187 0.594000 0.051653
1 0.461000 0.825758 0.746000 0.159780
1 0.188000 0.716598 0.200000 0.058540
1 0.179000 0.446625 0.182000 0.051653
1 0.461500 0.204201 0.747000 0.216942
1 0.757500 0.339187 0.155000 0.053030
1 0.461500 0.392906 0.745000 0.055785
1 0.562000 0.716598 0.546000 0.058540
1 0.551000 0.446625 0.562000 0.051653
0 0.700000 0.345730 0.040000 0.031680
0 0.114500 0.879477 0.043000 0.031680
0 0.291500 0.451791 0.041000 0.031680
0 0.310000 0.720041 0.042000 0.032369