1 0.743000 0.266825 0.334000 0.059143
1 0.501500 0.149558 0.817000 0.175391
1 0.501500 0.325289 0.817000 0.057784
1 0.334500 0.266825 0.483000 0.059143
1 0.599000 0.383753 0.622000 0.059143
1 0.501500 0.471448 0.817000 0.116247
1 0.190500 0.383753 0.195000 0.059143
1 0.869500 0.559143 0.081000 0.059143
1 0.532000 0.617947 0.756000 0.058464
1 0.461000 0.559143 0.736000 0.059143
1 0.624500 0.734534 0.571000 0.057784
1 0.501500 0.676411 0.817000 0.058464
1 0.123500 0.617947 0.061000 0.058464
1 0.501500 0.853161 0.817000 0.179470
1 0.216000 0.734534 0.246000 0.057784
0 0.861000 0.556084 0.058000 0.048946
0 0.145000 0.907886 0.060000 0.046907
0 0.370000 0.731475 0.060000 0.047587
0 0.319500 0.381713 0.061000 0.046907
0 0.189000 0.615908 0.060000 0.046227
0 0.610000 0.264786 0.060000 0.045547