1 0.606500 0.398416 0.457000 0.054408
1 0.263500 0.769972 0.351000 0.052342
1 0.302500 0.717975 0.429000 0.053030
1 0.403000 0.877410 0.628000 0.059229
1 0.275000 0.398416 0.208000 0.054408
1 0.274000 0.609848 0.372000 0.053030
1 0.648000 0.609848 0.374000 0.053030
1 0.367000 0.556129 0.558000 0.054408
1 0.675500 0.717631 0.319000 0.052342
1 0.637500 0.769972 0.395000 0.052342
1 0.462500 0.663912 0.747000 0.055096
1 0.437000 0.185950 0.698000 0.055096
1 0.462000 0.240014 0.748000 0.054408
1 0.367000 0.292700 0.560000 0.050964
1 0.394000 0.503788 0.484000 0.050275
1 0.320000 0.345041 0.464000 0.053719
1 0.461000 0.821970 0.748000 0.051653
1 0.461000 0.452135 0.744000 0.053030
1 0.693000 0.345041 0.284000 0.053719
1 0.736000 0.503788 0.198000 0.050275
1 0.741500 0.292355 0.187000 0.051653
1 0.740500 0.556129 0.189000 0.054408
1 0.530000 0.128444 0.608000 0.059917
1 0.776000 0.877410 0.118000 0.059229
1 0.810500 0.185950 0.049000 0.055096
1 0.129500 0.398760 0.083000 0.055096
1 0.120000 0.503788 0.064000 0.050275
1 0.157000 0.128444 0.138000 0.059917
0 0.573500 0.347452 0.043000 0.032369
0 0.119500 0.877755 0.043000 0.032369
0 0.668000 0.560262 0.042000 0.032369
0 0.246500 0.133953 0.041000 0.032369
0 0.483000 0.613292 0.042000 0.032369
0 0.192500 0.400138 0.043000 0.031680
0 0.538000 0.718664 0.042000 0.032369
0 0.658000 0.506543 0.042000 0.030992
0 0.669000 0.294766 0.042000 0.031680
0 0.172500 0.506198 0.041000 0.031680
0 0.808500 0.188705 0.043000 0.033058
0 0.738000 0.879132 0.042000 0.032369
0 0.460500 0.769628 0.041000 0.032369
0 0.401000 0.400826 0.042000 0.031680