1 0.749000 0.152617 0.318000 0.057784
1 0.501000 0.093814 0.814000 0.059823
1 0.811000 0.210741 0.194000 0.058464
1 0.342000 0.152617 0.496000 0.057784
1 0.464500 0.210741 0.499000 0.058464
1 0.727500 0.269205 0.361000 0.058464
1 0.154500 0.210741 0.121000 0.058464
1 0.639500 0.327328 0.537000 0.057784
1 0.320500 0.269205 0.453000 0.058464
1 0.501000 0.414684 0.814000 0.116927
1 0.814500 0.502039 0.187000 0.057784
1 0.232500 0.327328 0.277000 0.057784
1 0.864000 0.559823 0.088000 0.057784
1 0.407500 0.502039 0.627000 0.057784
1 0.457000 0.559823 0.726000 0.057784
1 0.865000 0.618287 0.086000 0.059143
1 0.591000 0.618287 0.462000 0.059143
1 0.607000 0.677090 0.602000 0.058464
1 0.227000 0.618287 0.266000 0.059143
1 0.200000 0.677090 0.212000 0.058464
1 0.565500 0.734874 0.685000 0.057104
1 0.158500 0.734874 0.129000 0.057104
1 0.745000 0.792998 0.326000 0.059143
1 0.338000 0.792998 0.488000 0.059143
1 0.793500 0.911285 0.229000 0.061863
1 0.501000 0.851462 0.814000 0.057784
1 0.386500 0.911285 0.585000 0.061863
0 0.713500 0.911625 0.057000 0.044867
0 0.854000 0.561523 0.060000 0.044867
0 0.622500 0.153297 0.057000 0.045547
0 0.144000 0.792998 0.060000 0.045547
0 0.342500 0.678790 0.059000 0.045547
0 0.144500 0.911965 0.059000 0.045547
0 0.252500 0.210401 0.059000 0.045547
0 0.748500 0.210741 0.059000 0.046227
0 0.753500 0.502719 0.061000 0.045547
0 0.255500 0.738273 0.059000 0.044867
0 0.392500 0.618967 0.059000 0.046907
0 0.857000 0.618967 0.060000 0.045547
0 0.613000 0.792998 0.060000 0.046907
0 0.580500 0.268185 0.061000 0.048266
0 0.405000 0.327668 0.060000 0.044867