1 0.785000 0.093134 0.240000 0.058464
1 0.551500 0.093134 0.227000 0.058464
1 0.313500 0.093134 0.249000 0.058464
1 0.141000 0.093134 0.096000 0.058464
1 0.866000 0.151937 0.078000 0.059143
1 0.717500 0.151937 0.219000 0.059143
1 0.480000 0.151937 0.256000 0.059143
1 0.222500 0.151937 0.259000 0.059143
1 0.838500 0.210401 0.133000 0.057784
1 0.610500 0.210401 0.323000 0.057784
1 0.338000 0.210401 0.222000 0.057784
1 0.823000 0.268865 0.164000 0.059143
1 0.160000 0.210401 0.134000 0.057784
1 0.626500 0.268865 0.229000 0.059143
1 0.413500 0.268865 0.197000 0.059143
1 0.865000 0.327328 0.080000 0.057784
1 0.204000 0.268865 0.222000 0.059143
1 0.499000 0.443576 0.812000 0.174711
1 0.459000 0.327328 0.732000 0.057784
1 0.534000 0.559823 0.742000 0.057784
1 0.826500 0.618287 0.157000 0.059143
1 0.128000 0.559823 0.070000 0.057784
1 0.638500 0.618287 0.219000 0.059143
1 0.400000 0.618287 0.258000 0.059143
1 0.834500 0.676751 0.141000 0.057784
1 0.182000 0.618287 0.178000 0.059143
1 0.672000 0.676751 0.184000 0.057784
1 0.367000 0.676751 0.426000 0.057784
1 0.742000 0.735214 0.326000 0.059143
1 0.123500 0.676751 0.061000 0.057784
1 0.451500 0.735214 0.255000 0.059143
1 0.208500 0.735214 0.231000 0.059143
1 0.866000 0.793678 0.078000 0.057784
1 0.713500 0.793678 0.227000 0.057784
1 0.447000 0.793678 0.306000 0.057784
1 0.193500 0.793678 0.201000 0.057784
1 0.807000 0.851462 0.196000 0.057784
1 0.531000 0.851462 0.356000 0.057784
1 0.223000 0.851462 0.260000 0.057784
1 0.801000 0.911965 0.208000 0.063222
1 0.535000 0.911965 0.324000 0.063222
1 0.233000 0.911965 0.280000 0.063222
0 0.640500 0.153637 0.059000 0.046227
0 0.354500 0.736914 0.059000 0.044867
0 0.346500 0.268525 0.059000 0.047587
0 0.405000 0.912644 0.060000 0.044188
0 0.856500 0.795037 0.061000 0.046907
0 0.143000 0.912984 0.058000 0.047587
0 0.727500 0.912984 0.059000 0.044867
0 0.195500 0.559823 0.059000 0.046907
0 0.696000 0.094494 0.060000 0.047587
0 0.801500 0.210401 0.059000 0.045547
0 0.563000 0.618967 0.060000 0.046907
0 0.856500 0.152617 0.059000 0.044188
0 0.383000 0.153637 0.058000 0.046227
0 0.769500 0.268525 0.059000 0.047587
0 0.385000 0.850782 0.060000 0.044188
0 0.481000 0.210061 0.060000 0.046227
0 0.738500 0.851462 0.059000 0.044188
0 0.258000 0.210061 0.058000 0.044867
0 0.633500 0.794697 0.061000 0.047587
0 0.610000 0.736914 0.058000 0.044867
0 0.777000 0.618287 0.060000 0.046907
0 0.324500 0.794697 0.059000 0.046227
0 0.857000 0.327668 0.060000 0.044867
0 0.220500 0.093814 0.061000 0.047587
0 0.303000 0.619307 0.060000 0.047587
0 0.611000 0.677770 0.060000 0.044867
0 0.542000 0.268185 0.060000 0.048266
0 0.186000 0.678110 0.060000 0.045547
0 0.791500 0.677770 0.059000 0.044867
0 0.469500 0.094154 0.059000 0.046907