1 0.534500 0.449725 0.747000 0.157025
1 0.287000 0.289945 0.252000 0.055096
1 0.453000 0.822314 0.584000 0.055096
1 0.628000 0.662879 0.560000 0.055785
1 0.734500 0.556474 0.349000 0.056474
1 0.360500 0.556818 0.399000 0.055785
1 0.772500 0.235537 0.271000 0.053719
1 0.399000 0.235537 0.476000 0.053719
1 0.660500 0.290289 0.495000 0.055785
1 0.534000 0.767906 0.748000 0.053719
1 0.702000 0.716253 0.414000 0.050964
1 0.252000 0.344353 0.182000 0.053719
1 0.535500 0.878099 0.747000 0.057851
1 0.625500 0.344353 0.567000 0.053719
1 0.328000 0.716253 0.334000 0.050964
1 0.535500 0.609848 0.747000 0.050275
1 0.254000 0.662879 0.186000 0.055785
1 0.535500 0.152893 0.747000 0.111570
1 0.827000 0.821970 0.162000 0.054408
0 0.195500 0.873967 0.045000 0.034435
0 0.518500 0.715909 0.045000 0.033747
0 0.660500 0.240358 0.045000 0.034435
0 0.369500 0.662534 0.043000 0.034435
0 0.770000 0.823691 0.046000 0.034435
0 0.436500 0.292355 0.045000 0.033747
0 0.583000 0.557851 0.044000 0.034435
0 0.365000 0.344353 0.044000 0.034435