1 0.500500 0.119646 0.815000 0.115568
1 0.635000 0.205982 0.546000 0.057104
1 0.500500 0.263086 0.815000 0.057104
1 0.227500 0.205982 0.269000 0.057104
1 0.500500 0.389191 0.815000 0.048266
1 0.823500 0.442556 0.169000 0.058464
1 0.579500 0.442556 0.319000 0.058464
1 0.710500 0.500680 0.395000 0.057784
1 0.256500 0.442556 0.327000 0.058464
1 0.763000 0.558804 0.290000 0.058464
1 0.303000 0.500680 0.420000 0.057784
1 0.666000 0.616927 0.484000 0.057784
1 0.355500 0.558804 0.525000 0.058464
1 0.800000 0.674711 0.216000 0.057784
1 0.258500 0.616927 0.331000 0.057784
1 0.863500 0.732835 0.089000 0.058464
1 0.392500 0.674711 0.599000 0.057784
1 0.456000 0.732835 0.726000 0.058464
1 0.865500 0.790959 0.085000 0.057784
1 0.704500 0.848742 0.407000 0.057784
1 0.458000 0.790959 0.730000 0.057784
1 0.297000 0.848742 0.408000 0.057784
1 0.500500 0.908226 0.815000 0.061183
0 0.652000 0.558464 0.062000 0.048266
0 0.456000 0.442216 0.058000 0.046907
0 0.534500 0.849422 0.059000 0.044188
0 0.856500 0.731815 0.061000 0.045547
0 0.456000 0.614888 0.060000 0.044188
0 0.857000 0.790279 0.060000 0.044188
0 0.143500 0.907886 0.059000 0.046907
0 0.729500 0.674371 0.059000 0.043508
0 0.777000 0.442556 0.060000 0.047587
0 0.549000 0.500680 0.060000 0.044188
0 0.143500 0.261727 0.059000 0.044867
0 0.396500 0.204623 0.061000 0.046227