1 0.534500 0.502410 0.747000 0.269284
1 0.510000 0.663567 0.698000 0.053030
1 0.795000 0.342975 0.228000 0.050964
1 0.535500 0.715909 0.749000 0.051653
1 0.451000 0.292011 0.580000 0.052342
1 0.534000 0.850207 0.748000 0.112259
1 0.431000 0.767562 0.540000 0.053030
1 0.421000 0.342975 0.520000 0.050964
1 0.824000 0.292355 0.168000 0.051653
1 0.805000 0.767562 0.208000 0.053030
1 0.535500 0.181129 0.745000 0.170799
1 0.884000 0.663567 0.050000 0.053030
0 0.742000 0.774449 0.042000 0.032369
0 0.199500 0.876722 0.043000 0.031680
0 0.702500 0.349174 0.043000 0.031680
0 0.881500 0.667700 0.043000 0.032369
0 0.763500 0.296488 0.043000 0.032369