1 0.559000 0.152617 0.702000 0.057784
1 0.500500 0.093814 0.819000 0.059823
1 0.500500 0.239973 0.819000 0.116927
1 0.149500 0.152617 0.117000 0.057784
1 0.623000 0.327328 0.574000 0.057784
1 0.500500 0.385112 0.819000 0.057784
1 0.581000 0.443576 0.658000 0.059143
1 0.213500 0.327328 0.245000 0.057784
1 0.500500 0.502039 0.819000 0.057784
1 0.171500 0.443576 0.161000 0.059143
1 0.619500 0.618627 0.581000 0.057104
1 0.500500 0.560503 0.819000 0.059143
1 0.500500 0.705982 0.819000 0.117607
1 0.660000 0.793678 0.500000 0.057784
1 0.210000 0.618627 0.238000 0.057104
1 0.566000 0.851462 0.688000 0.057784
1 0.250500 0.793678 0.319000 0.057784
1 0.500500 0.911625 0.819000 0.062542
1 0.156500 0.851462 0.131000 0.057784
0 0.253000 0.852141 0.060000 0.044188
0 0.143000 0.911965 0.060000 0.045547
0 0.443500 0.793338 0.061000 0.047587
0 0.361000 0.616927 0.058000 0.046907
0 0.285500 0.442896 0.061000 0.046907
0 0.143000 0.502039 0.058000 0.044188
0 0.370000 0.325969 0.060000 0.044188
0 0.240500 0.151598 0.059000 0.043508