1 0.518000 0.661846 0.632000 0.050964
1 0.668500 0.826446 0.333000 0.055096
1 0.461000 0.609848 0.746000 0.053030
1 0.294500 0.826446 0.413000 0.055096
1 0.259000 0.771006 0.342000 0.055785
1 0.367500 0.186639 0.559000 0.059229
1 0.542000 0.452135 0.584000 0.053030
1 0.632500 0.771006 0.405000 0.055785
1 0.523000 0.505165 0.624000 0.053030
1 0.348500 0.398416 0.521000 0.054408
1 0.722000 0.398416 0.226000 0.054408
1 0.461000 0.291667 0.748000 0.050275
1 0.553500 0.241047 0.565000 0.050964
1 0.180000 0.241391 0.184000 0.050275
1 0.557000 0.557163 0.556000 0.052342
1 0.741000 0.186639 0.188000 0.059229
1 0.461000 0.715220 0.746000 0.055785
1 0.460000 0.344008 0.746000 0.054408
1 0.182500 0.557507 0.191000 0.051653
1 0.169000 0.452135 0.162000 0.053030
1 0.461000 0.880510 0.746000 0.053030
1 0.149000 0.505165 0.122000 0.053030
1 0.145000 0.661846 0.114000 0.050964
0 0.120500 0.882576 0.045000 0.033747
0 0.234000 0.507920 0.044000 0.033747
0 0.452000 0.775138 0.044000 0.033747
0 0.524500 0.828857 0.043000 0.033747
1 0.461000 0.127066 0.748000 0.059917
0 0.301500 0.562328 0.045000 0.033747
0 0.117000 0.296143 0.044000 0.034435
0 0.631000 0.402204 0.044000 0.034435
0 0.295500 0.244146 0.045000 0.033747
0 0.670500 0.189394 0.045000 0.034435
0 0.273500 0.456612 0.045000 0.034435
0 0.225500 0.669077 0.045000 0.033747