1 0.535000 0.581267 0.746000 0.106061
1 0.535000 0.179752 0.746000 0.165289
1 0.436000 0.501722 0.550000 0.054408
1 0.451500 0.822314 0.581000 0.055096
1 0.754500 0.289945 0.309000 0.055096
1 0.758500 0.449036 0.299000 0.050964
1 0.809500 0.501033 0.197000 0.054408
1 0.380500 0.289945 0.439000 0.055096
1 0.535500 0.878099 0.747000 0.057851
1 0.508000 0.662879 0.692000 0.055785
1 0.589000 0.716253 0.640000 0.050964
1 0.535000 0.397727 0.746000 0.053030
1 0.534500 0.768251 0.747000 0.053030
1 0.291500 0.344353 0.261000 0.053719
1 0.825500 0.821970 0.167000 0.054408
1 0.665500 0.344353 0.487000 0.053719
1 0.214500 0.716253 0.107000 0.050964
1 0.385500 0.449036 0.447000 0.050964
1 0.882000 0.662879 0.054000 0.055785
0 0.189000 0.873967 0.046000 0.034435
0 0.631000 0.451446 0.044000 0.033747
0 0.733500 0.503444 0.045000 0.034435
0 0.623500 0.293044 0.045000 0.033747
0 0.443500 0.346074 0.043000 0.033747
0 0.877500 0.664601 0.045000 0.034435
0 0.289000 0.715565 0.044000 0.034435
0 0.765500 0.823347 0.045000 0.035124