1 0.500500 0.091434 0.815000 0.059143
1 0.752500 0.150238 0.311000 0.058464
1 0.625500 0.267165 0.565000 0.057104
1 0.500500 0.209041 0.815000 0.059143
1 0.345000 0.150238 0.504000 0.058464
1 0.500500 0.354181 0.815000 0.116927
1 0.218000 0.267165 0.250000 0.057104
1 0.500500 0.471108 0.815000 0.116927
1 0.756000 0.558804 0.304000 0.058464
1 0.348500 0.558804 0.511000 0.058464
1 0.500500 0.646839 0.815000 0.117607
1 0.864500 0.734874 0.087000 0.058464
1 0.457000 0.734874 0.728000 0.058464
1 0.695500 0.792998 0.425000 0.057784
1 0.500500 0.882393 0.815000 0.121006
1 0.288000 0.792998 0.390000 0.057784
0 0.637000 0.559483 0.060000 0.046227
0 0.628000 0.149218 0.060000 0.045547
0 0.143500 0.910605 0.059000 0.045547
0 0.856500 0.734874 0.061000 0.046227
0 0.515500 0.792658 0.061000 0.047587
0 0.143500 0.384772 0.059000 0.046227
0 0.373500 0.266485 0.059000 0.046227