1 0.461500 0.292355 0.747000 0.157713
1 0.672000 0.506198 0.326000 0.053719
1 0.402000 0.611226 0.630000 0.054408
1 0.661000 0.771694 0.348000 0.054408
1 0.461500 0.452479 0.747000 0.053719
1 0.298500 0.506198 0.421000 0.053719
1 0.220000 0.664945 0.264000 0.053030
1 0.594500 0.664945 0.481000 0.054408
1 0.462000 0.852961 0.748000 0.108127
1 0.607500 0.558196 0.455000 0.050275
1 0.391500 0.398416 0.607000 0.054408
1 0.287000 0.771694 0.398000 0.054408
1 0.234000 0.558196 0.292000 0.050275
1 0.461000 0.717975 0.746000 0.053030
1 0.435500 0.185950 0.697000 0.055096
1 0.764000 0.398416 0.142000 0.054408
1 0.776000 0.610882 0.118000 0.053719
1 0.810000 0.185950 0.050000 0.055096
0 0.375000 0.669421 0.042000 0.031680
0 0.533000 0.510675 0.042000 0.032369
0 0.113500 0.881198 0.043000 0.032369
0 0.716000 0.404270 0.042000 0.031680
0 0.808500 0.191804 0.043000 0.032369
0 0.508000 0.776171 0.042000 0.033058
0 0.738500 0.618113 0.041000 0.030992
0 0.400500 0.564050 0.041000 0.031680
1 0.462000 0.127066 0.750000 0.062672