1 0.535000 0.420455 0.746000 0.215565
1 0.534500 0.824380 0.747000 0.163912
1 0.535000 0.178030 0.746000 0.163223
1 0.753000 0.554752 0.310000 0.053030
1 0.430500 0.715909 0.539000 0.054408
1 0.535000 0.634986 0.746000 0.107438
1 0.510000 0.286501 0.694000 0.053719
1 0.380500 0.554752 0.437000 0.053030
1 0.804500 0.715565 0.209000 0.053719
1 0.883500 0.286846 0.051000 0.053030
0 0.188000 0.871901 0.044000 0.034435
0 0.621500 0.552686 0.045000 0.033747
0 0.720500 0.714876 0.041000 0.031680
0 0.878000 0.288912 0.040000 0.030992