1 0.461000 0.315427 0.748000 0.108815
1 0.461000 0.823691 0.748000 0.165289
1 0.654000 0.448347 0.362000 0.055096
1 0.224000 0.183196 0.272000 0.052342
1 0.280500 0.448691 0.385000 0.054408
1 0.345500 0.557507 0.515000 0.048898
1 0.597500 0.183540 0.475000 0.053030
1 0.460500 0.504477 0.745000 0.057163
1 0.461000 0.636364 0.746000 0.108815
1 0.719500 0.557507 0.231000 0.048898
1 0.461500 0.235193 0.745000 0.050275
1 0.533500 0.715909 0.603000 0.050275
1 0.388500 0.395661 0.601000 0.051653
1 0.159500 0.715909 0.145000 0.050275
1 0.762000 0.395661 0.146000 0.051653
0 0.114000 0.876722 0.046000 0.034435
0 0.119500 0.240358 0.045000 0.034435
0 0.626500 0.558196 0.045000 0.033747
0 0.383500 0.186983 0.045000 0.033747
0 0.711500 0.400482 0.043000 0.032369
0 0.494000 0.453512 0.042000 0.032369
0 0.254500 0.717631 0.045000 0.034435
1 0.462000 0.127410 0.746000 0.060606