1 0.499000 0.123046 0.812000 0.116927
1 0.499000 0.239973 0.812000 0.116927
1 0.624500 0.327328 0.561000 0.057784
1 0.790000 0.443916 0.230000 0.058464
1 0.218500 0.327328 0.251000 0.057784
1 0.499000 0.385452 0.812000 0.058464
1 0.384000 0.443916 0.582000 0.058464
1 0.863500 0.502039 0.083000 0.057784
1 0.457500 0.502039 0.729000 0.057784
1 0.577000 0.560503 0.656000 0.059143
1 0.499000 0.677430 0.812000 0.174711
1 0.171000 0.560503 0.156000 0.059143
1 0.666000 0.793678 0.478000 0.057784
1 0.597500 0.851462 0.615000 0.057784
1 0.260000 0.793678 0.334000 0.057784
1 0.191500 0.851462 0.197000 0.057784
1 0.499000 0.911285 0.812000 0.061863
0 0.282000 0.559823 0.060000 0.046907
0 0.322500 0.851462 0.061000 0.044188
0 0.143500 0.911965 0.059000 0.045547
0 0.853500 0.501360 0.059000 0.044188
0 0.460500 0.792998 0.061000 0.046907
0 0.143000 0.151598 0.058000 0.043508
0 0.376500 0.326649 0.059000 0.044188
0 0.709000 0.443916 0.060000 0.046227