1 0.501000 0.148538 0.816000 0.173351
1 0.720000 0.264446 0.378000 0.058464
1 0.312000 0.264446 0.438000 0.058464
1 0.737000 0.322230 0.344000 0.057104
1 0.329000 0.322230 0.472000 0.057104
1 0.547500 0.379334 0.723000 0.057104
1 0.139500 0.379334 0.093000 0.057104
1 0.501000 0.437118 0.816000 0.058464
1 0.501000 0.495241 0.816000 0.057784
1 0.583000 0.553025 0.652000 0.057784
1 0.175000 0.553025 0.164000 0.057784
1 0.501000 0.726377 0.816000 0.288919
0 0.567000 0.264446 0.060000 0.044867
0 0.215000 0.380014 0.060000 0.046227
0 0.598000 0.323249 0.060000 0.045547
0 0.141000 0.841264 0.058000 0.045547
0 0.291500 0.552345 0.059000 0.045547
0 0.142500 0.437118 0.059000 0.044867