1 0.534000 0.476584 0.746000 0.104683
1 0.534500 0.264463 0.747000 0.103306
1 0.535500 0.744490 0.747000 0.107438
1 0.508500 0.663223 0.695000 0.056474
1 0.796000 0.823347 0.226000 0.051653
1 0.535000 0.607782 0.746000 0.054408
1 0.448500 0.185606 0.573000 0.054408
1 0.636500 0.554752 0.543000 0.051653
1 0.263500 0.554408 0.205000 0.052342
1 0.280000 0.397727 0.238000 0.053030
1 0.422000 0.823347 0.522000 0.051653
1 0.654500 0.397727 0.509000 0.053030
1 0.780500 0.343664 0.255000 0.055096
1 0.407000 0.343664 0.492000 0.055096
1 0.821500 0.185606 0.173000 0.054408
1 0.534500 0.878099 0.747000 0.057851
1 0.883500 0.663223 0.051000 0.056474
0 0.191000 0.881887 0.042000 0.032369
0 0.675500 0.348140 0.043000 0.032369
0 0.704000 0.828168 0.042000 0.032369
0 0.757000 0.189394 0.044000 0.033058
0 0.388000 0.561639 0.042000 0.032369
0 0.422000 0.401860 0.042000 0.032369
0 0.881000 0.668388 0.044000 0.032369
1 0.534500 0.128099 0.747000 0.060606