1 0.555000 0.148199 0.700000 0.058464
1 0.499000 0.089395 0.812000 0.059143
1 0.499000 0.207002 0.812000 0.059143
1 0.149000 0.148199 0.112000 0.058464
1 0.499000 0.266145 0.812000 0.059143
1 0.624500 0.382733 0.561000 0.058464
1 0.499000 0.324609 0.812000 0.057784
1 0.218500 0.382733 0.251000 0.058464
1 0.722500 0.499660 0.365000 0.058464
1 0.499000 0.441196 0.812000 0.058464
1 0.673500 0.558464 0.463000 0.059143
1 0.316500 0.499660 0.447000 0.058464
1 0.267500 0.558464 0.349000 0.059143
1 0.499000 0.676071 0.812000 0.176071
1 0.644000 0.792658 0.522000 0.057104
1 0.238000 0.792658 0.290000 0.057104
1 0.499000 0.850782 0.812000 0.059143
1 0.499000 0.911285 0.812000 0.061863
0 0.145500 0.911965 0.059000 0.045547
0 0.145500 0.208022 0.061000 0.046227
0 0.146000 0.851122 0.060000 0.044867
0 0.475000 0.558804 0.060000 0.048946
0 0.145500 0.264786 0.059000 0.044188
0 0.380000 0.380693 0.060000 0.047587
0 0.417000 0.792998 0.060000 0.048266
0 0.239500 0.147859 0.059000 0.044188
0 0.572500 0.500000 0.059000 0.044188