1 0.534500 0.824380 0.747000 0.163912
1 0.397000 0.286846 0.472000 0.051653
1 0.430500 0.338843 0.539000 0.052342
1 0.535500 0.662190 0.747000 0.051653
1 0.534500 0.232094 0.749000 0.057851
1 0.279000 0.608471 0.236000 0.055785
1 0.626500 0.608471 0.459000 0.055785
1 0.305000 0.448691 0.286000 0.054408
1 0.770500 0.286846 0.277000 0.051653
1 0.678000 0.448691 0.460000 0.054408
1 0.620500 0.715565 0.577000 0.055096
1 0.636500 0.179063 0.543000 0.048209
1 0.535000 0.502066 0.748000 0.052342
1 0.804000 0.338843 0.210000 0.052342
1 0.534000 0.393251 0.746000 0.056474
1 0.535500 0.554408 0.747000 0.052342
1 0.263500 0.126722 0.205000 0.056474
1 0.263000 0.179063 0.204000 0.048209
1 0.637500 0.126722 0.541000 0.056474
1 0.246000 0.715220 0.170000 0.054408
1 0.882500 0.608471 0.053000 0.055785
0 0.352500 0.720041 0.041000 0.032369
0 0.388000 0.129132 0.042000 0.032369
0 0.720500 0.344697 0.041000 0.032369
0 0.187000 0.879821 0.042000 0.032369
0 0.468500 0.451446 0.043000 0.032369
0 0.387000 0.182507 0.042000 0.031680
0 0.653000 0.291322 0.042000 0.031680
0 0.877500 0.613636 0.043000 0.031680
0 0.201000 0.504821 0.042000 0.031680
0 0.418500 0.613292 0.041000 0.032369