1 0.460500 0.393251 0.747000 0.159780
1 0.513500 0.714532 0.643000 0.053030
1 0.461500 0.660813 0.747000 0.054408
1 0.513500 0.285124 0.643000 0.056474
1 0.460500 0.849174 0.747000 0.115702
1 0.460500 0.766529 0.749000 0.050964
1 0.461500 0.555096 0.745000 0.053719
1 0.492500 0.607782 0.681000 0.051653
1 0.461500 0.231061 0.747000 0.051653
1 0.140000 0.714876 0.104000 0.053719
1 0.514000 0.500689 0.640000 0.055096
1 0.523000 0.176653 0.626000 0.057163
1 0.149500 0.176997 0.123000 0.057851
1 0.140500 0.500344 0.107000 0.055785
1 0.139500 0.284780 0.103000 0.055785
1 0.120000 0.607782 0.064000 0.051653
0 0.118000 0.879132 0.046000 0.035124
0 0.173500 0.612603 0.043000 0.033747
0 0.213000 0.290978 0.044000 0.033747
0 0.214000 0.719008 0.044000 0.034435
0 0.119500 0.770661 0.045000 0.034435
0 0.232000 0.182851 0.044000 0.033747
0 0.217000 0.504132 0.044000 0.034435
1 0.463000 0.120179 0.752000 0.055785