1 0.498000 0.122026 0.818000 0.116247
1 0.660000 0.209721 0.494000 0.059143
1 0.612000 0.326988 0.590000 0.058464
1 0.498000 0.268525 0.818000 0.058464
1 0.251000 0.209721 0.324000 0.059143
1 0.568500 0.385112 0.677000 0.057784
1 0.203000 0.326988 0.228000 0.058464
1 0.498000 0.472808 0.818000 0.117607
1 0.159500 0.385112 0.141000 0.057784
1 0.865500 0.560163 0.083000 0.057104
1 0.593000 0.617947 0.628000 0.058464
1 0.456500 0.560163 0.735000 0.057104
1 0.772000 0.735214 0.270000 0.059143
1 0.498000 0.676411 0.818000 0.058464
1 0.184000 0.617947 0.190000 0.058464
1 0.498000 0.793678 0.818000 0.057784
1 0.363000 0.735214 0.548000 0.059143
1 0.585500 0.851462 0.643000 0.057784
1 0.176500 0.851462 0.175000 0.057784
1 0.498000 0.911285 0.818000 0.061863
0 0.856000 0.562203 0.060000 0.044867
0 0.672000 0.734534 0.060000 0.046907
0 0.311500 0.617607 0.059000 0.046907
0 0.295000 0.851801 0.060000 0.044867
0 0.142500 0.910265 0.061000 0.044867
0 0.449500 0.209381 0.059000 0.047587
0 0.352500 0.325629 0.059000 0.044867
0 0.260000 0.385112 0.060000 0.045547