1 0.647000 0.151937 0.514000 0.059143
1 0.498000 0.093134 0.812000 0.058464
1 0.649500 0.210401 0.509000 0.057784
1 0.241000 0.151937 0.298000 0.059143
1 0.498000 0.297757 0.812000 0.116927
1 0.598000 0.385112 0.612000 0.057784
1 0.243500 0.210401 0.303000 0.057784
1 0.498000 0.443576 0.812000 0.059143
1 0.555500 0.502039 0.697000 0.057784
1 0.192000 0.385112 0.200000 0.057784
1 0.498000 0.560503 0.812000 0.059143
1 0.149500 0.502039 0.115000 0.057784
1 0.863500 0.618967 0.081000 0.057784
1 0.740000 0.735214 0.328000 0.059143
1 0.498000 0.676751 0.812000 0.057784
1 0.457500 0.618967 0.731000 0.057784
1 0.498000 0.854181 0.812000 0.178790
1 0.334000 0.735214 0.484000 0.059143
0 0.612000 0.733855 0.060000 0.046907
0 0.141500 0.909245 0.059000 0.046907
0 0.326000 0.382733 0.060000 0.046227
0 0.853500 0.616587 0.061000 0.047587
0 0.238500 0.500680 0.059000 0.044188
0 0.425500 0.149898 0.059000 0.044188
0 0.425500 0.208362 0.061000 0.046907