1 0.544000 0.150578 0.728000 0.059143
1 0.502000 0.092114 0.812000 0.057784
1 0.138000 0.150578 0.084000 0.059143
1 0.502000 0.267505 0.812000 0.174711
1 0.502000 0.384772 0.812000 0.059823
1 0.502000 0.472468 0.812000 0.115568
1 0.502000 0.588715 0.812000 0.116927
1 0.794000 0.676751 0.228000 0.059143
1 0.502000 0.735214 0.812000 0.057784
1 0.388000 0.676751 0.584000 0.059143
1 0.502000 0.853501 0.812000 0.178790
0 0.147000 0.911625 0.060000 0.044867
0 0.147000 0.387152 0.060000 0.045547
0 0.146000 0.326649 0.060000 0.044188
0 0.148000 0.735554 0.060000 0.044867
0 0.217000 0.149898 0.058000 0.044188
0 0.712500 0.678110 0.059000 0.045547
0 0.147000 0.501700 0.060000 0.044867