1 0.461000 0.451791 0.746000 0.159780
1 0.382500 0.239669 0.591000 0.050964
1 0.339000 0.662190 0.502000 0.051653
1 0.459500 0.608471 0.747000 0.055785
1 0.505500 0.821625 0.557000 0.049587
1 0.434000 0.188361 0.694000 0.051653
1 0.535500 0.715220 0.499000 0.053030
1 0.461500 0.768939 0.749000 0.055785
1 0.712500 0.662190 0.245000 0.051653
1 0.186500 0.714532 0.197000 0.053030
1 0.525000 0.556129 0.620000 0.048898
1 0.188000 0.346074 0.200000 0.050275
1 0.461500 0.293044 0.747000 0.055785
1 0.757000 0.239669 0.156000 0.050964
1 0.151500 0.556129 0.127000 0.048898
1 0.562000 0.346074 0.546000 0.050275
1 0.461000 0.876722 0.748000 0.060606
1 0.157500 0.821625 0.139000 0.049587
1 0.808500 0.188361 0.053000 0.051653
1 0.811500 0.714876 0.049000 0.053719
1 0.809500 0.821625 0.051000 0.049587
0 0.805500 0.825758 0.043000 0.031680
0 0.611000 0.666322 0.042000 0.032369
0 0.249000 0.824725 0.042000 0.032369
0 0.311500 0.347796 0.043000 0.033058
0 0.699500 0.243113 0.041000 0.033058
0 0.117500 0.876377 0.043000 0.032369
0 0.307000 0.719353 0.042000 0.032369
0 0.803000 0.190427 0.042000 0.032369
0 0.808500 0.719353 0.043000 0.032369
0 0.237000 0.560606 0.042000 0.031680
1 0.461000 0.129821 0.748000 0.065427