1 0.461500 0.181818 0.747000 0.169421
1 0.460500 0.372245 0.747000 0.108127
1 0.461000 0.582645 0.746000 0.107438
1 0.461500 0.663912 0.749000 0.055096
1 0.372500 0.877066 0.569000 0.058540
1 0.668000 0.717631 0.334000 0.052342
1 0.721500 0.769972 0.227000 0.052342
1 0.597000 0.452135 0.474000 0.053030
1 0.294000 0.717975 0.412000 0.053030
1 0.347500 0.769972 0.521000 0.052342
1 0.224000 0.452135 0.272000 0.053030
1 0.461500 0.821970 0.745000 0.051653
1 0.746500 0.877410 0.177000 0.059229
1 0.461000 0.503788 0.746000 0.050275
1 0.434000 0.292700 0.694000 0.050964
1 0.808000 0.292700 0.054000 0.050964
0 0.123000 0.881543 0.042000 0.031680
0 0.117500 0.509986 0.043000 0.032369
0 0.114500 0.613636 0.043000 0.031680
0 0.523500 0.720041 0.043000 0.032369
0 0.630000 0.774793 0.042000 0.031680
0 0.681000 0.881198 0.042000 0.032369
0 0.802000 0.296143 0.042000 0.031680
0 0.382000 0.455579 0.042000 0.032369