1 0.461000 0.528237 0.746000 0.213499
1 0.461000 0.795799 0.746000 0.219697
1 0.246000 0.289256 0.316000 0.050964
1 0.619500 0.289256 0.431000 0.052342
1 0.594500 0.394628 0.479000 0.053719
1 0.461000 0.341598 0.748000 0.052342
1 0.221500 0.394284 0.267000 0.053030
1 0.537000 0.660813 0.596000 0.051653
1 0.163500 0.660813 0.151000 0.051653
0 0.377500 0.397727 0.043000 0.032369
0 0.120500 0.877066 0.045000 0.033747
0 0.426500 0.293044 0.043000 0.032369
0 0.260500 0.664601 0.043000 0.033058
1 0.460500 0.179752 0.747000 0.166667