1 0.462000 0.665289 0.746000 0.050964
1 0.467000 0.613981 0.426000 0.051653
1 0.683500 0.772727 0.303000 0.050964
1 0.656500 0.347107 0.357000 0.053719
1 0.610000 0.399105 0.450000 0.050275
1 0.436500 0.880510 0.699000 0.053030
1 0.641500 0.718664 0.387000 0.057163
1 0.710500 0.452824 0.249000 0.057163
1 0.373500 0.240358 0.571000 0.055096
1 0.461500 0.825758 0.747000 0.056474
1 0.236500 0.399105 0.297000 0.050275
1 0.318000 0.294077 0.460000 0.052342
1 0.461500 0.560262 0.747000 0.055785
1 0.336000 0.452824 0.498000 0.057163
1 0.268500 0.718664 0.361000 0.057163
1 0.282500 0.347107 0.389000 0.053719
1 0.524500 0.506887 0.619000 0.050964
1 0.171500 0.613981 0.167000 0.051653
1 0.174000 0.185950 0.172000 0.055096
1 0.691000 0.294077 0.288000 0.052342
1 0.747000 0.240358 0.176000 0.055096
1 0.547500 0.185950 0.575000 0.055096
1 0.151000 0.506543 0.128000 0.050275
1 0.309000 0.772383 0.444000 0.050275
1 0.758000 0.613981 0.154000 0.051653
1 0.461000 0.128099 0.750000 0.060606
1 0.811500 0.880510 0.049000 0.053030
0 0.125500 0.885675 0.043000 0.031680
0 0.680500 0.245179 0.041000 0.031680
0 0.569500 0.297865 0.041000 0.032369
0 0.553000 0.778237 0.042000 0.031680
0 0.606500 0.457645 0.041000 0.032369
0 0.499000 0.350895 0.042000 0.032369
0 0.808500 0.884986 0.043000 0.031680
0 0.470500 0.724518 0.041000 0.031680
0 0.701500 0.618457 0.041000 0.031680
0 0.281500 0.192149 0.041000 0.031680
0 0.276000 0.618802 0.042000 0.030992
0 0.405000 0.404959 0.042000 0.031680
0 0.236500 0.512052 0.041000 0.032369