1 0.501000 0.158056 0.816000 0.056424
1 0.833500 0.215500 0.151000 0.058464
1 0.681000 0.215500 0.154000 0.058464
1 0.752500 0.273623 0.313000 0.057784
1 0.348500 0.215500 0.511000 0.058464
1 0.344500 0.273623 0.503000 0.057784
1 0.779000 0.331407 0.260000 0.057784
1 0.501000 0.389191 0.816000 0.057784
1 0.371000 0.331407 0.556000 0.057784
1 0.636000 0.446975 0.546000 0.057784
1 0.501000 0.505099 0.816000 0.058464
1 0.228000 0.446975 0.270000 0.057784
1 0.501000 0.592114 0.816000 0.115568
1 0.821000 0.678790 0.176000 0.057784
1 0.413000 0.678790 0.640000 0.057784
1 0.533000 0.736574 0.752000 0.057784
1 0.125000 0.736574 0.064000 0.057784
1 0.747000 0.852821 0.324000 0.057784
1 0.501000 0.794697 0.816000 0.058464
1 0.339000 0.852821 0.492000 0.057784
1 0.501000 0.912305 0.816000 0.061183
0 0.790500 0.214480 0.061000 0.045547
0 0.144000 0.911285 0.058000 0.045547
0 0.637000 0.214480 0.058000 0.045547
0 0.188500 0.735554 0.059000 0.044867
0 0.398500 0.446635 0.059000 0.046227
0 0.683000 0.329708 0.060000 0.046227
0 0.621000 0.851801 0.060000 0.044867
0 0.143000 0.504419 0.060000 0.046227
0 0.765500 0.679130 0.059000 0.046227
0 0.628500 0.273283 0.059000 0.044867