1 0.499500 0.117267 0.813000 0.118967
1 0.694000 0.323249 0.424000 0.057784
1 0.499500 0.270904 0.813000 0.046907
1 0.866500 0.381033 0.079000 0.057784
1 0.287500 0.323249 0.389000 0.057784
1 0.662500 0.381033 0.329000 0.057784
1 0.295500 0.381033 0.405000 0.057784
1 0.728000 0.439157 0.356000 0.058464
1 0.750000 0.497281 0.312000 0.057784
1 0.321500 0.439157 0.457000 0.058464
1 0.343500 0.497281 0.501000 0.057784
1 0.821000 0.555404 0.170000 0.058464
1 0.414500 0.555404 0.643000 0.058464
1 0.750500 0.736574 0.311000 0.057784
1 0.499500 0.681169 0.813000 0.053025
1 0.457500 0.736574 0.275000 0.057784
1 0.865500 0.794697 0.081000 0.058464
1 0.206500 0.736574 0.227000 0.057784
1 0.703000 0.794697 0.244000 0.058464
1 0.436500 0.794697 0.289000 0.058464
1 0.192500 0.794697 0.199000 0.058464
1 0.782500 0.852821 0.247000 0.057784
1 0.472500 0.852821 0.373000 0.057784
1 0.775000 0.912644 0.262000 0.061863
1 0.189500 0.852821 0.193000 0.057784
1 0.368500 0.912644 0.551000 0.061863
0 0.143500 0.911285 0.057000 0.045547
0 0.676000 0.911285 0.060000 0.044188
0 0.860500 0.380014 0.059000 0.047587
0 0.530000 0.380354 0.060000 0.046907
0 0.625500 0.496941 0.059000 0.044867
0 0.352000 0.734534 0.060000 0.046907
0 0.325000 0.792998 0.058000 0.046907
0 0.855500 0.792998 0.061000 0.048266
0 0.769000 0.551666 0.058000 0.044188
0 0.616500 0.792998 0.059000 0.046907
0 0.691500 0.852481 0.061000 0.044867
0 0.143000 0.381033 0.060000 0.048266
0 0.583500 0.439497 0.057000 0.044188
0 0.143000 0.556764 0.058000 0.044867
0 0.627000 0.734534 0.060000 0.045547
0 0.515000 0.322230 0.060000 0.046227
0 0.135000 0.142420 0.060000 0.046907
0 0.319000 0.852481 0.058000 0.044867