1 0.500500 0.150918 0.815000 0.175391
1 0.801500 0.267845 0.213000 0.058464
1 0.394000 0.267845 0.602000 0.058464
1 0.500500 0.355540 0.815000 0.116927
1 0.695000 0.442896 0.426000 0.057784
1 0.561500 0.501360 0.693000 0.059143
1 0.287500 0.442896 0.389000 0.057784
1 0.154000 0.501360 0.122000 0.059143
1 0.500500 0.589055 0.815000 0.116247
1 0.582500 0.676751 0.651000 0.059143
1 0.692500 0.792998 0.431000 0.059143
1 0.500500 0.734874 0.815000 0.057104
1 0.175000 0.676751 0.164000 0.059143
1 0.634500 0.851462 0.547000 0.057784
1 0.285000 0.792998 0.384000 0.059143
1 0.227000 0.851462 0.268000 0.057784
1 0.500500 0.911965 0.815000 0.063222
0 0.144000 0.910605 0.058000 0.045547
0 0.512000 0.442896 0.060000 0.046907
0 0.249500 0.501700 0.061000 0.044867
0 0.509500 0.792658 0.057000 0.047587
0 0.396000 0.852481 0.060000 0.046227
0 0.728000 0.266825 0.058000 0.046907
0 0.289500 0.677430 0.057000 0.045547