1 0.302000 0.662879 0.284000 0.055785
1 0.750500 0.501377 0.315000 0.053719
1 0.676000 0.662879 0.464000 0.055785
1 0.692000 0.821625 0.432000 0.055096
1 0.445500 0.556474 0.571000 0.056474
1 0.596000 0.344353 0.624000 0.053719
1 0.410500 0.609848 0.501000 0.050275
1 0.479000 0.290289 0.638000 0.054408
1 0.376000 0.501377 0.432000 0.053719
1 0.397500 0.449380 0.475000 0.050275
1 0.329000 0.397727 0.338000 0.053030
1 0.317500 0.821970 0.315000 0.054408
1 0.692000 0.767906 0.432000 0.053719
1 0.269500 0.716253 0.219000 0.050964
1 0.771000 0.449036 0.274000 0.050964
1 0.644000 0.716253 0.530000 0.050964
1 0.784000 0.609848 0.248000 0.050275
1 0.703000 0.397383 0.410000 0.052342
1 0.318000 0.767906 0.316000 0.053719
1 0.534000 0.878099 0.746000 0.057851
1 0.819500 0.556474 0.177000 0.056474
1 0.853500 0.289945 0.109000 0.055096
1 0.221000 0.344353 0.122000 0.053719
0 0.467000 0.665289 0.044000 0.034435
0 0.498000 0.826102 0.044000 0.035124
0 0.498500 0.771694 0.043000 0.035124
0 0.683000 0.610882 0.044000 0.034435
0 0.613500 0.503444 0.043000 0.034435
0 0.821000 0.288223 0.044000 0.033747
0 0.754500 0.557163 0.045000 0.034435
0 0.305000 0.342631 0.044000 0.033747
0 0.519500 0.396006 0.043000 0.034435
0 0.198500 0.879477 0.045000 0.034435
0 0.655500 0.449036 0.043000 0.034435
0 0.189000 0.287879 0.046000 0.034435
0 0.400500 0.718664 0.043000 0.033747
1 0.533500 0.208333 0.747000 0.108127