1 0.533500 0.478650 0.745000 0.106061
1 0.432500 0.236570 0.543000 0.050275
1 0.748500 0.826791 0.319000 0.051653
1 0.277000 0.720386 0.232000 0.055096
1 0.421500 0.558540 0.521000 0.053719
1 0.533500 0.638774 0.749000 0.108127
1 0.375500 0.826791 0.427000 0.051653
1 0.510000 0.349174 0.696000 0.053719
1 0.535000 0.292011 0.746000 0.060606
1 0.795000 0.558540 0.226000 0.053719
1 0.605000 0.400826 0.604000 0.049587
1 0.535500 0.774105 0.747000 0.053719
1 0.651500 0.720386 0.515000 0.055096
1 0.806500 0.236570 0.205000 0.050275
1 0.535000 0.879821 0.746000 0.054408
1 0.535500 0.153926 0.747000 0.115014
1 0.232000 0.401171 0.142000 0.050275
1 0.884500 0.349174 0.051000 0.053719
0 0.188000 0.882576 0.042000 0.032369
0 0.611500 0.828168 0.043000 0.032369
0 0.326000 0.403926 0.042000 0.032369
0 0.415500 0.721419 0.043000 0.032369
0 0.882000 0.349174 0.044000 0.033058
0 0.705000 0.562328 0.042000 0.032369
0 0.726000 0.240358 0.042000 0.031680