1 0.534500 0.264463 0.747000 0.106061
1 0.279500 0.609504 0.237000 0.053719
1 0.534500 0.878099 0.745000 0.057851
1 0.653500 0.609504 0.509000 0.053719
1 0.608500 0.450413 0.599000 0.052342
1 0.534500 0.690427 0.747000 0.108127
1 0.583000 0.821281 0.650000 0.057163
1 0.251000 0.345041 0.180000 0.053719
1 0.586500 0.184229 0.643000 0.054408
1 0.624500 0.345386 0.567000 0.054408
1 0.534500 0.398072 0.747000 0.052342
1 0.535500 0.503788 0.745000 0.055785
1 0.536000 0.557163 0.748000 0.050964
1 0.685000 0.768595 0.446000 0.048209
1 0.311500 0.768939 0.301000 0.048898
1 0.235500 0.450413 0.147000 0.052342
1 0.213000 0.184229 0.104000 0.054408
1 0.209500 0.821281 0.097000 0.055785
0 0.193000 0.509642 0.042000 0.031680
0 0.484000 0.773072 0.042000 0.032369
0 0.194500 0.879132 0.043000 0.032369
0 0.361000 0.347452 0.042000 0.032369
0 0.279000 0.828168 0.042000 0.030992
0 0.420500 0.613636 0.041000 0.031680
0 0.286000 0.189050 0.042000 0.032369
0 0.330500 0.454545 0.041000 0.031680
1 0.535000 0.127410 0.748000 0.060606