1 0.751000 0.822658 0.314000 0.053030
1 0.535000 0.637741 0.746000 0.106061
1 0.509000 0.239325 0.696000 0.054408
1 0.377500 0.822658 0.433000 0.053030
1 0.439500 0.716253 0.557000 0.050964
1 0.510500 0.506887 0.699000 0.052342
1 0.638500 0.398072 0.541000 0.055096
1 0.468000 0.292011 0.614000 0.052342
1 0.535000 0.453168 0.748000 0.055096
1 0.534500 0.878099 0.745000 0.057851
1 0.535000 0.768939 0.746000 0.054408
1 0.535000 0.559229 0.746000 0.052342
1 0.265500 0.398072 0.207000 0.055096
1 0.536000 0.344353 0.748000 0.052342
1 0.813500 0.716598 0.189000 0.050275
1 0.842500 0.292011 0.133000 0.052342
1 0.535500 0.153581 0.747000 0.115702
1 0.884000 0.239325 0.050000 0.054408
1 0.884500 0.506887 0.049000 0.052342
0 0.190000 0.878788 0.042000 0.031680
0 0.194500 0.561295 0.043000 0.031680
0 0.614000 0.826102 0.042000 0.032369
0 0.741000 0.721074 0.042000 0.031680
0 0.798000 0.297865 0.042000 0.032369
0 0.413000 0.402548 0.042000 0.032369
0 0.882000 0.510331 0.042000 0.031680
0 0.881500 0.243457 0.043000 0.032369