1 0.735000 0.269545 0.346000 0.057784
1 0.500000 0.152957 0.816000 0.175391
1 0.776000 0.386472 0.264000 0.057784
1 0.500000 0.328008 0.816000 0.059143
1 0.327000 0.269545 0.470000 0.057784
1 0.864000 0.502379 0.088000 0.058464
1 0.500000 0.444256 0.816000 0.057784
1 0.368000 0.386472 0.552000 0.057784
1 0.574000 0.560843 0.668000 0.058464
1 0.456000 0.502379 0.728000 0.058464
1 0.866000 0.677430 0.084000 0.059143
1 0.500000 0.618967 0.816000 0.057784
1 0.166000 0.560843 0.148000 0.058464
1 0.748500 0.735894 0.319000 0.057784
1 0.458000 0.677430 0.732000 0.059143
1 0.695500 0.793678 0.425000 0.057784
1 0.340500 0.735894 0.497000 0.057784
1 0.287500 0.793678 0.391000 0.057784
1 0.500000 0.883073 0.816000 0.121006
0 0.514000 0.791978 0.060000 0.047587
0 0.620500 0.736234 0.059000 0.046227
0 0.855500 0.502719 0.061000 0.045547
0 0.142500 0.910945 0.059000 0.046227
0 0.856000 0.677770 0.060000 0.044867
0 0.272000 0.560503 0.058000 0.045547
0 0.594500 0.268865 0.059000 0.046907
0 0.676000 0.386812 0.060000 0.044867