1 0.461000 0.582645 0.746000 0.107438
1 0.461500 0.180441 0.747000 0.168044
1 0.433500 0.290634 0.693000 0.050964
1 0.674500 0.502066 0.321000 0.053719
1 0.281000 0.664945 0.386000 0.055785
1 0.654000 0.664945 0.362000 0.055785
1 0.301000 0.502066 0.426000 0.053719
1 0.687000 0.717975 0.296000 0.050275
1 0.461000 0.852273 0.746000 0.109504
1 0.356000 0.396350 0.538000 0.053030
1 0.462000 0.342975 0.748000 0.053719
1 0.460000 0.449036 0.744000 0.052342
1 0.730000 0.396350 0.210000 0.053030
1 0.313500 0.717631 0.451000 0.050964
1 0.460500 0.770317 0.747000 0.054408
1 0.808000 0.290634 0.054000 0.050964
0 0.121500 0.882231 0.043000 0.031680
0 0.536000 0.507920 0.042000 0.032369
0 0.803000 0.295455 0.042000 0.031680
0 0.646500 0.401860 0.043000 0.032369
0 0.121500 0.775138 0.043000 0.032369
0 0.495000 0.668388 0.042000 0.032369
0 0.560000 0.721419 0.042000 0.032369