1 0.535000 0.180096 0.748000 0.165978
1 0.262500 0.608127 0.203000 0.053719
1 0.284500 0.715565 0.247000 0.055096
1 0.535500 0.661846 0.747000 0.053719
1 0.636000 0.608127 0.544000 0.053719
1 0.506500 0.289601 0.693000 0.053030
1 0.449000 0.554752 0.574000 0.053030
1 0.658000 0.715909 0.500000 0.054408
1 0.507500 0.822658 0.695000 0.053030
1 0.534000 0.769628 0.748000 0.053030
1 0.534000 0.501033 0.744000 0.054408
1 0.300500 0.448691 0.279000 0.051653
1 0.674000 0.448691 0.468000 0.051653
1 0.535500 0.343320 0.747000 0.053030
1 0.822500 0.555096 0.173000 0.052342
1 0.535500 0.396350 0.749000 0.053030
1 0.535500 0.878099 0.749000 0.057851
1 0.882000 0.822658 0.054000 0.053030
1 0.881000 0.289945 0.056000 0.053719
0 0.191000 0.343664 0.046000 0.034435
0 0.190500 0.873967 0.045000 0.034435
0 0.431500 0.718320 0.045000 0.034435
0 0.461500 0.453168 0.041000 0.031680
0 0.386000 0.610882 0.040000 0.030303
0 0.758000 0.559229 0.044000 0.034435
0 0.878000 0.825413 0.046000 0.035124
0 0.877000 0.292700 0.046000 0.034435