1 0.461000 0.559573 0.746000 0.270661
1 0.461000 0.315427 0.748000 0.107438
1 0.652000 0.397039 0.366000 0.054408
1 0.483500 0.234160 0.589000 0.055096
1 0.461000 0.827824 0.746000 0.158402
1 0.460500 0.150826 0.745000 0.111570
1 0.807000 0.234160 0.056000 0.055096
1 0.278500 0.397039 0.381000 0.054408
1 0.793000 0.721763 0.086000 0.055096
1 0.418500 0.722107 0.661000 0.054408
1 0.138000 0.234160 0.100000 0.055096
0 0.121000 0.882576 0.042000 0.032369
0 0.210000 0.238636 0.042000 0.030992
0 0.492000 0.400138 0.042000 0.033058
0 0.795500 0.722452 0.041000 0.031680
0 0.800500 0.239325 0.043000 0.032369