1 0.533000 0.370868 0.746000 0.106749
1 0.739500 0.821970 0.337000 0.054408
1 0.330000 0.556818 0.340000 0.055785
1 0.534000 0.637741 0.746000 0.106061
1 0.704000 0.556474 0.408000 0.056474
1 0.410000 0.449036 0.500000 0.050964
1 0.534500 0.878099 0.747000 0.057851
1 0.735000 0.716253 0.346000 0.050964
1 0.535000 0.501033 0.746000 0.054408
1 0.360500 0.716253 0.401000 0.050964
1 0.365500 0.821970 0.411000 0.054408
1 0.783500 0.449036 0.249000 0.050964
1 0.534500 0.768251 0.749000 0.053030
1 0.249500 0.290289 0.179000 0.054408
1 0.624000 0.289945 0.570000 0.055096
0 0.585500 0.714876 0.043000 0.034435
0 0.681500 0.447658 0.043000 0.034435
0 0.197000 0.876722 0.044000 0.034435
0 0.593500 0.821625 0.043000 0.034435
0 0.522000 0.554752 0.044000 0.033747
0 0.361500 0.288912 0.043000 0.033747