1 0.509500 0.240358 0.699000 0.053719
1 0.534500 0.154614 0.747000 0.116391
1 0.534500 0.718320 0.747000 0.376033
1 0.252000 0.344697 0.182000 0.053030
1 0.381500 0.504821 0.439000 0.052342
1 0.534500 0.398416 0.747000 0.054408
1 0.754500 0.504821 0.307000 0.052342
1 0.536000 0.452479 0.750000 0.052342
1 0.625500 0.344697 0.567000 0.053030
1 0.533500 0.292700 0.745000 0.050964
1 0.884000 0.240358 0.050000 0.053719
0 0.193500 0.882576 0.043000 0.032369
0 0.623000 0.509986 0.042000 0.032369
0 0.187500 0.403237 0.043000 0.032369
0 0.364000 0.350551 0.042000 0.031680
0 0.881500 0.244835 0.043000 0.032369