1 0.534000 0.475207 0.748000 0.210744
1 0.295500 0.181818 0.271000 0.055096
1 0.328500 0.609504 0.225000 0.057851
1 0.631500 0.767906 0.207000 0.053719
1 0.655500 0.236226 0.289000 0.053719
1 0.760000 0.181818 0.196000 0.055096
1 0.802000 0.663912 0.212000 0.052342
1 0.546500 0.181818 0.231000 0.055096
1 0.345500 0.663912 0.369000 0.052342
1 0.572500 0.878099 0.309000 0.057851
1 0.408500 0.236226 0.207000 0.053719
1 0.688500 0.715909 0.333000 0.051653
1 0.370000 0.126033 0.226000 0.056474
1 0.818000 0.878099 0.180000 0.057851
1 0.457500 0.289256 0.179000 0.052342
1 0.397000 0.715909 0.250000 0.051653
1 0.536500 0.821970 0.325000 0.054408
1 0.803500 0.126033 0.211000 0.056474
1 0.653500 0.288912 0.211000 0.051653
1 0.590500 0.126033 0.215000 0.056474
1 0.267000 0.821970 0.214000 0.054408
1 0.803500 0.821625 0.209000 0.055096
1 0.854000 0.236226 0.108000 0.053719
1 0.705500 0.609160 0.159000 0.057163
1 0.533000 0.609160 0.184000 0.057163
1 0.403000 0.767906 0.250000 0.053719
1 0.288000 0.878099 0.258000 0.057851
1 0.263500 0.288912 0.207000 0.051653
1 0.822000 0.768251 0.172000 0.053030
1 0.219000 0.767906 0.118000 0.053719
1 0.833500 0.289256 0.149000 0.052342
1 0.216000 0.715909 0.112000 0.051653
1 0.232500 0.236226 0.145000 0.053719
1 0.613500 0.664256 0.165000 0.051653
1 0.847000 0.609160 0.122000 0.057163
1 0.208500 0.126377 0.097000 0.055785
1 0.883500 0.181818 0.049000 0.055096
1 0.882500 0.342631 0.051000 0.054408
1 0.882000 0.715909 0.054000 0.051653
1 0.188000 0.609160 0.056000 0.057163
1 0.507500 0.342287 0.697000 0.055096
0 0.451500 0.184573 0.041000 0.031680
0 0.462500 0.609504 0.041000 0.031680
0 0.389000 0.290289 0.042000 0.032369
0 0.717000 0.663912 0.042000 0.031680
0 0.747500 0.878788 0.041000 0.033058
0 0.719000 0.823691 0.042000 0.033058
0 0.757000 0.770661 0.042000 0.031680
0 0.532000 0.240358 0.042000 0.031680
0 0.298500 0.768251 0.041000 0.032369
0 0.682500 0.185950 0.041000 0.031680
0 0.820000 0.240358 0.040000 0.031680
0 0.568500 0.291667 0.041000 0.032369
0 0.394500 0.822314 0.041000 0.033058
0 0.718000 0.132231 0.040000 0.031680
0 0.503500 0.131543 0.041000 0.031680
0 0.542500 0.715909 0.041000 0.032369
0 0.439000 0.876033 0.042000 0.033058
0 0.548000 0.769628 0.040000 0.032369
0 0.647000 0.610193 0.042000 0.031680
0 0.878000 0.346074 0.042000 0.032369
0 0.277000 0.129821 0.040000 0.032369
0 0.194000 0.875000 0.042000 0.032369
0 0.806000 0.610537 0.042000 0.032369
0 0.879500 0.186295 0.043000 0.032369
0 0.551500 0.662879 0.041000 0.030992
0 0.292500 0.715220 0.041000 0.032369
0 0.325000 0.236915 0.042000 0.033058
0 0.237000 0.607782 0.040000 0.032369
0 0.876500 0.716598 0.043000 0.032369
0 0.780500 0.293388 0.041000 0.031680