1 0.501000 0.094494 0.814000 0.058464
1 0.663000 0.152957 0.490000 0.058464
1 0.501000 0.269884 0.814000 0.175391
1 0.256000 0.152957 0.324000 0.058464
1 0.667000 0.386472 0.482000 0.057784
1 0.682000 0.444256 0.452000 0.057784
1 0.260000 0.386472 0.332000 0.057784
1 0.501000 0.531951 0.814000 0.117607
1 0.275000 0.444256 0.362000 0.057784
1 0.556500 0.619646 0.703000 0.057784
1 0.501000 0.796057 0.814000 0.295037
1 0.149500 0.619646 0.111000 0.057784
0 0.145000 0.911965 0.058000 0.045547
0 0.491500 0.443576 0.059000 0.046907
0 0.451000 0.152617 0.060000 0.045547
0 0.238000 0.619986 0.060000 0.044867
0 0.462000 0.387492 0.060000 0.044867