1 0.663000 0.211421 0.486000 0.058464
1 0.499500 0.123725 0.813000 0.116927
1 0.499500 0.269545 0.813000 0.057784
1 0.256500 0.211421 0.327000 0.058464
1 0.705500 0.327668 0.401000 0.058464
1 0.636500 0.386132 0.539000 0.058464
1 0.299000 0.327668 0.412000 0.058464
1 0.230000 0.386132 0.274000 0.058464
1 0.499500 0.444256 0.813000 0.057784
1 0.729500 0.502379 0.353000 0.058464
1 0.760500 0.560843 0.291000 0.058464
1 0.323000 0.502379 0.460000 0.058464
1 0.499500 0.647859 0.813000 0.115568
1 0.354000 0.560843 0.522000 0.058464
1 0.544000 0.735214 0.724000 0.059143
1 0.690000 0.793678 0.432000 0.057784
1 0.137500 0.735214 0.089000 0.059143
1 0.283500 0.793678 0.381000 0.057784
1 0.499500 0.882393 0.813000 0.119646
0 0.142500 0.912305 0.059000 0.044867
0 0.213000 0.734874 0.060000 0.046227
0 0.508000 0.792998 0.058000 0.046907
0 0.405000 0.385112 0.060000 0.045547
0 0.586000 0.502039 0.058000 0.044188
0 0.651000 0.561523 0.060000 0.044867
0 0.455000 0.210061 0.060000 0.046227
0 0.143000 0.676411 0.058000 0.043508
0 0.539500 0.326988 0.059000 0.044867