1 0.333000 0.664945 0.490000 0.053030
1 0.706500 0.664945 0.257000 0.053030
1 0.460500 0.610882 0.747000 0.055096
1 0.564500 0.231749 0.539000 0.057163
1 0.654500 0.285468 0.361000 0.050275
1 0.673000 0.772727 0.324000 0.052342
1 0.240000 0.555441 0.304000 0.055785
1 0.614000 0.555441 0.442000 0.055785
1 0.724000 0.501377 0.222000 0.052342
1 0.648500 0.447314 0.373000 0.055785
1 0.191500 0.231749 0.207000 0.057163
1 0.281000 0.285124 0.388000 0.049587
1 0.350500 0.501377 0.525000 0.052342
1 0.461000 0.719008 0.746000 0.055096
1 0.436500 0.338843 0.695000 0.056474
1 0.275500 0.447314 0.375000 0.055785
1 0.299500 0.772727 0.423000 0.052342
1 0.461000 0.852961 0.746000 0.108127
1 0.462000 0.393595 0.748000 0.053030
1 0.461000 0.148760 0.746000 0.108815
1 0.809500 0.338154 0.051000 0.056474
0 0.554500 0.774449 0.045000 0.035124
0 0.119500 0.881887 0.045000 0.033747
0 0.497000 0.289945 0.044000 0.034435
0 0.317000 0.236226 0.044000 0.034435
0 0.485500 0.450758 0.045000 0.035124
0 0.415500 0.558540 0.045000 0.034435
0 0.600000 0.667355 0.046000 0.034435
0 0.637500 0.506543 0.045000 0.033747
0 0.807000 0.344697 0.046000 0.035124