1 0.503000 0.094833 0.814000 0.059143
1 0.581500 0.153297 0.657000 0.057784
1 0.503000 0.211421 0.814000 0.058464
1 0.174500 0.153297 0.157000 0.057784
1 0.748500 0.269545 0.323000 0.057784
1 0.341500 0.269545 0.491000 0.057784
1 0.633500 0.327668 0.553000 0.058464
1 0.503000 0.386132 0.814000 0.058464
1 0.226500 0.327668 0.261000 0.058464
1 0.868000 0.444256 0.084000 0.057784
1 0.461000 0.444256 0.730000 0.057784
1 0.503000 0.531611 0.814000 0.116927
1 0.577500 0.618967 0.665000 0.057784
1 0.503000 0.676751 0.814000 0.057784
1 0.813500 0.735214 0.193000 0.059143
1 0.170500 0.618967 0.149000 0.057784
1 0.641500 0.793678 0.537000 0.057784
1 0.406500 0.735214 0.621000 0.059143
1 0.597500 0.851462 0.625000 0.057784
1 0.234500 0.793678 0.277000 0.057784
1 0.190500 0.851462 0.189000 0.057784
1 0.503000 0.911625 0.814000 0.062542
0 0.145500 0.913664 0.059000 0.044867
0 0.856000 0.445615 0.060000 0.045547
0 0.145500 0.444935 0.059000 0.045547
0 0.286000 0.155337 0.060000 0.046907
0 0.617000 0.271244 0.058000 0.046227
0 0.406500 0.795717 0.059000 0.045547
0 0.388000 0.330048 0.060000 0.046907
0 0.750500 0.738273 0.059000 0.043508
0 0.317500 0.853841 0.059000 0.046227
0 0.276500 0.621686 0.059000 0.044188