1 0.345500 0.554752 0.515000 0.054408
1 0.350000 0.235193 0.526000 0.053030
1 0.375500 0.181474 0.575000 0.054408
1 0.237000 0.662879 0.300000 0.055785
1 0.224000 0.608127 0.272000 0.053719
1 0.261000 0.340220 0.346000 0.055096
1 0.723500 0.235193 0.223000 0.053030
1 0.415500 0.769628 0.491000 0.053030
1 0.719500 0.554752 0.231000 0.054408
1 0.611000 0.663223 0.448000 0.056474
1 0.697000 0.877410 0.276000 0.059229
1 0.598000 0.608471 0.474000 0.053030
1 0.308000 0.287190 0.440000 0.050964
1 0.324000 0.394628 0.472000 0.053719
1 0.634500 0.340565 0.401000 0.054408
1 0.336500 0.716942 0.499000 0.052342
1 0.364000 0.501377 0.552000 0.052342
1 0.697500 0.394628 0.275000 0.053719
1 0.681500 0.287534 0.307000 0.051653
1 0.613000 0.448691 0.444000 0.054408
1 0.710500 0.716942 0.251000 0.052342
1 0.323500 0.877066 0.473000 0.058540
1 0.737000 0.501377 0.196000 0.052342
1 0.239000 0.448347 0.302000 0.053719
1 0.461000 0.821970 0.744000 0.051653
1 0.749500 0.181129 0.171000 0.055096
1 0.129500 0.769284 0.083000 0.052342
1 0.748000 0.769628 0.174000 0.053030
1 0.460000 0.126033 0.746000 0.056474
0 0.193500 0.772039 0.043000 0.033058
0 0.115000 0.878788 0.044000 0.033058
0 0.625000 0.558884 0.042000 0.032369
0 0.683500 0.773072 0.043000 0.032369
0 0.410000 0.665634 0.044000 0.032369
0 0.607500 0.719353 0.043000 0.032369
0 0.412500 0.452135 0.043000 0.032369
0 0.581500 0.398760 0.043000 0.033058
0 0.684000 0.185606 0.042000 0.032369
0 0.383500 0.611915 0.043000 0.032369
0 0.548500 0.292700 0.041000 0.031680
0 0.659500 0.505854 0.043000 0.032369
0 0.582000 0.880165 0.044000 0.033058
0 0.634000 0.238636 0.042000 0.032369
0 0.455000 0.345041 0.042000 0.031680