1 0.503000 0.123725 0.814000 0.116927
1 0.865500 0.211421 0.089000 0.058464
1 0.503000 0.269884 0.814000 0.058464
1 0.458500 0.211421 0.725000 0.058464
1 0.656500 0.328008 0.507000 0.057784
1 0.249500 0.328008 0.307000 0.057784
1 0.614000 0.386132 0.592000 0.058464
1 0.503000 0.473487 0.814000 0.116247
1 0.207000 0.386132 0.222000 0.058464
1 0.777000 0.561183 0.266000 0.059143
1 0.676000 0.619986 0.468000 0.058464
1 0.370000 0.561183 0.548000 0.059143
1 0.503000 0.677770 0.814000 0.057104
1 0.269000 0.619986 0.346000 0.058464
1 0.503000 0.735894 0.814000 0.059143
1 0.611000 0.794697 0.598000 0.058464
1 0.808500 0.912644 0.203000 0.061863
1 0.204000 0.794697 0.216000 0.058464
1 0.503000 0.852821 0.814000 0.057784
1 0.401500 0.912644 0.611000 0.061863
0 0.746000 0.911285 0.060000 0.045547
0 0.144000 0.912644 0.058000 0.045547
0 0.342500 0.791978 0.059000 0.046227
0 0.476000 0.619307 0.060000 0.046227
0 0.855000 0.210401 0.062000 0.045547
0 0.676500 0.559483 0.059000 0.046227
0 0.145000 0.678110 0.060000 0.045547
0 0.350000 0.385792 0.060000 0.044188
0 0.434500 0.327328 0.059000 0.044188