1 0.499500 0.120666 0.813000 0.117607
1 0.866000 0.208362 0.080000 0.057784
1 0.499500 0.295717 0.813000 0.116927
1 0.459500 0.208362 0.733000 0.057784
1 0.648000 0.383753 0.516000 0.059143
1 0.499500 0.471448 0.813000 0.116247
1 0.241500 0.383753 0.297000 0.059143
1 0.664500 0.558804 0.483000 0.058464
1 0.258000 0.558804 0.330000 0.058464
1 0.499500 0.705303 0.813000 0.234534
1 0.745000 0.851462 0.322000 0.057784
1 0.338500 0.851462 0.491000 0.057784
1 0.499500 0.911625 0.813000 0.062542
0 0.457500 0.556424 0.059000 0.048266
0 0.421500 0.382393 0.059000 0.046907
0 0.142000 0.909245 0.058000 0.045547
0 0.619500 0.848063 0.059000 0.045547
0 0.857000 0.204623 0.058000 0.046227