1 0.413000 0.715565 0.504000 0.056474
1 0.651000 0.823347 0.516000 0.051653
1 0.575500 0.235537 0.665000 0.052342
1 0.695500 0.555785 0.425000 0.055096
1 0.300000 0.183196 0.276000 0.052342
1 0.666500 0.503099 0.483000 0.051653
1 0.749000 0.770661 0.318000 0.053719
1 0.292500 0.341253 0.263000 0.050275
1 0.321500 0.556129 0.321000 0.054408
1 0.277000 0.823347 0.232000 0.051653
1 0.375500 0.770661 0.429000 0.053719
1 0.535000 0.610537 0.746000 0.054408
1 0.535000 0.662534 0.748000 0.049587
1 0.293000 0.503099 0.264000 0.051653
1 0.673500 0.183540 0.471000 0.053030
1 0.666000 0.341598 0.482000 0.050964
1 0.534500 0.288912 0.745000 0.054408
1 0.787000 0.715565 0.244000 0.056474
1 0.534500 0.878099 0.747000 0.057851
1 0.534000 0.394284 0.746000 0.054408
1 0.534000 0.449380 0.746000 0.055785
1 0.201500 0.235882 0.081000 0.051653
0 0.446000 0.346419 0.042000 0.031680
0 0.445500 0.506543 0.041000 0.032369
0 0.189500 0.614669 0.043000 0.032369
0 0.264000 0.240358 0.042000 0.031680
0 0.686000 0.720041 0.042000 0.032369
0 0.504000 0.561295 0.042000 0.031680
0 0.192500 0.880165 0.043000 0.031680
0 0.187500 0.397727 0.043000 0.032369
0 0.460000 0.186983 0.042000 0.032369
0 0.412500 0.827824 0.041000 0.031680
0 0.611000 0.774449 0.042000 0.032369
1 0.536000 0.127066 0.752000 0.059917