1 0.499000 0.181169 0.812000 0.234534
1 0.626500 0.385792 0.557000 0.059143
1 0.499000 0.327328 0.812000 0.057784
1 0.220500 0.385792 0.255000 0.059143
1 0.499000 0.473148 0.812000 0.115568
1 0.794000 0.560503 0.222000 0.059143
1 0.690500 0.618967 0.429000 0.057784
1 0.388000 0.560503 0.590000 0.059143
1 0.284500 0.618967 0.383000 0.057784
1 0.753000 0.735214 0.304000 0.059143
1 0.499000 0.676751 0.812000 0.057784
1 0.347000 0.735214 0.508000 0.059143
1 0.499000 0.854181 0.812000 0.178790
0 0.143000 0.911285 0.060000 0.045547
0 0.142000 0.268185 0.058000 0.046907
0 0.380000 0.384772 0.060000 0.046227
0 0.633500 0.736234 0.061000 0.046227
0 0.510500 0.619307 0.059000 0.046227
0 0.718500 0.560163 0.059000 0.044867