1 0.461500 0.318871 0.747000 0.104683
1 0.460500 0.476240 0.747000 0.106749
1 0.461000 0.742080 0.746000 0.109504
1 0.461500 0.635331 0.749000 0.105372
1 0.643500 0.397039 0.381000 0.051653
1 0.235000 0.185950 0.294000 0.055096
1 0.608000 0.185606 0.454000 0.054408
1 0.613500 0.240014 0.443000 0.054408
1 0.238500 0.240014 0.303000 0.054408
1 0.461500 0.876377 0.747000 0.059917
1 0.357500 0.821281 0.539000 0.050275
1 0.271000 0.397039 0.366000 0.051653
1 0.173500 0.557163 0.171000 0.052342
1 0.546500 0.556818 0.575000 0.054408
1 0.731000 0.820937 0.208000 0.050964
0 0.121500 0.879477 0.043000 0.033058
0 0.282000 0.560606 0.042000 0.031680
0 0.118500 0.666667 0.043000 0.031680
0 0.403000 0.189050 0.042000 0.032369
0 0.649000 0.824036 0.042000 0.032369
0 0.476000 0.400482 0.042000 0.032369
0 0.431000 0.241736 0.042000 0.033058
1 0.462500 0.127066 0.751000 0.062672