1 0.687000 0.163154 0.430000 0.057104
1 0.497500 0.105370 0.809000 0.058464
1 0.497500 0.249490 0.809000 0.115568
1 0.282500 0.163154 0.379000 0.057104
1 0.497500 0.335826 0.809000 0.057104
1 0.756000 0.393270 0.292000 0.057784
1 0.497500 0.450714 0.809000 0.057104
1 0.728000 0.508158 0.348000 0.057784
1 0.351500 0.393270 0.517000 0.057784
1 0.497500 0.565262 0.809000 0.056424
1 0.323500 0.508158 0.461000 0.057784
1 0.497500 0.651598 0.809000 0.116247
1 0.497500 0.738273 0.809000 0.057104
1 0.782000 0.795717 0.240000 0.057784
1 0.568000 0.853161 0.668000 0.057104
1 0.377500 0.795717 0.569000 0.057784
1 0.163500 0.853161 0.141000 0.057104
1 0.497500 0.912644 0.809000 0.061863
0 0.143000 0.911965 0.058000 0.044188
0 0.585500 0.508498 0.059000 0.047587
0 0.269500 0.852141 0.059000 0.044188
0 0.640500 0.391910 0.059000 0.046907
0 0.506000 0.162135 0.060000 0.044188
0 0.142500 0.679810 0.059000 0.046227
0 0.695000 0.795037 0.056000 0.045547
0 0.143000 0.277702 0.058000 0.044188
0 0.141000 0.565262 0.058000 0.044188