1 0.499500 0.122706 0.813000 0.117607
1 0.634500 0.210741 0.543000 0.058464
1 0.744000 0.268865 0.324000 0.057784
1 0.228000 0.210741 0.270000 0.058464
1 0.337500 0.268865 0.489000 0.057784
1 0.499500 0.355880 0.813000 0.116247
1 0.760500 0.443576 0.291000 0.059143
1 0.354000 0.443576 0.522000 0.059143
1 0.806500 0.502039 0.199000 0.057784
1 0.400000 0.502039 0.614000 0.057784
1 0.707000 0.560163 0.398000 0.058464
1 0.300500 0.560163 0.415000 0.058464
1 0.499500 0.618627 0.813000 0.058464
1 0.807000 0.677090 0.198000 0.058464
1 0.400500 0.677090 0.615000 0.058464
1 0.499500 0.735554 0.813000 0.058464
1 0.766500 0.793678 0.279000 0.057784
1 0.360000 0.793678 0.534000 0.057784
1 0.499500 0.882733 0.813000 0.120326
0 0.140000 0.268185 0.058000 0.045547
0 0.396000 0.211421 0.060000 0.044867
0 0.142500 0.910605 0.059000 0.045547
0 0.659000 0.791978 0.058000 0.047587
0 0.538000 0.561183 0.060000 0.045547
0 0.613500 0.267845 0.059000 0.047587
0 0.740000 0.676411 0.058000 0.043508
0 0.645500 0.443576 0.061000 0.046907
0 0.739000 0.501360 0.058000 0.045547