1 0.461500 0.368457 0.747000 0.214876
1 0.462000 0.612603 0.746000 0.054408
1 0.352500 0.666322 0.531000 0.053030
1 0.392500 0.235537 0.609000 0.052342
1 0.716000 0.823347 0.238000 0.054408
1 0.509000 0.558540 0.654000 0.053719
1 0.342000 0.823347 0.510000 0.054408
1 0.527500 0.769972 0.611000 0.052342
1 0.726000 0.666322 0.218000 0.053030
1 0.461500 0.718664 0.745000 0.051653
1 0.461500 0.878788 0.747000 0.056474
1 0.766000 0.235882 0.138000 0.051653
1 0.435500 0.503788 0.685000 0.055785
1 0.134500 0.558540 0.093000 0.053719
1 0.806500 0.504132 0.057000 0.055096
1 0.154500 0.769972 0.133000 0.052342
1 0.461500 0.152893 0.747000 0.112948
0 0.115500 0.878788 0.045000 0.034435
0 0.242500 0.773072 0.043000 0.033747
0 0.205000 0.559573 0.044000 0.033747
0 0.719000 0.238981 0.044000 0.034435
0 0.114500 0.720041 0.045000 0.033747
0 0.639000 0.667355 0.044000 0.034435
0 0.618500 0.826102 0.043000 0.033747
0 0.800500 0.504821 0.045000 0.034435