1 0.499500 0.216179 0.813000 0.171312
1 0.805000 0.331067 0.202000 0.058464
1 0.398500 0.331067 0.611000 0.058464
1 0.499500 0.389191 0.813000 0.057784
1 0.797500 0.447315 0.217000 0.058464
1 0.391000 0.447315 0.596000 0.058464
1 0.808000 0.505099 0.196000 0.057104
1 0.401500 0.505099 0.617000 0.057104
1 0.632000 0.562882 0.548000 0.058464
1 0.499500 0.621006 0.813000 0.057784
1 0.225500 0.562882 0.265000 0.058464
1 0.499500 0.678790 0.813000 0.057784
1 0.768000 0.736574 0.276000 0.057784
1 0.499500 0.823249 0.813000 0.115568
1 0.361500 0.736574 0.537000 0.057784
1 0.865000 0.912305 0.082000 0.062542
1 0.458500 0.912305 0.731000 0.062542
0 0.855500 0.911285 0.061000 0.045547
0 0.143500 0.912305 0.059000 0.044867
0 0.723500 0.445275 0.061000 0.047587
0 0.736000 0.330727 0.060000 0.046907
0 0.661500 0.736574 0.061000 0.045547
0 0.142500 0.619307 0.059000 0.044867
0 0.742000 0.504759 0.060000 0.046907
0 0.391000 0.563562 0.060000 0.044867