1 0.566000 0.153977 0.680000 0.059143
1 0.499000 0.095173 0.814000 0.058464
1 0.780000 0.270564 0.252000 0.058464
1 0.499000 0.212441 0.814000 0.057784
1 0.159000 0.153977 0.134000 0.059143
1 0.865000 0.386472 0.082000 0.059143
1 0.373000 0.270564 0.562000 0.058464
1 0.499000 0.328348 0.814000 0.057104
1 0.651000 0.503399 0.510000 0.057784
1 0.458000 0.386472 0.732000 0.059143
1 0.499000 0.445275 0.814000 0.058464
1 0.767000 0.619646 0.278000 0.059143
1 0.244000 0.503399 0.304000 0.057784
1 0.499000 0.561183 0.814000 0.057784
1 0.580500 0.678110 0.651000 0.057784
1 0.360000 0.619646 0.536000 0.059143
1 0.173500 0.678110 0.163000 0.057784
1 0.499000 0.736234 0.814000 0.058464
1 0.499000 0.853841 0.814000 0.176751
0 0.855500 0.385792 0.061000 0.045547
0 0.143000 0.911625 0.058000 0.044867
0 0.144500 0.735554 0.059000 0.044867
0 0.659000 0.619986 0.058000 0.046227
0 0.287000 0.677090 0.060000 0.044867
0 0.691500 0.269205 0.059000 0.046227
0 0.426000 0.502719 0.058000 0.045547
0 0.259000 0.154657 0.060000 0.046907