1 0.304500 0.556818 0.433000 0.055785
1 0.630000 0.611226 0.410000 0.053030
1 0.513000 0.825758 0.646000 0.053719
1 0.461000 0.314738 0.746000 0.106061
1 0.256000 0.611570 0.336000 0.053719
1 0.461000 0.693182 0.746000 0.109504
1 0.461500 0.449036 0.747000 0.056474
1 0.389000 0.503099 0.602000 0.051653
1 0.678000 0.556818 0.314000 0.055785
1 0.755500 0.394284 0.159000 0.053030
1 0.382000 0.394284 0.588000 0.053030
1 0.462000 0.879821 0.746000 0.054408
1 0.168500 0.773072 0.161000 0.051653
1 0.762500 0.503099 0.145000 0.051653
1 0.139000 0.825758 0.102000 0.053719
1 0.492000 0.234504 0.686000 0.054408
1 0.461000 0.150482 0.746000 0.112259
1 0.542500 0.773416 0.585000 0.050964
1 0.118000 0.234160 0.060000 0.055096
0 0.212000 0.828512 0.044000 0.034435
0 0.168500 0.238292 0.043000 0.033058
0 0.446500 0.615014 0.045000 0.034435
0 0.544500 0.558540 0.045000 0.034435
0 0.271500 0.777204 0.045000 0.035124
0 0.698000 0.399105 0.044000 0.033747
0 0.713500 0.506198 0.045000 0.034435
0 0.125000 0.884298 0.046000 0.034435