1 0.534500 0.664945 0.747000 0.163223
1 0.534000 0.318871 0.746000 0.104683
1 0.285000 0.239669 0.248000 0.053719
1 0.723500 0.450069 0.371000 0.054408
1 0.658500 0.239669 0.501000 0.053719
1 0.308000 0.557507 0.294000 0.051653
1 0.349500 0.450069 0.377000 0.054408
1 0.386500 0.185606 0.451000 0.054408
1 0.760500 0.185606 0.295000 0.054408
1 0.534500 0.504477 0.747000 0.054408
1 0.682500 0.557507 0.453000 0.051653
1 0.763500 0.397039 0.291000 0.051653
1 0.389500 0.397039 0.457000 0.051653
1 0.256000 0.772039 0.188000 0.050964
1 0.534500 0.851928 0.747000 0.108815
0 0.192500 0.877410 0.045000 0.034435
0 0.430500 0.239669 0.043000 0.034435
0 0.477000 0.560950 0.044000 0.033747
0 0.373000 0.772727 0.044000 0.034435
0 0.641000 0.399105 0.044000 0.033747
0 0.635000 0.187672 0.044000 0.035124
0 0.558500 0.453512 0.041000 0.030992
1 0.630000 0.772039 0.558000 0.050964
1 0.534500 0.127755 0.749000 0.061295