1 0.673000 0.552342 0.470000 0.056474
1 0.535000 0.178719 0.746000 0.163223
1 0.464500 0.714532 0.607000 0.054408
1 0.534500 0.338843 0.747000 0.052342
1 0.535000 0.661157 0.748000 0.052342
1 0.757000 0.286501 0.304000 0.052342
1 0.589000 0.607782 0.638000 0.054408
1 0.434500 0.392906 0.547000 0.055785
1 0.765500 0.766873 0.287000 0.051653
1 0.509500 0.499311 0.697000 0.050964
1 0.391500 0.766873 0.461000 0.051653
1 0.383500 0.286501 0.445000 0.052342
1 0.534000 0.849518 0.748000 0.113636
1 0.299500 0.552686 0.277000 0.055785
1 0.534000 0.447314 0.746000 0.053030
1 0.808500 0.392906 0.201000 0.055785
1 0.838500 0.714187 0.141000 0.053719
1 0.215000 0.607782 0.108000 0.054408
1 0.884000 0.499311 0.050000 0.050964
0 0.644000 0.769972 0.042000 0.033058
0 0.628500 0.290289 0.043000 0.032369
0 0.790000 0.715565 0.044000 0.034435
0 0.460000 0.556129 0.042000 0.032369
0 0.190500 0.875344 0.045000 0.033058
0 0.881500 0.502066 0.043000 0.033058
0 0.729500 0.396006 0.043000 0.033058
0 0.292000 0.608815 0.042000 0.033058