1 0.701500 0.093134 0.409000 0.058464
1 0.295000 0.093134 0.404000 0.058464
1 0.739500 0.151258 0.333000 0.057784
1 0.407500 0.151258 0.331000 0.057784
1 0.167500 0.151258 0.149000 0.057784
1 0.770000 0.209721 0.272000 0.059143
1 0.407000 0.209721 0.454000 0.059143
1 0.741000 0.268185 0.330000 0.057784
1 0.136500 0.209721 0.087000 0.059143
1 0.868500 0.326649 0.075000 0.059143
1 0.334500 0.268185 0.483000 0.057784
1 0.638000 0.326649 0.386000 0.059143
1 0.318000 0.326649 0.254000 0.059143
1 0.676500 0.385452 0.459000 0.058464
1 0.142000 0.326649 0.098000 0.059143
1 0.270000 0.385452 0.354000 0.058464
1 0.871000 0.443916 0.070000 0.058464
1 0.501000 0.443916 0.670000 0.058464
1 0.129500 0.443916 0.073000 0.058464
1 0.736500 0.502039 0.339000 0.057784
1 0.376000 0.502039 0.382000 0.057784
1 0.139000 0.502039 0.092000 0.057784
1 0.734000 0.559823 0.344000 0.057784
1 0.327500 0.559823 0.469000 0.057784
1 0.786500 0.677090 0.239000 0.058464
1 0.499500 0.618287 0.813000 0.059143
1 0.471500 0.677090 0.391000 0.058464
1 0.184500 0.677090 0.183000 0.058464
1 0.625500 0.735554 0.561000 0.058464
1 0.810500 0.793678 0.191000 0.057784
1 0.219000 0.735554 0.252000 0.058464
1 0.862500 0.851462 0.087000 0.057784
1 0.404000 0.793678 0.622000 0.057784
1 0.620500 0.851462 0.397000 0.057784
1 0.727000 0.911965 0.358000 0.063222
1 0.257500 0.851462 0.329000 0.057784
1 0.320500 0.911965 0.455000 0.063222
0 0.579500 0.912305 0.061000 0.044867
0 0.529500 0.092454 0.059000 0.047587
0 0.748500 0.792998 0.057000 0.048266
0 0.607500 0.267165 0.059000 0.046227
0 0.865000 0.441876 0.060000 0.046227
0 0.142000 0.912305 0.060000 0.044867
0 0.200000 0.441876 0.060000 0.047587
0 0.598000 0.502379 0.060000 0.044867
0 0.377500 0.736234 0.061000 0.046227
0 0.274500 0.148878 0.059000 0.044867
0 0.855500 0.849422 0.061000 0.044188
0 0.217500 0.207682 0.059000 0.046907
0 0.458000 0.852481 0.060000 0.044867
0 0.666000 0.208022 0.060000 0.047587
0 0.861000 0.324609 0.058000 0.044188
0 0.142000 0.092794 0.058000 0.046907
0 0.309500 0.674711 0.059000 0.044188
0 0.604000 0.149218 0.060000 0.045547
0 0.479500 0.384772 0.059000 0.044867
0 0.597000 0.559483 0.060000 0.046227
0 0.477500 0.326309 0.061000 0.044867
0 0.217000 0.500680 0.058000 0.045547
0 0.698500 0.676071 0.059000 0.044188
0 0.223000 0.326649 0.058000 0.044188