1 0.423500 0.556474 0.333000 0.056474
1 0.748500 0.556474 0.319000 0.056474
1 0.792500 0.609848 0.233000 0.050275
1 0.524000 0.609848 0.302000 0.050275
1 0.479000 0.181474 0.352000 0.054408
1 0.742500 0.501377 0.333000 0.053719
1 0.746000 0.397727 0.326000 0.053030
1 0.267500 0.609848 0.211000 0.050275
1 0.267000 0.289945 0.212000 0.055096
1 0.317000 0.235537 0.312000 0.053719
1 0.372000 0.767906 0.272000 0.053719
1 0.621000 0.235537 0.296000 0.053719
1 0.401500 0.822314 0.483000 0.055096
1 0.463500 0.662879 0.601000 0.055785
1 0.708000 0.768251 0.400000 0.053030
1 0.345000 0.344353 0.368000 0.053719
1 0.516000 0.289945 0.286000 0.055096
1 0.776500 0.821970 0.265000 0.054408
1 0.782500 0.181474 0.253000 0.054408
1 0.784000 0.290289 0.250000 0.054408
1 0.431000 0.501722 0.290000 0.054408
1 0.432500 0.397727 0.299000 0.053030
1 0.719500 0.344353 0.379000 0.053719
1 0.534500 0.878444 0.747000 0.057163
1 0.581000 0.449380 0.290000 0.050275
1 0.299000 0.449036 0.274000 0.050964
1 0.817500 0.449036 0.181000 0.049587
1 0.836500 0.662879 0.145000 0.055785
1 0.223500 0.501377 0.125000 0.053719
1 0.535000 0.716253 0.746000 0.050964
1 0.198500 0.767906 0.075000 0.053719
1 0.534500 0.125689 0.749000 0.057163
1 0.231500 0.181129 0.141000 0.053719
1 0.839000 0.235882 0.138000 0.054408
1 0.209000 0.556474 0.096000 0.056474
1 0.222000 0.397727 0.120000 0.053030
0 0.396000 0.611570 0.044000 0.034435
0 0.259500 0.771006 0.045000 0.033747
0 0.189000 0.878099 0.046000 0.034435
0 0.684500 0.823691 0.043000 0.034435
0 0.785500 0.664601 0.043000 0.034435
0 0.681000 0.294421 0.044000 0.033747
0 0.280500 0.558884 0.045000 0.035124
0 0.553000 0.347107 0.044000 0.034435
0 0.188500 0.452135 0.045000 0.033747
0 0.605000 0.399449 0.044000 0.034435
0 0.197000 0.240702 0.044000 0.033747
0 0.612500 0.558196 0.045000 0.033747
0 0.304000 0.399449 0.044000 0.034435
0 0.792000 0.240702 0.044000 0.033747
0 0.698000 0.611915 0.044000 0.033747
0 0.749000 0.452135 0.044000 0.033747
0 0.459500 0.452135 0.045000 0.033747
0 0.529500 0.770317 0.043000 0.033747
0 0.678000 0.188017 0.044000 0.033058
0 0.192000 0.346763 0.046000 0.033747
0 0.192000 0.294077 0.044000 0.033058
0 0.495000 0.241391 0.044000 0.033747
0 0.307000 0.505165 0.044000 0.033747
0 0.324000 0.188017 0.044000 0.034435
0 0.396000 0.294421 0.044000 0.033747
0 0.597000 0.506543 0.044000 0.033747