1 0.461500 0.424931 0.747000 0.107438
1 0.461000 0.582645 0.746000 0.107438
1 0.639500 0.503444 0.391000 0.049587
1 0.290500 0.663223 0.405000 0.053719
1 0.665000 0.663223 0.340000 0.053719
1 0.242500 0.185606 0.309000 0.054408
1 0.616000 0.185950 0.438000 0.055096
1 0.265500 0.503788 0.357000 0.050275
1 0.680500 0.344697 0.309000 0.053030
1 0.191500 0.821970 0.207000 0.051653
1 0.525500 0.240358 0.619000 0.053719
1 0.459500 0.715909 0.745000 0.051653
1 0.461000 0.292700 0.748000 0.050964
1 0.307000 0.344697 0.438000 0.053030
1 0.436500 0.769284 0.697000 0.055096
1 0.152000 0.240014 0.128000 0.054408
1 0.565000 0.821970 0.540000 0.051653
1 0.462000 0.877410 0.748000 0.059229
1 0.810500 0.769284 0.051000 0.055096
0 0.466000 0.506543 0.042000 0.032369
0 0.120500 0.877066 0.043000 0.032369
0 0.315500 0.824725 0.041000 0.032369
0 0.547000 0.346763 0.042000 0.032369
0 0.807500 0.773760 0.043000 0.032369
0 0.236000 0.241736 0.042000 0.031680
0 0.535000 0.663567 0.042000 0.032369
0 0.419000 0.186983 0.042000 0.032369
1 0.462000 0.127755 0.750000 0.061295