1 0.535000 0.288912 0.748000 0.054408
1 0.375000 0.605028 0.426000 0.048898
1 0.748000 0.605028 0.320000 0.048898
1 0.415500 0.709022 0.509000 0.051653
1 0.509000 0.235193 0.694000 0.053030
1 0.790000 0.709022 0.238000 0.051653
1 0.535000 0.552342 0.746000 0.056474
1 0.408500 0.497934 0.495000 0.052342
1 0.534500 0.655992 0.747000 0.054408
1 0.783000 0.497934 0.252000 0.052342
1 0.534500 0.445592 0.745000 0.052342
1 0.535000 0.152204 0.746000 0.111570
1 0.688500 0.393595 0.439000 0.051653
1 0.506500 0.341942 0.693000 0.051653
1 0.315000 0.393251 0.306000 0.052342
1 0.883500 0.235537 0.051000 0.053719
1 0.881000 0.342287 0.056000 0.052342
0 0.609500 0.605716 0.043000 0.033747
0 0.188500 0.814050 0.045000 0.034435
0 0.680500 0.500000 0.045000 0.034435
0 0.693500 0.711088 0.045000 0.033747
0 0.881000 0.237603 0.046000 0.034435
0 0.491500 0.394628 0.045000 0.034435
0 0.877000 0.343320 0.046000 0.035124
1 0.535000 0.789945 0.748000 0.110193