1 0.500000 0.122026 0.808000 0.116247
1 0.803000 0.209721 0.202000 0.059143
1 0.500000 0.268185 0.808000 0.057784
1 0.399000 0.209721 0.606000 0.059143
1 0.801500 0.326649 0.205000 0.059143
1 0.397500 0.326649 0.603000 0.059143
1 0.863000 0.385112 0.082000 0.057784
1 0.459000 0.385112 0.726000 0.057784
1 0.631000 0.442896 0.546000 0.057784
1 0.227000 0.442896 0.262000 0.057784
1 0.809000 0.559823 0.190000 0.057784
1 0.500000 0.501360 0.808000 0.059143
1 0.405000 0.559823 0.618000 0.057784
1 0.500000 0.618287 0.808000 0.059143
1 0.500000 0.706322 0.808000 0.116927
1 0.738500 0.852141 0.331000 0.057784
1 0.500000 0.794018 0.808000 0.058464
1 0.334500 0.852141 0.477000 0.057784
1 0.500000 0.911625 0.808000 0.061183
0 0.144000 0.911285 0.058000 0.045547
0 0.855000 0.386132 0.062000 0.044867
0 0.144000 0.619307 0.060000 0.044867
0 0.144500 0.734194 0.059000 0.044867
0 0.735000 0.209381 0.060000 0.046227
0 0.732000 0.326649 0.058000 0.044188
0 0.603000 0.850782 0.058000 0.044188
0 0.387500 0.442896 0.061000 0.046907
0 0.747000 0.559143 0.060000 0.046907