1 0.688000 0.091094 0.434000 0.058464
1 0.311000 0.091094 0.320000 0.058464
1 0.688000 0.149558 0.434000 0.058464
1 0.122000 0.091094 0.058000 0.058464
1 0.282000 0.149558 0.378000 0.058464
1 0.684500 0.330387 0.441000 0.058464
1 0.499000 0.275663 0.812000 0.050986
1 0.278500 0.330387 0.371000 0.058464
1 0.782000 0.388511 0.246000 0.057784
1 0.527000 0.388511 0.264000 0.057784
1 0.244000 0.388511 0.302000 0.057784
1 0.693000 0.446295 0.424000 0.057784
1 0.287000 0.446295 0.388000 0.057784
1 0.749500 0.504079 0.311000 0.057784
1 0.465500 0.504079 0.257000 0.057784
1 0.215000 0.504079 0.244000 0.057784
1 0.756000 0.561863 0.298000 0.057784
1 0.487500 0.561863 0.239000 0.057784
1 0.230500 0.561863 0.275000 0.057784
1 0.760000 0.619646 0.290000 0.057784
1 0.481500 0.619646 0.267000 0.057784
1 0.220500 0.619646 0.255000 0.057784
1 0.617500 0.678110 0.575000 0.059143
1 0.211500 0.678110 0.237000 0.059143
1 0.821500 0.736574 0.167000 0.057784
1 0.540500 0.736574 0.395000 0.057784
1 0.218000 0.736574 0.250000 0.057784
1 0.802500 0.794358 0.205000 0.057784
1 0.496000 0.794358 0.408000 0.057784
1 0.193500 0.794358 0.201000 0.057784
1 0.798500 0.852481 0.213000 0.058464
1 0.530000 0.852481 0.324000 0.058464
1 0.814500 0.912644 0.181000 0.061863
1 0.230500 0.852481 0.275000 0.058464
1 0.593000 0.912644 0.262000 0.061863
1 0.277500 0.912644 0.369000 0.061863
0 0.755000 0.911965 0.058000 0.044188
0 0.326500 0.792998 0.059000 0.046907
0 0.143000 0.911965 0.058000 0.044188
0 0.494500 0.911625 0.059000 0.044867
0 0.377000 0.735554 0.060000 0.044867
0 0.399000 0.852141 0.060000 0.045547
0 0.732000 0.792998 0.060000 0.046907
0 0.143500 0.330048 0.059000 0.046907
0 0.366500 0.504419 0.061000 0.047587
0 0.495500 0.330048 0.061000 0.046907
0 0.362000 0.678790 0.058000 0.045547
0 0.687000 0.388851 0.060000 0.044867
0 0.143000 0.504079 0.058000 0.045547
0 0.624000 0.504419 0.060000 0.046227
0 0.769500 0.735554 0.059000 0.046227
0 0.723000 0.852141 0.058000 0.045547
0 0.512500 0.446635 0.061000 0.046227
0 0.145000 0.148199 0.060000 0.044867
0 0.501500 0.091434 0.059000 0.046907
0 0.503000 0.149898 0.060000 0.044188
0 0.398000 0.563562 0.060000 0.044867
0 0.638500 0.563562 0.061000 0.044867
0 0.429000 0.388171 0.060000 0.044867
0 0.380500 0.619307 0.059000 0.047587
0 0.182000 0.091434 0.060000 0.046907
0 0.141500 0.388171 0.059000 0.044867
0 0.144000 0.563222 0.060000 0.044188
0 0.646500 0.619646 0.061000 0.046907
0 0.138500 0.446635 0.059000 0.046227
0 0.138500 0.619646 0.059000 0.046907