1 0.556000 0.090755 0.698000 0.056424
1 0.150000 0.090755 0.114000 0.056424
1 0.541500 0.148199 0.727000 0.058464
1 0.864500 0.263426 0.081000 0.057784
1 0.135500 0.148199 0.085000 0.058464
1 0.499000 0.205982 0.812000 0.057104
1 0.458500 0.263426 0.731000 0.057784
1 0.499000 0.320530 0.812000 0.056424
1 0.499000 0.380354 0.812000 0.063222
1 0.768000 0.562882 0.274000 0.058464
1 0.499000 0.506798 0.812000 0.053705
1 0.491000 0.562882 0.280000 0.058464
1 0.222000 0.562882 0.258000 0.058464
1 0.781000 0.621006 0.248000 0.057784
1 0.528000 0.621006 0.258000 0.057784
1 0.288500 0.621006 0.221000 0.057784
1 0.135500 0.621006 0.085000 0.057784
1 0.779000 0.678790 0.252000 0.057784
1 0.496500 0.678790 0.313000 0.057784
1 0.216500 0.678790 0.247000 0.057784
1 0.865500 0.736914 0.079000 0.058464
1 0.690500 0.736914 0.271000 0.058464
1 0.423000 0.736914 0.264000 0.058464
1 0.192000 0.736914 0.198000 0.058464
1 0.864500 0.794697 0.081000 0.057104
1 0.717000 0.794697 0.214000 0.057104
1 0.421500 0.794697 0.377000 0.057104
1 0.163000 0.794697 0.140000 0.057104
1 0.792500 0.852481 0.225000 0.058464
1 0.535000 0.852481 0.290000 0.058464
1 0.241500 0.852481 0.297000 0.058464
1 0.865000 0.912644 0.080000 0.061863
1 0.634000 0.912644 0.382000 0.061863
1 0.268000 0.912644 0.350000 0.061863
0 0.858500 0.794018 0.059000 0.046227
0 0.859500 0.912644 0.059000 0.044188
0 0.641000 0.794697 0.058000 0.046227
0 0.143500 0.912644 0.057000 0.045547
0 0.477000 0.912984 0.060000 0.046227
0 0.143500 0.264106 0.059000 0.044188
0 0.858500 0.736574 0.059000 0.045547
0 0.430000 0.621346 0.060000 0.047587
0 0.711000 0.853161 0.058000 0.046227
0 0.242000 0.091094 0.060000 0.046227
0 0.321500 0.736914 0.059000 0.044867
0 0.855000 0.264106 0.060000 0.044188
0 0.585000 0.736234 0.058000 0.046227
0 0.419500 0.852821 0.059000 0.045547
0 0.212000 0.621006 0.060000 0.048266
0 0.143500 0.376954 0.059000 0.044188
0 0.212000 0.149218 0.060000 0.044188
0 0.383000 0.562882 0.058000 0.044867
0 0.661000 0.563562 0.060000 0.044867
0 0.143500 0.320530 0.059000 0.044188
0 0.687500 0.621686 0.061000 0.046907
0 0.262000 0.794018 0.058000 0.046227
0 0.143500 0.563562 0.059000 0.046227
0 0.372000 0.678450 0.060000 0.046227
0 0.682000 0.679130 0.060000 0.046227