1 0.362500 0.238292 0.489000 0.053719
1 0.667000 0.290978 0.336000 0.051653
1 0.593500 0.662534 0.483000 0.055096
1 0.220000 0.662534 0.264000 0.055096
1 0.587000 0.451446 0.494000 0.054408
1 0.589000 0.823003 0.492000 0.053719
1 0.215000 0.823003 0.256000 0.053719
1 0.435500 0.608471 0.695000 0.053030
1 0.392000 0.768595 0.610000 0.055096
1 0.214000 0.451446 0.252000 0.054408
1 0.293000 0.290978 0.412000 0.051653
1 0.461000 0.715909 0.748000 0.051653
1 0.460500 0.343320 0.747000 0.053030
1 0.721000 0.238292 0.228000 0.053719
1 0.435500 0.397039 0.695000 0.054408
1 0.568500 0.501722 0.531000 0.046143
1 0.462500 0.553375 0.745000 0.057163
1 0.460500 0.878444 0.747000 0.057163
1 0.196000 0.501722 0.216000 0.046143
1 0.809000 0.608471 0.052000 0.053030
1 0.808500 0.396694 0.053000 0.053719
1 0.766500 0.768251 0.137000 0.054408
0 0.719500 0.771006 0.043000 0.032369
0 0.113500 0.876722 0.043000 0.031680
0 0.361000 0.454201 0.042000 0.032369
0 0.628000 0.241736 0.042000 0.031680
0 0.373500 0.664256 0.043000 0.032369
0 0.139500 0.240702 0.041000 0.032369
0 0.520500 0.293388 0.041000 0.031680
0 0.365000 0.825413 0.042000 0.032369
0 0.327000 0.506198 0.042000 0.031680
0 0.805000 0.611915 0.042000 0.032369
0 0.804000 0.402548 0.042000 0.032369
1 0.103000 0.238636 0.032000 0.051653