1 0.538000 0.095173 0.736000 0.058464
1 0.132000 0.095173 0.076000 0.058464
1 0.861000 0.211421 0.090000 0.058464
1 0.500000 0.153297 0.812000 0.057784
1 0.584000 0.211421 0.464000 0.058464
1 0.786000 0.269884 0.240000 0.058464
1 0.223000 0.211421 0.258000 0.058464
1 0.380000 0.269884 0.572000 0.058464
1 0.629500 0.328008 0.553000 0.057784
1 0.669500 0.386132 0.473000 0.058464
1 0.223500 0.328008 0.259000 0.057784
1 0.263500 0.386132 0.339000 0.058464
1 0.500000 0.473827 0.812000 0.116927
1 0.725000 0.561183 0.362000 0.057784
1 0.319000 0.561183 0.450000 0.057784
1 0.779500 0.677430 0.253000 0.059143
1 0.500000 0.618967 0.812000 0.057784
1 0.373500 0.677430 0.559000 0.059143
1 0.658500 0.735894 0.495000 0.057784
1 0.252500 0.735894 0.317000 0.057784
1 0.617500 0.793678 0.577000 0.057784
1 0.211500 0.793678 0.235000 0.057784
1 0.574500 0.851462 0.663000 0.057784
1 0.168500 0.851462 0.149000 0.057784
1 0.500000 0.911625 0.812000 0.062542
0 0.856000 0.212441 0.060000 0.045547
0 0.579500 0.561863 0.061000 0.045547
0 0.362500 0.792998 0.059000 0.046907
0 0.144000 0.910945 0.058000 0.046227
0 0.388500 0.212101 0.059000 0.044867
0 0.702500 0.269884 0.061000 0.046227
0 0.465500 0.388511 0.059000 0.044188
0 0.444000 0.733855 0.058000 0.045547
0 0.203500 0.094154 0.061000 0.046907
0 0.384000 0.326988 0.058000 0.044867
0 0.277500 0.851801 0.061000 0.044867
0 0.687000 0.676751 0.058000 0.045547