1 0.794500 0.150238 0.223000 0.058464
1 0.498500 0.091434 0.815000 0.059143
1 0.861500 0.209041 0.089000 0.059143
1 0.387000 0.150238 0.592000 0.058464
1 0.454000 0.209041 0.726000 0.059143
1 0.787000 0.267165 0.238000 0.057104
1 0.720500 0.325629 0.371000 0.059823
1 0.379500 0.267165 0.577000 0.057104
1 0.864000 0.384432 0.084000 0.057784
1 0.313000 0.325629 0.444000 0.059823
1 0.456500 0.384432 0.731000 0.057784
1 0.747500 0.442556 0.317000 0.058464
1 0.340000 0.442556 0.498000 0.058464
1 0.644000 0.501020 0.524000 0.058464
1 0.236500 0.501020 0.291000 0.058464
1 0.603000 0.559483 0.606000 0.058464
1 0.195500 0.559483 0.209000 0.058464
1 0.743000 0.676411 0.326000 0.058464
1 0.498500 0.617947 0.815000 0.058464
1 0.335500 0.676411 0.489000 0.058464
1 0.739500 0.734534 0.333000 0.057784
1 0.332000 0.734534 0.482000 0.057784
1 0.687500 0.792998 0.437000 0.059143
1 0.280000 0.792998 0.378000 0.059143
1 0.713500 0.851462 0.385000 0.057784
1 0.306000 0.851462 0.430000 0.057784
1 0.498500 0.911625 0.815000 0.062542
0 0.553500 0.850442 0.059000 0.044867
0 0.716000 0.149558 0.060000 0.044867
0 0.142000 0.912305 0.060000 0.044867
0 0.501500 0.791638 0.059000 0.046907
0 0.856500 0.208022 0.061000 0.047587
0 0.623000 0.441536 0.060000 0.046907
0 0.856500 0.383413 0.061000 0.046227
0 0.568000 0.326309 0.060000 0.043508
0 0.416500 0.500680 0.061000 0.044188
0 0.615500 0.675731 0.061000 0.044867
0 0.607500 0.733855 0.059000 0.045547
0 0.331500 0.558804 0.063000 0.048946
0 0.702000 0.267165 0.060000 0.047587