1 0.825000 0.161199 0.224000 0.059937
1 0.498500 0.101577 0.877000 0.059306
1 0.386500 0.161199 0.653000 0.059937
1 0.498500 0.247003 0.877000 0.111672
1 0.795000 0.332177 0.284000 0.058675
1 0.356500 0.332177 0.593000 0.058675
1 0.498500 0.505363 0.877000 0.287697
1 0.625000 0.676341 0.624000 0.054259
1 0.498500 0.819874 0.877000 0.232808
1 0.186500 0.676341 0.253000 0.054259
0 0.706000 0.335016 0.052000 0.036593
0 0.741500 0.164353 0.051000 0.038486
0 0.339000 0.681073 0.050000 0.033438
0 0.095000 0.907256 0.052000 0.036593