1 0.498500 0.130599 0.879000 0.117350
1 0.757000 0.217350 0.362000 0.056151
1 0.498500 0.275710 0.879000 0.060568
1 0.317500 0.217350 0.517000 0.056151
1 0.596000 0.334700 0.684000 0.057413
1 0.498500 0.390852 0.879000 0.054890
1 0.156500 0.334700 0.195000 0.057413
1 0.498500 0.534385 0.879000 0.104732
1 0.611500 0.616088 0.653000 0.058675
1 0.172000 0.616088 0.226000 0.058675
1 0.870000 0.787697 0.136000 0.062461
1 0.498500 0.700946 0.879000 0.111041
1 0.500000 0.787697 0.604000 0.062461
1 0.128500 0.787697 0.139000 0.062461
1 0.498500 0.876656 0.879000 0.115457
0 0.224500 0.794006 0.049000 0.032177
0 0.827500 0.793691 0.047000 0.034069
0 0.088500 0.906940 0.049000 0.032177
0 0.308500 0.624290 0.049000 0.034700
0 0.601000 0.223344 0.050000 0.034069
0 0.092000 0.395268 0.050000 0.032177
0 0.278500 0.338486 0.049000 0.034700
0 0.089000 0.564984 0.050000 0.034700