1 0.499000 0.104732 0.876000 0.066877
1 0.675000 0.165615 0.524000 0.054890
1 0.236000 0.165615 0.354000 0.054890
1 0.673500 0.223344 0.527000 0.060568
1 0.234500 0.223344 0.351000 0.060568
1 0.566000 0.394953 0.742000 0.056782
1 0.498000 0.310095 0.878000 0.112934
1 0.127000 0.394953 0.136000 0.056782
1 0.560500 0.508517 0.753000 0.055521
1 0.498000 0.452050 0.878000 0.057413
1 0.832500 0.620189 0.209000 0.061830
1 0.121500 0.508517 0.125000 0.055521
1 0.498000 0.562776 0.878000 0.052997
1 0.498000 0.677918 0.878000 0.053628
1 0.731000 0.732177 0.412000 0.054890
1 0.393500 0.620189 0.669000 0.061830
1 0.498000 0.847319 0.878000 0.175394
1 0.292000 0.732177 0.466000 0.054890
0 0.550000 0.735962 0.048000 0.034700
0 0.754500 0.622713 0.049000 0.034069
0 0.460000 0.225868 0.050000 0.035331
0 0.210500 0.509464 0.049000 0.033438
0 0.441500 0.167823 0.051000 0.032808
0 0.221000 0.396215 0.050000 0.034069
0 0.089500 0.907571 0.051000 0.033438