1 0.823500 0.275079 0.237000 0.059306
1 0.502500 0.190536 0.879000 0.109779
1 0.384000 0.275079 0.642000 0.059306
1 0.813000 0.333438 0.258000 0.057413
1 0.502500 0.390536 0.879000 0.056782
1 0.373500 0.333438 0.621000 0.057413
1 0.532000 0.445110 0.820000 0.052366
1 0.502500 0.531230 0.879000 0.119874
1 0.856500 0.617350 0.171000 0.052366
1 0.092500 0.445110 0.059000 0.052366
1 0.502500 0.674132 0.879000 0.061199
1 0.854000 0.732177 0.176000 0.054890
1 0.417000 0.617350 0.708000 0.052366
1 0.502500 0.787697 0.879000 0.056151
1 0.414500 0.732177 0.703000 0.054890
1 0.602500 0.845110 0.679000 0.058675
1 0.502500 0.905363 0.879000 0.061830
1 0.163000 0.845110 0.200000 0.058675
0 0.150000 0.449211 0.050000 0.036593
0 0.730500 0.280126 0.051000 0.036593
0 0.792000 0.734069 0.050000 0.035962
0 0.798000 0.619874 0.052000 0.035962
0 0.711000 0.336909 0.052000 0.036593
0 0.287000 0.847950 0.050000 0.036593
0 0.097000 0.904416 0.052000 0.037224