1 0.498500 0.101262 0.879000 0.059937
1 0.553000 0.160883 0.770000 0.059306
1 0.546500 0.218927 0.783000 0.056782
1 0.113500 0.160883 0.109000 0.059306
1 0.107000 0.218927 0.096000 0.056782
1 0.736500 0.276972 0.403000 0.059306
1 0.297000 0.276972 0.476000 0.059306
1 0.907500 0.335647 0.061000 0.058044
1 0.468000 0.335647 0.818000 0.058044
1 0.698500 0.393691 0.479000 0.058044
1 0.259000 0.393691 0.400000 0.058044
1 0.869000 0.448580 0.138000 0.051735
1 0.517000 0.448580 0.566000 0.051735
1 0.146500 0.448580 0.175000 0.051735
1 0.814500 0.503470 0.247000 0.058044
1 0.375000 0.503470 0.632000 0.058044
1 0.654000 0.563091 0.568000 0.061199
1 0.214500 0.563091 0.311000 0.061199
1 0.699000 0.619874 0.478000 0.052366
1 0.259500 0.619874 0.401000 0.052366
1 0.850500 0.676656 0.175000 0.061199
1 0.571500 0.676656 0.383000 0.061199
1 0.219500 0.676656 0.321000 0.061199
1 0.772000 0.735016 0.332000 0.055521
1 0.435000 0.735016 0.342000 0.055521
1 0.161500 0.735016 0.205000 0.055521
1 0.618000 0.790536 0.640000 0.055521
1 0.725500 0.847634 0.425000 0.058675
1 0.178500 0.790536 0.239000 0.055521
1 0.286000 0.847634 0.454000 0.058675
1 0.908000 0.907886 0.060000 0.061830
1 0.468500 0.907886 0.819000 0.061830
0 0.790000 0.679180 0.050000 0.037224
0 0.396000 0.565931 0.050000 0.037855
0 0.826500 0.452050 0.051000 0.037224
0 0.259500 0.451735 0.053000 0.036593
0 0.216500 0.169085 0.053000 0.036593
0 0.716000 0.511672 0.052000 0.036593
0 0.902000 0.339748 0.050000 0.037224
0 0.484500 0.395268 0.051000 0.035962
0 0.405000 0.680757 0.050000 0.035331
0 0.099500 0.338170 0.051000 0.036593
0 0.904000 0.907571 0.050000 0.035962
0 0.538000 0.850158 0.052000 0.037224
0 0.097500 0.111987 0.051000 0.035962
0 0.325000 0.793691 0.052000 0.035331
0 0.092000 0.508833 0.052000 0.035962
0 0.561500 0.281388 0.051000 0.036593
0 0.485500 0.622713 0.051000 0.035331
0 0.182000 0.224921 0.052000 0.037224
0 0.103500 0.908517 0.051000 0.035331
0 0.289500 0.736593 0.051000 0.035962
0 0.632500 0.736909 0.049000 0.036593