1 0.498500 0.101262 0.879000 0.059937
1 0.498500 0.160568 0.879000 0.058675
1 0.838000 0.218612 0.200000 0.057413
1 0.861500 0.276972 0.153000 0.059306
1 0.398500 0.218612 0.679000 0.057413
1 0.707000 0.335647 0.462000 0.058044
1 0.422000 0.276972 0.726000 0.059306
1 0.498500 0.393375 0.879000 0.057413
1 0.846000 0.448265 0.184000 0.052366
1 0.267500 0.335647 0.417000 0.058044
1 0.840500 0.619874 0.195000 0.052366
1 0.498500 0.534069 0.879000 0.119243
1 0.406500 0.448265 0.695000 0.052366
1 0.590000 0.619874 0.306000 0.052366
1 0.907000 0.676656 0.062000 0.061199
1 0.248000 0.619874 0.378000 0.052366
1 0.669500 0.676656 0.413000 0.061199
1 0.864500 0.735016 0.147000 0.055521
1 0.261000 0.676656 0.404000 0.061199
1 0.634500 0.735016 0.313000 0.055521
1 0.268500 0.735016 0.419000 0.055521
1 0.908000 0.790852 0.060000 0.056151
1 0.637000 0.790852 0.482000 0.056151
1 0.227500 0.790852 0.337000 0.056151
1 0.905500 0.847950 0.065000 0.058044
1 0.669500 0.847950 0.407000 0.058044
1 0.262500 0.847950 0.407000 0.058044
1 0.716000 0.907886 0.444000 0.061830
1 0.276500 0.907886 0.435000 0.061830
0 0.903000 0.678864 0.052000 0.036593
0 0.816500 0.736593 0.051000 0.037224
0 0.489000 0.678549 0.052000 0.037224
0 0.462000 0.621451 0.050000 0.034069
0 0.766500 0.622397 0.051000 0.034700
0 0.500000 0.335016 0.052000 0.036593
0 0.898500 0.850158 0.051000 0.037224
0 0.501500 0.735016 0.051000 0.036593
0 0.421000 0.793375 0.052000 0.035962
0 0.902500 0.792744 0.053000 0.035962
0 0.777500 0.449211 0.053000 0.036593
0 0.762500 0.221136 0.049000 0.035962
0 0.811000 0.277287 0.050000 0.035962
0 0.092000 0.106940 0.052000 0.035962
0 0.518500 0.907256 0.053000 0.036593
0 0.103000 0.850473 0.052000 0.036593
0 0.491500 0.850158 0.053000 0.037224
0 0.109000 0.906625 0.052000 0.036593