1 0.502500 0.102839 0.879000 0.061830
1 0.752500 0.160883 0.379000 0.054259
1 0.313000 0.160883 0.500000 0.054259
1 0.837500 0.273817 0.209000 0.056782
1 0.502500 0.216719 0.879000 0.057413
1 0.398000 0.273817 0.670000 0.056782
1 0.627000 0.329653 0.630000 0.054890
1 0.569500 0.444164 0.745000 0.055521
1 0.187500 0.329653 0.249000 0.054890
1 0.502500 0.386751 0.879000 0.059306
1 0.502500 0.702524 0.879000 0.461199
1 0.130000 0.444164 0.134000 0.055521
0 0.339000 0.335647 0.052000 0.035331
0 0.253500 0.447950 0.051000 0.035331
0 0.591500 0.166877 0.051000 0.034700
0 0.758000 0.279180 0.052000 0.034700
0 0.106500 0.902208 0.049000 0.035331