1 0.783500 0.101262 0.309000 0.059937
1 0.506500 0.101262 0.245000 0.059937
1 0.269500 0.101262 0.229000 0.059937
1 0.859500 0.160883 0.157000 0.059306
1 0.107000 0.101262 0.096000 0.059937
1 0.561000 0.160883 0.440000 0.059306
1 0.200000 0.160883 0.282000 0.059306
1 0.856000 0.218927 0.164000 0.056782
1 0.821500 0.276972 0.233000 0.059306
1 0.416500 0.218927 0.715000 0.056782
1 0.382000 0.276972 0.646000 0.059306
1 0.666000 0.334069 0.544000 0.054890
1 0.226500 0.334069 0.335000 0.054890
1 0.736500 0.389905 0.403000 0.056782
1 0.297000 0.389905 0.476000 0.056782
1 0.498500 0.447634 0.879000 0.058675
1 0.498500 0.568139 0.879000 0.051104
1 0.794500 0.621767 0.287000 0.056151
1 0.468000 0.621767 0.366000 0.056151
1 0.172000 0.621767 0.226000 0.056151
1 0.858500 0.678549 0.159000 0.057413
1 0.626000 0.678549 0.306000 0.057413
1 0.345000 0.678549 0.256000 0.057413
1 0.138000 0.678549 0.158000 0.057413
1 0.836000 0.735016 0.204000 0.055521
1 0.596500 0.735016 0.275000 0.055521
1 0.259000 0.735016 0.400000 0.055521
1 0.777500 0.790852 0.321000 0.056151
1 0.338000 0.790852 0.558000 0.056151
1 0.781000 0.847950 0.314000 0.058044
1 0.443000 0.847950 0.362000 0.058044
1 0.160500 0.847950 0.203000 0.058044
1 0.852500 0.907886 0.171000 0.061830
1 0.607500 0.907886 0.319000 0.061830
1 0.253500 0.907886 0.389000 0.061830
0 0.418000 0.334069 0.052000 0.037224
0 0.805000 0.678864 0.052000 0.039117
0 0.368000 0.161830 0.054000 0.037224
0 0.093000 0.443218 0.054000 0.035962
0 0.485500 0.736593 0.051000 0.035962
0 0.499000 0.680442 0.050000 0.037224
0 0.808500 0.164038 0.057000 0.036593
0 0.561500 0.388959 0.049000 0.037224
0 0.760000 0.736909 0.050000 0.036593
0 0.242500 0.678549 0.051000 0.037224
0 0.642000 0.793060 0.050000 0.036593
0 0.677500 0.624290 0.051000 0.037224
0 0.653500 0.105678 0.051000 0.035962
0 0.092000 0.735331 0.054000 0.037224
0 0.312500 0.622082 0.053000 0.039117
0 0.092500 0.793375 0.051000 0.035962
0 0.092000 0.907256 0.054000 0.036593
0 0.408500 0.105047 0.047000 0.035962
0 0.286000 0.850789 0.048000 0.037224
0 0.648500 0.853943 0.049000 0.037224
0 0.473000 0.909779 0.052000 0.035331
0 0.791000 0.909148 0.050000 0.035331
0 0.732000 0.278233 0.052000 0.036593
0 0.798500 0.221136 0.049000 0.035962
0 0.179000 0.104732 0.050000 0.036593