1 0.498500 0.103470 0.879000 0.064353
1 0.803500 0.217666 0.269000 0.054259
1 0.498500 0.163091 0.879000 0.054890
1 0.364000 0.217666 0.610000 0.054259
1 0.905500 0.330915 0.065000 0.057413
1 0.498500 0.273502 0.879000 0.057413
1 0.627000 0.386435 0.622000 0.053628
1 0.466000 0.330915 0.814000 0.057413
1 0.498500 0.443533 0.879000 0.060568
1 0.187500 0.386435 0.257000 0.053628
1 0.854500 0.618612 0.167000 0.057413
1 0.498500 0.564984 0.879000 0.049842
1 0.536500 0.618612 0.469000 0.057413
1 0.542500 0.675710 0.791000 0.056782
1 0.180500 0.618612 0.243000 0.057413
1 0.103000 0.675710 0.088000 0.056782
1 0.789000 0.846688 0.298000 0.056782
1 0.498500 0.761199 0.879000 0.114196
1 0.349500 0.846688 0.581000 0.056782
1 0.498500 0.901262 0.879000 0.052366
0 0.342000 0.392744 0.050000 0.032177
0 0.897500 0.337224 0.049000 0.034700
0 0.695500 0.223659 0.047000 0.033438
0 0.327000 0.622713 0.048000 0.034069
0 0.173000 0.679180 0.048000 0.035962
0 0.664500 0.848580 0.049000 0.035331
0 0.097000 0.110410 0.048000 0.034069
0 0.097000 0.448265 0.048000 0.033438
0 0.797000 0.623344 0.048000 0.034069
0 0.108000 0.904416 0.050000 0.034700