1 0.498500 0.100000 0.877000 0.058675
1 0.599500 0.159937 0.675000 0.061199
1 0.498500 0.218927 0.877000 0.056782
1 0.161000 0.159937 0.202000 0.061199
1 0.747500 0.276972 0.379000 0.059306
1 0.498500 0.334069 0.877000 0.054890
1 0.309000 0.276972 0.498000 0.059306
1 0.726000 0.390852 0.422000 0.058675
1 0.858000 0.620189 0.158000 0.058044
1 0.498500 0.505678 0.877000 0.170978
1 0.287500 0.390852 0.455000 0.058675
1 0.854500 0.735331 0.165000 0.054890
1 0.419500 0.620189 0.719000 0.058044
1 0.498500 0.678549 0.877000 0.058675
1 0.818000 0.849527 0.238000 0.056151
1 0.498500 0.792114 0.877000 0.058675
1 0.416000 0.735331 0.712000 0.054890
1 0.379500 0.849527 0.639000 0.056151
1 0.498500 0.907886 0.877000 0.060568
0 0.286500 0.164669 0.047000 0.035331
0 0.583000 0.280126 0.048000 0.032808
0 0.724500 0.853312 0.049000 0.034700
0 0.803500 0.623975 0.047000 0.035331
0 0.794500 0.738486 0.049000 0.034700
0 0.539500 0.394953 0.049000 0.032808
0 0.102000 0.911041 0.050000 0.035331