1 0.497500 0.100000 0.877000 0.058675
1 0.538000 0.158044 0.796000 0.057413
1 0.497500 0.215457 0.877000 0.057413
1 0.099500 0.158044 0.081000 0.057413
1 0.908000 0.272555 0.056000 0.056782
1 0.469500 0.272555 0.821000 0.056782
1 0.565000 0.387382 0.742000 0.056782
1 0.497500 0.329968 0.877000 0.058044
1 0.906500 0.557098 0.059000 0.054259
1 0.497500 0.472871 0.877000 0.114196
1 0.126500 0.387382 0.135000 0.056782
1 0.468000 0.557098 0.818000 0.054259
1 0.600000 0.611987 0.672000 0.055521
1 0.497500 0.669085 0.877000 0.058675
1 0.161500 0.611987 0.205000 0.055521
1 0.497500 0.726183 0.877000 0.055521
1 0.805000 0.781388 0.262000 0.054890
1 0.366500 0.781388 0.615000 0.054890
1 0.497500 0.871609 0.877000 0.125552
0 0.288500 0.617666 0.047000 0.032808
0 0.697000 0.788959 0.050000 0.034700
0 0.904500 0.276972 0.047000 0.034069
0 0.218000 0.388644 0.046000 0.034069
0 0.089500 0.673186 0.049000 0.034069
0 0.902000 0.561514 0.048000 0.035331
0 0.164500 0.161514 0.049000 0.034069
0 0.091500 0.901262 0.049000 0.034700