1 0.503000 0.130284 0.878000 0.119243
1 0.803500 0.218612 0.277000 0.057413
1 0.364500 0.218612 0.601000 0.057413
1 0.581500 0.274763 0.721000 0.054890
1 0.142500 0.274763 0.157000 0.054890
1 0.503000 0.332808 0.878000 0.061199
1 0.656000 0.389905 0.572000 0.052997
1 0.217000 0.389905 0.306000 0.052997
1 0.503000 0.474448 0.878000 0.116088
1 0.503000 0.561514 0.878000 0.058044
1 0.912500 0.616719 0.059000 0.052366
1 0.473500 0.616719 0.819000 0.052366
1 0.811000 0.671293 0.262000 0.056782
1 0.372000 0.671293 0.616000 0.056782
1 0.777000 0.727129 0.330000 0.054890
1 0.503000 0.784858 0.878000 0.060568
1 0.338000 0.727129 0.548000 0.054890
1 0.805000 0.844164 0.274000 0.058044
1 0.366000 0.844164 0.604000 0.058044
1 0.503000 0.903155 0.878000 0.059937
0 0.706000 0.678233 0.048000 0.035331
0 0.395500 0.394322 0.051000 0.034069
0 0.244500 0.281073 0.049000 0.033438
0 0.909500 0.622082 0.049000 0.034069
0 0.109500 0.904101 0.051000 0.034069
0 0.691500 0.225237 0.049000 0.034069
0 0.636500 0.735016 0.051000 0.034069
0 0.099000 0.507571 0.050000 0.033438
0 0.692500 0.848896 0.051000 0.034700