1 0.850500 0.220820 0.173000 0.059306
1 0.498000 0.164984 0.878000 0.052366
1 0.655000 0.279495 0.564000 0.058044
1 0.411500 0.220820 0.705000 0.059306
1 0.216000 0.279495 0.314000 0.058044
1 0.498000 0.337539 0.878000 0.058044
1 0.905500 0.391483 0.063000 0.049842
1 0.847000 0.446057 0.180000 0.059306
1 0.466500 0.391483 0.815000 0.049842
1 0.778500 0.505678 0.317000 0.059937
1 0.408000 0.446057 0.698000 0.059306
1 0.823000 0.563091 0.228000 0.054890
1 0.339500 0.505678 0.561000 0.059937
1 0.384000 0.563091 0.650000 0.054890
1 0.819000 0.675394 0.236000 0.058675
1 0.498000 0.618297 0.878000 0.055521
1 0.629500 0.732177 0.615000 0.054890
1 0.380000 0.675394 0.642000 0.058675
1 0.190500 0.732177 0.263000 0.054890
1 0.498000 0.789905 0.878000 0.060568
1 0.904500 0.846688 0.065000 0.052997
1 0.498000 0.904101 0.878000 0.061830
1 0.465500 0.846688 0.813000 0.052997
0 0.399000 0.279811 0.052000 0.037224
0 0.727500 0.681388 0.051000 0.036593
0 0.897500 0.852366 0.051000 0.036593
0 0.349000 0.736593 0.050000 0.037224
0 0.899500 0.395268 0.053000 0.035962
0 0.091000 0.565300 0.052000 0.037855
0 0.782500 0.451104 0.051000 0.037855
0 0.735000 0.568139 0.050000 0.035962
0 0.096000 0.905047 0.052000 0.037224
0 0.645000 0.509464 0.048000 0.035962
0 0.793000 0.224606 0.052000 0.037855