1 0.862000 0.160568 0.160000 0.058675
1 0.502500 0.101577 0.879000 0.059306
1 0.502500 0.218612 0.879000 0.057413
1 0.422500 0.160568 0.719000 0.058675
1 0.502500 0.332177 0.879000 0.169716
1 0.613000 0.445110 0.658000 0.056151
1 0.910000 0.672240 0.064000 0.061199
1 0.502500 0.557413 0.879000 0.168454
1 0.173500 0.445110 0.221000 0.056151
1 0.807000 0.731230 0.270000 0.056782
1 0.470500 0.672240 0.815000 0.061199
1 0.367500 0.731230 0.609000 0.056782
1 0.502500 0.846372 0.879000 0.173502
0 0.906000 0.674763 0.050000 0.037224
0 0.696000 0.730915 0.052000 0.035962
0 0.810000 0.163091 0.052000 0.037224
0 0.099500 0.901262 0.051000 0.037224
0 0.097000 0.386435 0.052000 0.037224
0 0.101000 0.218927 0.054000 0.035331
0 0.312000 0.445741 0.052000 0.035962