1 0.702500 0.276972 0.469000 0.058044
1 0.498000 0.159937 0.878000 0.176025
1 0.812500 0.449527 0.249000 0.053628
1 0.498000 0.364353 0.878000 0.116719
1 0.263500 0.276972 0.409000 0.058044
1 0.615000 0.559937 0.644000 0.053628
1 0.498000 0.504732 0.878000 0.056782
1 0.373500 0.449527 0.629000 0.053628
1 0.176000 0.559937 0.234000 0.053628
1 0.643000 0.674448 0.588000 0.055521
1 0.498000 0.616719 0.878000 0.059937
1 0.719000 0.788959 0.436000 0.057413
1 0.498000 0.731230 0.878000 0.058044
1 0.204000 0.674448 0.290000 0.055521
1 0.280000 0.788959 0.442000 0.057413
1 0.498000 0.875079 0.878000 0.114826
0 0.494500 0.280757 0.049000 0.032808
0 0.526000 0.790536 0.046000 0.034069
0 0.372500 0.679180 0.047000 0.033438
0 0.319000 0.565615 0.048000 0.033438
0 0.713000 0.450789 0.046000 0.034700
0 0.099000 0.907256 0.048000 0.032808