1 0.701000 0.102839 0.474000 0.061830
1 0.498500 0.191798 0.879000 0.116088
1 0.261500 0.102839 0.405000 0.061830
1 0.826500 0.276656 0.223000 0.053628
1 0.387000 0.276656 0.656000 0.053628
1 0.766500 0.334069 0.343000 0.061199
1 0.327000 0.334069 0.536000 0.061199
1 0.498500 0.390536 0.879000 0.051735
1 0.856500 0.445741 0.163000 0.058675
1 0.417000 0.445741 0.716000 0.058675
1 0.605000 0.503470 0.666000 0.056782
1 0.165500 0.503470 0.213000 0.056782
1 0.498500 0.561514 0.879000 0.059306
1 0.712500 0.618927 0.451000 0.055521
1 0.273000 0.618927 0.428000 0.055521
1 0.553000 0.676025 0.770000 0.058675
1 0.113500 0.676025 0.109000 0.058675
1 0.498500 0.759937 0.879000 0.109148
1 0.841500 0.843849 0.193000 0.058675
1 0.498500 0.903470 0.879000 0.060568
1 0.402000 0.843849 0.686000 0.058675
0 0.740000 0.282019 0.048000 0.032808
0 0.621000 0.339117 0.050000 0.034700
0 0.296000 0.507571 0.048000 0.034700
0 0.800000 0.451104 0.046000 0.034069
0 0.513500 0.621136 0.049000 0.033438
0 0.770000 0.849527 0.050000 0.035962
0 0.190000 0.677918 0.046000 0.034700
0 0.491500 0.109779 0.051000 0.032808
0 0.093000 0.904732 0.050000 0.035331