1 0.498500 0.103785 0.877000 0.064984
1 0.798500 0.164984 0.277000 0.057413
1 0.360000 0.164984 0.600000 0.057413
1 0.665000 0.279811 0.544000 0.056151
1 0.498500 0.222713 0.877000 0.058044
1 0.498500 0.364669 0.877000 0.113565
1 0.226500 0.279811 0.333000 0.056151
1 0.498500 0.477603 0.877000 0.112303
1 0.778000 0.562461 0.318000 0.057413
1 0.339500 0.562461 0.559000 0.057413
1 0.498500 0.647950 0.877000 0.113565
1 0.908000 0.734385 0.058000 0.059306
1 0.469500 0.734385 0.819000 0.059306
1 0.732000 0.791167 0.410000 0.054259
1 0.498500 0.876656 0.877000 0.116719
1 0.293500 0.791167 0.467000 0.054259
0 0.684500 0.169716 0.047000 0.032808
0 0.553500 0.795899 0.051000 0.033438
0 0.904500 0.739432 0.049000 0.035331
0 0.419500 0.283596 0.049000 0.033438
0 0.096500 0.395899 0.049000 0.033438
0 0.643500 0.568770 0.049000 0.032177
0 0.098500 0.909779 0.049000 0.034069