1 0.498000 0.104101 0.878000 0.064353
1 0.737500 0.165300 0.399000 0.058044
1 0.298500 0.165300 0.479000 0.058044
1 0.552500 0.223344 0.769000 0.058044
1 0.113500 0.223344 0.109000 0.058044
1 0.498000 0.282650 0.878000 0.060568
1 0.595500 0.340694 0.683000 0.055521
1 0.156500 0.340694 0.195000 0.055521
1 0.498000 0.397161 0.878000 0.057413
1 0.548000 0.453312 0.778000 0.054890
1 0.109000 0.453312 0.100000 0.054890
1 0.498000 0.508517 0.878000 0.055521
1 0.907000 0.564669 0.060000 0.056782
1 0.556000 0.564669 0.642000 0.056782
1 0.537500 0.622713 0.799000 0.059306
1 0.147000 0.564669 0.176000 0.056782
1 0.098500 0.622713 0.079000 0.059306
1 0.678000 0.680757 0.518000 0.056782
1 0.239000 0.680757 0.360000 0.056782
1 0.711500 0.736278 0.451000 0.054259
1 0.724000 0.792114 0.426000 0.057413
1 0.272500 0.736278 0.427000 0.054259
1 0.285000 0.792114 0.452000 0.057413
1 0.808500 0.850158 0.257000 0.058675
1 0.369500 0.850158 0.621000 0.058675
1 0.838500 0.909148 0.197000 0.059306
1 0.399500 0.909148 0.681000 0.059306
0 0.444500 0.683912 0.047000 0.034069
0 0.164000 0.627129 0.050000 0.035331
0 0.767000 0.914196 0.050000 0.035331
0 0.564000 0.170662 0.050000 0.034700
0 0.538000 0.799369 0.048000 0.035331
0 0.707000 0.856782 0.050000 0.034069
0 0.278500 0.342587 0.049000 0.034069
0 0.512000 0.742587 0.050000 0.034069
0 0.901500 0.570662 0.049000 0.034700
0 0.189500 0.228391 0.047000 0.035331
0 0.260000 0.570032 0.050000 0.033438
0 0.090000 0.284858 0.050000 0.033438
0 0.092500 0.399369 0.049000 0.036593
0 0.183000 0.455836 0.048000 0.032177
0 0.090500 0.170662 0.051000 0.033438
0 0.097000 0.913565 0.048000 0.035331