1 0.498500 0.130284 0.879000 0.117981
1 0.665500 0.216088 0.545000 0.053628
1 0.498500 0.272555 0.879000 0.059306
1 0.714500 0.331230 0.447000 0.058044
1 0.226000 0.216088 0.334000 0.053628
1 0.498500 0.418927 0.879000 0.117350
1 0.275000 0.331230 0.432000 0.058044
1 0.799500 0.506309 0.277000 0.057413
1 0.607000 0.618612 0.662000 0.058675
1 0.360000 0.506309 0.602000 0.057413
1 0.498500 0.562145 0.879000 0.054259
1 0.498500 0.676341 0.879000 0.056782
1 0.654500 0.732808 0.567000 0.056151
1 0.167500 0.618612 0.217000 0.058675
1 0.215000 0.732808 0.312000 0.056151
1 0.498500 0.789905 0.879000 0.058044
1 0.590000 0.845741 0.696000 0.053628
1 0.498500 0.902839 0.879000 0.060568
1 0.150500 0.845741 0.183000 0.053628
0 0.518000 0.335647 0.050000 0.035331
0 0.420500 0.222397 0.051000 0.034700
0 0.301500 0.621136 0.049000 0.034700
0 0.687000 0.507571 0.048000 0.034700
0 0.269000 0.851735 0.050000 0.035331
0 0.397500 0.737224 0.051000 0.035962
0 0.094500 0.907571 0.051000 0.035962