1 0.498500 0.099685 0.879000 0.056782
1 0.834500 0.159621 0.207000 0.063091
1 0.906500 0.218927 0.063000 0.055521
1 0.395000 0.159621 0.672000 0.063091
1 0.639500 0.389590 0.597000 0.057413
1 0.498500 0.303785 0.879000 0.114196
1 0.467000 0.218927 0.816000 0.055521
1 0.812500 0.505047 0.251000 0.059937
1 0.498500 0.446688 0.879000 0.056782
1 0.200000 0.389590 0.282000 0.057413
1 0.601500 0.563722 0.673000 0.057413
1 0.373000 0.505047 0.628000 0.059937
1 0.597500 0.620820 0.681000 0.056782
1 0.162000 0.563722 0.206000 0.057413
1 0.824000 0.735647 0.228000 0.060568
1 0.498500 0.677287 0.879000 0.056151
1 0.158000 0.620820 0.198000 0.056782
1 0.904500 0.793691 0.067000 0.055521
1 0.384500 0.735647 0.651000 0.060568
1 0.465000 0.793691 0.812000 0.055521
1 0.498500 0.878549 0.879000 0.114196
0 0.758500 0.165615 0.051000 0.037224
0 0.736000 0.737539 0.052000 0.037855
0 0.369000 0.392744 0.052000 0.037224
0 0.895500 0.797792 0.051000 0.034700
0 0.292500 0.565931 0.055000 0.036593
0 0.712500 0.509779 0.055000 0.036593
0 0.285000 0.621767 0.052000 0.035962
0 0.092000 0.908517 0.054000 0.037855
0 0.903500 0.220820 0.051000 0.036593