1 0.498000 0.128707 0.878000 0.113565
1 0.750500 0.214196 0.373000 0.057413
1 0.311500 0.214196 0.505000 0.057413
1 0.841000 0.271609 0.192000 0.057413
1 0.402000 0.271609 0.686000 0.057413
1 0.498000 0.357413 0.878000 0.114196
1 0.787500 0.442271 0.299000 0.055521
1 0.348500 0.442271 0.579000 0.055521
1 0.902500 0.498107 0.069000 0.056151
1 0.463500 0.498107 0.809000 0.056151
1 0.671500 0.554574 0.531000 0.056782
1 0.860500 0.667508 0.153000 0.055521
1 0.232500 0.554574 0.347000 0.056782
1 0.498000 0.611356 0.878000 0.056782
1 0.421500 0.667508 0.725000 0.055521
1 0.537000 0.724606 0.800000 0.058675
1 0.498000 0.842587 0.878000 0.177287
1 0.098000 0.724606 0.078000 0.058675
0 0.772000 0.274132 0.052000 0.035962
0 0.808000 0.671293 0.048000 0.031546
0 0.894500 0.501262 0.051000 0.037224
0 0.661500 0.444164 0.051000 0.034069
0 0.091500 0.896845 0.047000 0.032177
0 0.431500 0.557098 0.051000 0.034069
0 0.588500 0.217350 0.049000 0.035962
0 0.160500 0.725552 0.047000 0.034069