1 0.669000 0.103155 0.546000 0.063722
1 0.230000 0.103155 0.332000 0.063722
1 0.811500 0.163407 0.261000 0.056782
1 0.481000 0.163407 0.400000 0.056782
1 0.172500 0.163407 0.217000 0.056782
1 0.831500 0.220505 0.221000 0.057413
1 0.456500 0.220505 0.529000 0.057413
1 0.128000 0.220505 0.128000 0.057413
1 0.779500 0.278549 0.325000 0.058675
1 0.340500 0.278549 0.553000 0.058675
1 0.807500 0.335962 0.269000 0.056151
1 0.444500 0.335962 0.457000 0.056151
1 0.140000 0.335962 0.152000 0.056151
1 0.646000 0.391798 0.592000 0.055521
1 0.207000 0.391798 0.286000 0.055521
1 0.767500 0.446057 0.349000 0.052997
1 0.376000 0.446057 0.434000 0.052997
1 0.790500 0.501262 0.303000 0.057413
1 0.111500 0.446057 0.095000 0.052997
1 0.467000 0.501262 0.344000 0.057413
1 0.855500 0.558675 0.173000 0.057413
1 0.179500 0.501262 0.231000 0.057413
1 0.494000 0.558675 0.550000 0.057413
1 0.141500 0.558675 0.155000 0.057413
1 0.804500 0.614196 0.275000 0.053628
1 0.365500 0.614196 0.603000 0.053628
1 0.705000 0.669716 0.474000 0.057413
1 0.266000 0.669716 0.404000 0.057413
1 0.838000 0.727445 0.208000 0.058044
1 0.471500 0.727445 0.525000 0.058044
1 0.503000 0.813565 0.878000 0.114196
1 0.136500 0.727445 0.145000 0.058044
0 0.099000 0.842902 0.050000 0.034069
0 0.241000 0.339432 0.048000 0.034069
0 0.693000 0.620820 0.050000 0.032808
0 0.795000 0.564038 0.048000 0.034069
0 0.374500 0.396215 0.049000 0.032808
0 0.104500 0.618927 0.049000 0.032808
0 0.746500 0.226814 0.049000 0.034700
0 0.186500 0.450473 0.049000 0.034069
0 0.305500 0.170662 0.049000 0.032177
0 0.760000 0.732808 0.050000 0.033438
0 0.641000 0.282965 0.048000 0.033438
0 0.494000 0.675710 0.050000 0.035331
0 0.217500 0.226814 0.047000 0.033438
0 0.706500 0.170662 0.049000 0.032177
0 0.421000 0.114511 0.048000 0.033438
0 0.664000 0.508202 0.048000 0.032177
0 0.236500 0.732177 0.051000 0.033438
0 0.244500 0.564038 0.047000 0.034069
0 0.620500 0.451420 0.047000 0.034700
0 0.321000 0.506625 0.048000 0.031546
0 0.696000 0.339117 0.048000 0.034700