1 0.499000 0.130284 0.878000 0.117981
1 0.654500 0.217981 0.567000 0.057413
1 0.215500 0.217981 0.311000 0.057413
1 0.499000 0.333754 0.878000 0.174132
1 0.905500 0.447003 0.065000 0.052366
1 0.466500 0.447003 0.813000 0.052366
1 0.555000 0.502524 0.766000 0.058675
1 0.499000 0.562145 0.878000 0.060568
1 0.800500 0.618297 0.275000 0.051735
1 0.116000 0.502524 0.112000 0.058675
1 0.581500 0.732808 0.713000 0.054890
1 0.499000 0.674763 0.878000 0.061199
1 0.361500 0.618297 0.603000 0.051735
1 0.142500 0.732808 0.165000 0.054890
1 0.499000 0.788328 0.878000 0.056151
1 0.861000 0.845426 0.154000 0.058044
1 0.499000 0.905363 0.878000 0.061830
1 0.422000 0.845426 0.724000 0.058044
0 0.250500 0.730599 0.053000 0.036593
0 0.812500 0.845741 0.051000 0.035962
0 0.898500 0.447319 0.051000 0.035331
0 0.690000 0.617035 0.052000 0.036593
0 0.198000 0.503470 0.052000 0.037855
0 0.420500 0.220820 0.049000 0.035331
0 0.101500 0.901893 0.051000 0.037224