1 0.621000 0.158360 0.642000 0.056782
1 0.503000 0.100631 0.878000 0.058675
1 0.503000 0.216088 0.878000 0.058675
1 0.182000 0.158360 0.236000 0.056782
1 0.805500 0.273502 0.273000 0.056151
1 0.503000 0.329338 0.878000 0.055521
1 0.366500 0.273502 0.605000 0.056151
1 0.910500 0.386120 0.063000 0.058044
1 0.471500 0.386120 0.815000 0.058044
1 0.653000 0.442271 0.578000 0.054259
1 0.769500 0.724606 0.345000 0.054890
1 0.503000 0.583281 0.878000 0.227760
1 0.214000 0.442271 0.300000 0.054259
1 0.330500 0.724606 0.533000 0.054890
1 0.503000 0.780757 0.878000 0.057413
1 0.913500 0.838801 0.057000 0.058675
1 0.474500 0.838801 0.821000 0.058675
1 0.503000 0.897792 0.878000 0.059306
0 0.620500 0.727760 0.047000 0.034700
0 0.324000 0.163722 0.048000 0.034700
0 0.695000 0.277287 0.050000 0.034700
0 0.387000 0.446057 0.048000 0.032808
0 0.902500 0.389274 0.047000 0.034069
0 0.909000 0.841009 0.048000 0.034069
0 0.102500 0.898738 0.049000 0.034700