1 0.688500 0.103785 0.505000 0.064984
1 0.250000 0.103785 0.372000 0.064984
1 0.841000 0.164669 0.200000 0.056782
1 0.514000 0.164669 0.454000 0.056782
1 0.175500 0.164669 0.223000 0.056782
1 0.591500 0.222397 0.699000 0.058675
1 0.153000 0.222397 0.178000 0.058675
1 0.770000 0.278549 0.342000 0.053628
1 0.421500 0.278549 0.355000 0.053628
1 0.154000 0.278549 0.180000 0.053628
1 0.790500 0.333123 0.301000 0.055521
1 0.352000 0.333123 0.576000 0.055521
1 0.661500 0.389274 0.559000 0.056782
1 0.223000 0.389274 0.318000 0.056782
1 0.789000 0.447634 0.304000 0.059937
1 0.350500 0.447634 0.573000 0.059937
1 0.911500 0.504416 0.059000 0.053628
1 0.565500 0.504416 0.633000 0.053628
1 0.756500 0.560252 0.369000 0.058044
1 0.156500 0.504416 0.185000 0.053628
1 0.318000 0.560252 0.508000 0.058044
1 0.502500 0.617666 0.877000 0.056782
1 0.604000 0.672555 0.674000 0.052997
1 0.793500 0.729022 0.295000 0.059937
1 0.165500 0.672555 0.203000 0.052997
1 0.780500 0.787382 0.321000 0.056782
1 0.355000 0.729022 0.582000 0.059937
1 0.342000 0.787382 0.556000 0.056782
1 0.539000 0.843218 0.804000 0.054890
1 0.752000 0.902524 0.378000 0.063722
1 0.100500 0.843218 0.073000 0.054890
1 0.313500 0.902524 0.499000 0.063722
0 0.103000 0.338486 0.050000 0.034700
0 0.766000 0.167508 0.048000 0.035962
0 0.271000 0.281703 0.048000 0.033438
0 0.267500 0.224606 0.049000 0.035331
0 0.311500 0.168139 0.049000 0.034700
0 0.672000 0.736278 0.050000 0.034069
0 0.907500 0.508833 0.051000 0.033438
0 0.100000 0.565300 0.048000 0.034069
0 0.406000 0.394953 0.048000 0.032808
0 0.460500 0.110410 0.049000 0.035331
0 0.097500 0.907256 0.051000 0.034069
0 0.600000 0.565615 0.048000 0.034700
0 0.585000 0.907571 0.050000 0.033438
0 0.623500 0.282019 0.049000 0.032808
0 0.161500 0.849842 0.049000 0.035331
0 0.648000 0.793691 0.050000 0.035331
0 0.665500 0.338801 0.047000 0.034069
0 0.275500 0.508202 0.049000 0.033438
0 0.661500 0.452681 0.047000 0.034700
0 0.293000 0.679180 0.050000 0.034700