1 0.502500 0.101893 0.879000 0.059937
1 0.851000 0.160883 0.182000 0.058044
1 0.411500 0.160883 0.697000 0.058044
1 0.621000 0.218612 0.642000 0.057413
1 0.181500 0.218612 0.237000 0.057413
1 0.502500 0.305994 0.879000 0.117350
1 0.872500 0.393060 0.139000 0.056782
1 0.433000 0.393060 0.740000 0.056782
1 0.502500 0.507256 0.879000 0.171609
1 0.910500 0.618927 0.063000 0.051735
1 0.471000 0.618927 0.816000 0.051735
1 0.502500 0.675394 0.879000 0.061199
1 0.757500 0.733438 0.369000 0.054890
1 0.318000 0.733438 0.510000 0.054890
1 0.502500 0.848896 0.879000 0.176025
0 0.599000 0.729968 0.050000 0.036593
0 0.829500 0.389274 0.051000 0.036593
0 0.785500 0.162461 0.051000 0.037224
0 0.327500 0.220820 0.051000 0.036593
0 0.907000 0.615773 0.050000 0.036593
0 0.112500 0.904732 0.051000 0.037855