1 0.498500 0.129653 0.877000 0.115457
1 0.498500 0.216404 0.877000 0.058044
1 0.638000 0.274763 0.598000 0.058675
1 0.795000 0.387382 0.284000 0.054259
1 0.498500 0.332177 0.877000 0.056151
1 0.199500 0.274763 0.279000 0.058675
1 0.591500 0.502839 0.691000 0.063091
1 0.498500 0.442902 0.877000 0.056782
1 0.356500 0.387382 0.593000 0.054259
1 0.498500 0.590852 0.877000 0.112934
1 0.153000 0.502839 0.186000 0.063091
1 0.529500 0.785174 0.815000 0.057413
1 0.498500 0.701893 0.877000 0.109148
1 0.091000 0.785174 0.062000 0.057413
1 0.498500 0.874132 0.877000 0.120505
0 0.149000 0.790536 0.052000 0.036593
0 0.678000 0.392114 0.050000 0.033438
0 0.094000 0.618612 0.052000 0.035962
0 0.273000 0.503470 0.048000 0.036593
0 0.364500 0.276656 0.051000 0.035962
0 0.097500 0.161514 0.053000 0.036593
0 0.093000 0.903785 0.052000 0.038486