1 0.502500 0.130284 0.879000 0.117981
1 0.911500 0.217981 0.061000 0.057413
1 0.910000 0.334385 0.064000 0.059306
1 0.472000 0.217981 0.818000 0.057413
1 0.502500 0.275710 0.879000 0.058044
1 0.470500 0.334385 0.815000 0.059306
1 0.502500 0.478233 0.879000 0.228391
1 0.910500 0.618297 0.063000 0.051735
1 0.471000 0.618297 0.816000 0.051735
1 0.790500 0.674763 0.303000 0.061199
1 0.351000 0.674763 0.576000 0.061199
1 0.502500 0.732808 0.879000 0.054890
1 0.553500 0.788328 0.777000 0.056151
1 0.502500 0.876341 0.879000 0.119874
1 0.114000 0.788328 0.102000 0.056151
0 0.906000 0.337539 0.052000 0.037855
0 0.665500 0.676972 0.051000 0.037855
0 0.907000 0.618927 0.054000 0.036593
0 0.190500 0.791167 0.051000 0.036593
0 0.908500 0.224290 0.053000 0.037224
0 0.098000 0.336593 0.052000 0.037224
0 0.095000 0.904416 0.054000 0.037224