1 0.501500 0.158044 0.877000 0.173502
1 0.611000 0.274132 0.658000 0.058675
1 0.501500 0.361199 0.877000 0.115457
1 0.593500 0.447950 0.693000 0.058044
1 0.172500 0.274132 0.219000 0.058675
1 0.501500 0.505678 0.877000 0.057413
1 0.155000 0.447950 0.184000 0.058044
1 0.696500 0.621136 0.487000 0.057413
1 0.501500 0.563407 0.877000 0.058044
1 0.258000 0.621136 0.390000 0.057413
1 0.555000 0.678864 0.770000 0.058044
1 0.116500 0.678864 0.107000 0.058044
1 0.501500 0.763722 0.877000 0.111672
1 0.597000 0.848265 0.686000 0.057413
1 0.501500 0.907886 0.877000 0.061830
1 0.158500 0.848265 0.191000 0.057413
0 0.197500 0.678233 0.053000 0.037855
0 0.308000 0.278864 0.052000 0.037855
0 0.481000 0.622082 0.052000 0.036593
0 0.102500 0.506940 0.051000 0.035962
0 0.275000 0.451104 0.052000 0.036593
0 0.281500 0.851104 0.053000 0.039117
0 0.102000 0.909464 0.054000 0.035962