1 0.503000 0.102524 0.878000 0.061199
1 0.656000 0.161514 0.572000 0.056782
1 0.627000 0.276656 0.630000 0.059937
1 0.217000 0.161514 0.306000 0.056782
1 0.503000 0.218297 0.878000 0.056782
1 0.503000 0.391483 0.878000 0.169716
1 0.188000 0.276656 0.248000 0.059937
1 0.627500 0.506625 0.629000 0.060568
1 0.797500 0.675394 0.289000 0.058675
1 0.188500 0.506625 0.249000 0.060568
1 0.503000 0.591483 0.878000 0.109148
1 0.503000 0.820505 0.878000 0.231546
1 0.358500 0.675394 0.589000 0.058675
0 0.679000 0.681073 0.046000 0.032177
0 0.362500 0.279811 0.047000 0.033438
0 0.396000 0.164353 0.046000 0.033438
0 0.341000 0.510410 0.048000 0.034069
0 0.094000 0.908833 0.048000 0.033438