1 0.498500 0.132492 0.879000 0.122397
1 0.714500 0.279811 0.447000 0.056151
1 0.498500 0.222713 0.879000 0.058044
1 0.498500 0.362461 0.879000 0.109148
1 0.275000 0.279811 0.432000 0.056151
1 0.580000 0.562776 0.716000 0.055521
1 0.498500 0.476025 0.879000 0.117981
1 0.498500 0.618927 0.879000 0.056782
1 0.572000 0.676656 0.732000 0.058675
1 0.140500 0.562776 0.163000 0.055521
1 0.132500 0.676656 0.147000 0.058675
1 0.638000 0.735016 0.600000 0.058044
1 0.498500 0.849527 0.879000 0.170978
1 0.198500 0.735016 0.279000 0.058044
0 0.365500 0.739748 0.049000 0.035962
0 0.247500 0.568454 0.049000 0.032808
0 0.516500 0.284227 0.051000 0.034700
0 0.232500 0.682334 0.049000 0.033438
0 0.092500 0.398738 0.049000 0.035331
0 0.090500 0.170978 0.047000 0.032808
0 0.094000 0.910410 0.050000 0.034069