1 0.502500 0.130284 0.879000 0.117981
1 0.665000 0.217981 0.554000 0.057413
1 0.910000 0.335331 0.064000 0.057413
1 0.502500 0.276656 0.879000 0.059937
1 0.225500 0.217981 0.325000 0.057413
1 0.470500 0.335331 0.815000 0.057413
1 0.844500 0.392744 0.195000 0.057413
1 0.405000 0.392744 0.684000 0.057413
1 0.711500 0.447634 0.461000 0.052366
1 0.721500 0.502524 0.441000 0.057413
1 0.272000 0.447634 0.418000 0.052366
1 0.502500 0.561830 0.879000 0.061199
1 0.282000 0.502524 0.438000 0.057413
1 0.502500 0.618612 0.879000 0.052366
1 0.653500 0.675079 0.577000 0.060568
1 0.214000 0.675079 0.302000 0.060568
1 0.673500 0.733123 0.537000 0.055521
1 0.502500 0.848580 0.879000 0.175394
1 0.234000 0.733123 0.342000 0.055521
0 0.907500 0.333438 0.053000 0.035962
0 0.432000 0.729653 0.052000 0.037224
0 0.772000 0.389274 0.048000 0.036593
0 0.526000 0.502839 0.052000 0.036593
0 0.414000 0.218297 0.052000 0.036593
0 0.506000 0.445426 0.050000 0.035331
0 0.100500 0.558991 0.053000 0.036593
0 0.391000 0.674448 0.052000 0.037855
0 0.099000 0.899685 0.052000 0.036593