1 0.498500 0.158675 0.879000 0.174763
1 0.849000 0.276025 0.178000 0.059937
1 0.409500 0.276025 0.701000 0.059937
1 0.498500 0.334385 0.879000 0.056782
1 0.602500 0.391167 0.671000 0.056782
1 0.163000 0.391167 0.208000 0.056782
1 0.575500 0.445741 0.725000 0.052366
1 0.136000 0.445741 0.154000 0.052366
1 0.498500 0.531546 0.879000 0.119243
1 0.651000 0.617350 0.574000 0.052366
1 0.211500 0.617350 0.305000 0.052366
1 0.560500 0.673817 0.755000 0.060568
1 0.818000 0.786120 0.240000 0.055521
1 0.121000 0.673817 0.124000 0.060568
1 0.498500 0.731230 0.879000 0.054259
1 0.378500 0.786120 0.639000 0.055521
1 0.498500 0.873502 0.879000 0.119243
0 0.294000 0.391483 0.052000 0.037224
0 0.725500 0.788013 0.053000 0.037855
0 0.390500 0.617981 0.051000 0.035962
0 0.241500 0.448265 0.053000 0.037224
0 0.786000 0.278549 0.050000 0.037224
0 0.210000 0.674448 0.050000 0.036593
0 0.092500 0.899054 0.053000 0.036593