1 0.498500 0.101893 0.879000 0.061199
1 0.843000 0.163091 0.190000 0.061199
1 0.574000 0.221767 0.728000 0.056151
1 0.403500 0.163091 0.689000 0.061199
1 0.498500 0.277287 0.879000 0.054890
1 0.134500 0.221767 0.151000 0.056151
1 0.905500 0.333438 0.065000 0.057413
1 0.498500 0.388644 0.879000 0.052997
1 0.466000 0.333438 0.814000 0.057413
1 0.535000 0.444795 0.806000 0.059306
1 0.095500 0.444795 0.073000 0.059306
1 0.529500 0.503470 0.817000 0.058044
1 0.090000 0.503470 0.062000 0.058044
1 0.714500 0.678549 0.447000 0.059937
1 0.498500 0.590536 0.879000 0.116088
1 0.275000 0.678549 0.432000 0.059937
1 0.742000 0.735647 0.392000 0.054259
1 0.302500 0.735647 0.487000 0.054259
1 0.753500 0.790536 0.369000 0.055521
1 0.314000 0.790536 0.510000 0.055521
1 0.906000 0.905363 0.064000 0.055521
1 0.498500 0.847950 0.879000 0.059306
1 0.466500 0.905363 0.815000 0.055521
0 0.901000 0.909464 0.050000 0.034700
0 0.573500 0.738801 0.051000 0.035331
0 0.186500 0.452681 0.051000 0.034700
0 0.772500 0.168454 0.049000 0.034069
0 0.593500 0.796215 0.049000 0.034069
0 0.897000 0.338801 0.050000 0.034069
0 0.516000 0.681388 0.050000 0.034069
0 0.235500 0.224921 0.051000 0.035962
0 0.101000 0.909464 0.052000 0.034700
0 0.146000 0.509148 0.048000 0.034069