1 0.697500 0.162461 0.481000 0.057413
1 0.498500 0.102839 0.879000 0.061830
1 0.258000 0.162461 0.398000 0.057413
1 0.611500 0.220505 0.653000 0.058675
1 0.700500 0.334069 0.475000 0.056151
1 0.498500 0.277918 0.879000 0.056151
1 0.172000 0.220505 0.226000 0.058675
1 0.553500 0.388959 0.769000 0.053628
1 0.261000 0.334069 0.404000 0.056151
1 0.906000 0.500315 0.064000 0.058044
1 0.498500 0.443533 0.879000 0.055521
1 0.114000 0.388959 0.110000 0.053628
1 0.711500 0.558675 0.453000 0.058675
1 0.466500 0.500315 0.815000 0.058044
1 0.272000 0.558675 0.426000 0.058675
1 0.905500 0.730284 0.065000 0.053628
1 0.498500 0.645741 0.879000 0.115457
1 0.807500 0.843849 0.261000 0.054890
1 0.498500 0.786751 0.879000 0.059306
1 0.466000 0.730284 0.814000 0.053628
1 0.498500 0.901262 0.879000 0.059937
1 0.368000 0.843849 0.618000 0.054890
0 0.197000 0.391483 0.052000 0.035962
0 0.700500 0.846372 0.051000 0.034700
0 0.483000 0.164984 0.050000 0.035962
0 0.308500 0.222713 0.049000 0.034069
0 0.486500 0.334385 0.049000 0.034069
0 0.900000 0.506625 0.052000 0.034069
0 0.897500 0.733438 0.051000 0.034700
0 0.512000 0.562461 0.050000 0.035962
0 0.092500 0.902208 0.051000 0.035331