1 0.498500 0.103470 0.879000 0.064353
1 0.797000 0.164038 0.282000 0.056782
1 0.791000 0.278864 0.294000 0.055521
1 0.498500 0.221767 0.879000 0.058675
1 0.357500 0.164038 0.597000 0.056782
1 0.531500 0.335647 0.813000 0.058044
1 0.351500 0.278864 0.585000 0.055521
1 0.092000 0.335647 0.066000 0.058044
1 0.621000 0.392429 0.634000 0.055521
1 0.643000 0.449527 0.590000 0.058675
1 0.181500 0.392429 0.245000 0.055521
1 0.583000 0.505363 0.710000 0.052997
1 0.203500 0.449527 0.289000 0.058675
1 0.649500 0.562145 0.577000 0.060568
1 0.143500 0.505363 0.169000 0.052997
1 0.733500 0.620189 0.409000 0.055521
1 0.210000 0.562145 0.302000 0.060568
1 0.294000 0.620189 0.470000 0.055521
1 0.837000 0.731546 0.202000 0.057413
1 0.498500 0.675394 0.879000 0.054890
1 0.713500 0.788959 0.449000 0.057413
1 0.397500 0.731546 0.677000 0.057413
1 0.498500 0.845426 0.879000 0.055521
1 0.274000 0.788959 0.430000 0.057413
1 0.498500 0.905363 0.879000 0.064353
0 0.760500 0.736909 0.049000 0.035331
0 0.149500 0.339748 0.047000 0.034700
0 0.387500 0.566562 0.051000 0.034069
0 0.681500 0.170978 0.049000 0.034069
0 0.374500 0.452366 0.049000 0.035331
0 0.514500 0.794006 0.049000 0.034700
0 0.087000 0.623659 0.050000 0.034700
0 0.554000 0.623975 0.050000 0.035331
0 0.251500 0.509779 0.049000 0.032808
0 0.670500 0.284227 0.051000 0.033438
0 0.091000 0.849211 0.050000 0.035331
0 0.351000 0.397161 0.050000 0.033438
0 0.091000 0.906625 0.050000 0.034069