1 0.826500 0.226183 0.229000 0.058675
1 0.502000 0.136593 0.878000 0.120505
1 0.815000 0.283281 0.252000 0.055521
1 0.387500 0.226183 0.649000 0.058675
1 0.376000 0.283281 0.626000 0.055521
1 0.502000 0.339432 0.878000 0.056782
1 0.793000 0.395268 0.296000 0.054890
1 0.805500 0.450158 0.271000 0.054890
1 0.354000 0.395268 0.582000 0.054890
1 0.366500 0.450158 0.607000 0.054890
1 0.743000 0.507886 0.396000 0.060568
1 0.618000 0.565931 0.646000 0.055521
1 0.304000 0.507886 0.482000 0.060568
1 0.773000 0.677287 0.336000 0.057413
1 0.179000 0.565931 0.232000 0.055521
1 0.502000 0.621136 0.878000 0.054890
1 0.334000 0.677287 0.542000 0.057413
1 0.650500 0.733754 0.581000 0.055521
1 0.211500 0.733754 0.297000 0.055521
1 0.686000 0.788013 0.510000 0.052997
1 0.247000 0.788013 0.368000 0.052997
1 0.502000 0.843533 0.878000 0.058044
0 0.738000 0.231546 0.050000 0.032808
0 0.630500 0.682019 0.049000 0.034069
0 0.319500 0.570032 0.049000 0.033438
0 0.670000 0.400315 0.050000 0.034700
0 0.455000 0.794322 0.050000 0.034069
0 0.693000 0.456151 0.048000 0.031546
0 0.572000 0.513249 0.050000 0.034700
0 0.716000 0.287066 0.048000 0.034069
0 0.385500 0.737224 0.049000 0.034700
0 0.104000 0.850473 0.050000 0.034069