1 0.499000 0.102524 0.878000 0.062461
1 0.676000 0.162145 0.524000 0.056782
1 0.237000 0.162145 0.354000 0.056782
1 0.676500 0.218927 0.523000 0.056782
1 0.237500 0.218927 0.355000 0.056782
1 0.499000 0.276656 0.878000 0.058675
1 0.905500 0.334069 0.065000 0.056151
1 0.466500 0.334069 0.813000 0.056151
1 0.903000 0.391167 0.070000 0.058044
1 0.524500 0.391167 0.687000 0.058044
1 0.499000 0.450158 0.878000 0.059937
1 0.120500 0.391167 0.121000 0.058044
1 0.555000 0.506625 0.766000 0.052997
1 0.116000 0.506625 0.112000 0.052997
1 0.708000 0.560568 0.460000 0.054890
1 0.548500 0.617666 0.779000 0.059306
1 0.269000 0.560568 0.418000 0.054890
1 0.109500 0.617666 0.099000 0.059306
1 0.499000 0.675710 0.878000 0.056782
1 0.728500 0.731861 0.419000 0.055521
1 0.289500 0.731861 0.459000 0.055521
1 0.610500 0.789274 0.655000 0.059306
1 0.499000 0.877603 0.878000 0.117350
1 0.171500 0.789274 0.223000 0.059306
0 0.544500 0.733438 0.047000 0.033438
0 0.309500 0.792429 0.049000 0.035331
0 0.204000 0.391798 0.050000 0.035331
0 0.896500 0.335647 0.049000 0.034069
0 0.502000 0.564669 0.048000 0.035331
0 0.440000 0.221451 0.048000 0.034069
0 0.198500 0.505678 0.049000 0.033438
0 0.438000 0.164353 0.048000 0.034700
0 0.895500 0.392114 0.049000 0.034700
0 0.184500 0.621451 0.047000 0.034069
0 0.095000 0.908833 0.050000 0.034700