1 0.503000 0.103785 0.878000 0.064984
1 0.584500 0.164669 0.715000 0.056782
1 0.911500 0.280126 0.061000 0.055521
1 0.145500 0.164669 0.163000 0.056782
1 0.503000 0.222713 0.878000 0.059306
1 0.803500 0.335331 0.277000 0.054890
1 0.472500 0.280126 0.817000 0.055521
1 0.364500 0.335331 0.601000 0.054890
1 0.851000 0.391798 0.182000 0.058044
1 0.481000 0.391798 0.558000 0.058044
1 0.133000 0.391798 0.138000 0.058044
1 0.503000 0.450473 0.878000 0.059306
1 0.677000 0.506940 0.530000 0.053628
1 0.238000 0.506940 0.348000 0.053628
1 0.660500 0.563722 0.563000 0.059937
1 0.793500 0.622713 0.297000 0.058044
1 0.221500 0.563722 0.315000 0.059937
1 0.731500 0.680442 0.421000 0.057413
1 0.354500 0.622713 0.581000 0.058044
1 0.755000 0.794637 0.374000 0.062461
1 0.503000 0.736278 0.878000 0.054259
1 0.292500 0.680442 0.457000 0.057413
1 0.790000 0.852681 0.304000 0.053628
1 0.316000 0.794637 0.504000 0.062461
1 0.351000 0.852681 0.574000 0.053628
1 0.503000 0.909148 0.878000 0.059306
0 0.690500 0.340063 0.051000 0.035331
0 0.403500 0.570032 0.049000 0.032177
0 0.543500 0.683912 0.049000 0.034069
0 0.908000 0.283596 0.050000 0.032177
0 0.099000 0.857098 0.050000 0.033438
0 0.254000 0.169085 0.050000 0.034069
0 0.436000 0.510726 0.050000 0.034700
0 0.591500 0.799054 0.051000 0.035962
0 0.784500 0.396530 0.051000 0.033438
0 0.669500 0.627445 0.049000 0.034700
0 0.662500 0.856467 0.049000 0.033438
0 0.228000 0.396530 0.050000 0.033438
0 0.099000 0.452681 0.048000 0.034700
0 0.095500 0.912303 0.049000 0.035331
0 0.097500 0.111672 0.049000 0.034069