1 0.502500 0.103470 0.877000 0.064353
1 0.670000 0.164038 0.542000 0.056782
1 0.231500 0.164038 0.335000 0.056782
1 0.502500 0.221767 0.877000 0.058675
1 0.502500 0.278864 0.877000 0.055521
1 0.911000 0.335647 0.060000 0.058044
1 0.761500 0.392429 0.359000 0.055521
1 0.472500 0.335647 0.817000 0.058044
1 0.323000 0.392429 0.518000 0.055521
1 0.502500 0.477287 0.877000 0.114196
1 0.624000 0.562461 0.634000 0.056151
1 0.185500 0.562461 0.243000 0.056151
1 0.537500 0.617666 0.807000 0.054259
1 0.822500 0.731546 0.237000 0.056151
1 0.099000 0.617666 0.070000 0.054259
1 0.502500 0.674132 0.877000 0.058675
1 0.844500 0.788959 0.193000 0.058675
1 0.384000 0.731546 0.640000 0.056151
1 0.406000 0.788959 0.684000 0.058675
1 0.502500 0.876341 0.877000 0.116088
0 0.905000 0.341009 0.048000 0.034700
0 0.727000 0.737224 0.050000 0.035962
0 0.774000 0.793691 0.050000 0.034069
0 0.607000 0.396530 0.048000 0.033438
0 0.422500 0.169085 0.047000 0.032808
0 0.333500 0.566877 0.049000 0.034700
0 0.158000 0.623975 0.050000 0.035331
0 0.097500 0.225868 0.049000 0.035331
0 0.102000 0.906940 0.050000 0.033438