1 0.497500 0.101893 0.877000 0.062461
1 0.739500 0.160252 0.393000 0.054259
1 0.497500 0.217035 0.877000 0.059306
1 0.301000 0.160252 0.484000 0.054259
1 0.537500 0.275710 0.797000 0.058044
1 0.497500 0.332808 0.877000 0.056151
1 0.905500 0.391798 0.061000 0.061830
1 0.099000 0.275710 0.080000 0.058044
1 0.716500 0.449842 0.439000 0.054259
1 0.467000 0.391798 0.816000 0.061830
1 0.497500 0.562461 0.877000 0.170978
1 0.890000 0.675710 0.092000 0.055521
1 0.278000 0.449842 0.438000 0.054259
1 0.819000 0.789905 0.234000 0.054259
1 0.451500 0.675710 0.785000 0.055521
1 0.497500 0.733123 0.877000 0.059306
1 0.497500 0.876656 0.877000 0.119243
1 0.380500 0.789905 0.643000 0.054259
0 0.894000 0.678233 0.050000 0.037855
0 0.570500 0.165615 0.051000 0.037224
0 0.731000 0.792744 0.052000 0.035962
0 0.523500 0.451420 0.051000 0.037224
0 0.164000 0.280126 0.050000 0.036593
0 0.900000 0.393691 0.054000 0.036593
0 0.092500 0.908833 0.053000 0.035962