1 0.540000 0.104101 0.794000 0.064353
1 0.545500 0.163407 0.783000 0.054259
1 0.101500 0.104101 0.083000 0.064353
1 0.107000 0.163407 0.094000 0.054259
1 0.616500 0.218612 0.641000 0.056151
1 0.178000 0.218612 0.236000 0.056151
1 0.814500 0.274763 0.245000 0.056151
1 0.376000 0.274763 0.632000 0.056151
1 0.599500 0.330915 0.675000 0.056151
1 0.161000 0.330915 0.202000 0.056151
1 0.498500 0.387382 0.877000 0.056782
1 0.535000 0.444479 0.804000 0.057413
1 0.096500 0.444479 0.073000 0.057413
1 0.667000 0.500315 0.540000 0.054259
1 0.228500 0.500315 0.337000 0.054259
1 0.772000 0.557413 0.330000 0.059937
1 0.333500 0.557413 0.547000 0.059937
1 0.775000 0.614826 0.324000 0.054890
1 0.336500 0.614826 0.553000 0.054890
1 0.761000 0.669401 0.352000 0.054259
1 0.322500 0.669401 0.525000 0.054259
1 0.691000 0.726498 0.492000 0.059937
1 0.252500 0.726498 0.385000 0.059937
1 0.498500 0.784858 0.877000 0.056782
1 0.831500 0.841956 0.211000 0.057413
1 0.393000 0.841956 0.666000 0.057413
0 0.472500 0.732808 0.051000 0.033438
0 0.718000 0.279180 0.048000 0.034700
0 0.090500 0.390221 0.051000 0.035962
0 0.286500 0.334700 0.049000 0.033438
0 0.322500 0.221767 0.049000 0.033438
0 0.639000 0.619558 0.050000 0.032808
0 0.179000 0.164353 0.050000 0.034700
0 0.636500 0.562776 0.051000 0.035331
0 0.612500 0.675710 0.053000 0.035331
0 0.098000 0.845426 0.050000 0.034069
0 0.158500 0.444795 0.051000 0.035331
0 0.748000 0.846057 0.050000 0.032808
0 0.423000 0.505678 0.048000 0.033438
0 0.170500 0.106309 0.049000 0.033438