1 0.904500 0.224606 0.067000 0.058044
1 0.498500 0.135016 0.879000 0.121136
1 0.757000 0.280442 0.362000 0.053628
1 0.465000 0.224606 0.812000 0.058044
1 0.498500 0.335962 0.879000 0.057413
1 0.317500 0.280442 0.517000 0.053628
1 0.905500 0.561514 0.065000 0.058044
1 0.498500 0.448580 0.879000 0.167823
1 0.466000 0.561514 0.814000 0.058044
1 0.498500 0.618927 0.879000 0.056782
1 0.905000 0.676656 0.066000 0.058675
1 0.465500 0.676656 0.813000 0.058675
1 0.570000 0.734069 0.736000 0.056151
1 0.130500 0.734069 0.143000 0.056151
1 0.607500 0.790221 0.661000 0.056151
1 0.168000 0.790221 0.218000 0.056151
1 0.498500 0.876341 0.879000 0.116088
0 0.227000 0.736593 0.050000 0.034700
0 0.301000 0.794006 0.048000 0.032177
0 0.089500 0.340694 0.051000 0.035331
0 0.899000 0.565615 0.052000 0.034700
0 0.897000 0.677287 0.050000 0.034700
0 0.897500 0.226498 0.049000 0.034069
0 0.601000 0.283912 0.048000 0.034069
0 0.103000 0.908202 0.050000 0.033438