1 0.830500 0.275079 0.223000 0.055521
1 0.503000 0.159621 0.878000 0.175394
1 0.503000 0.360568 0.878000 0.115457
1 0.391500 0.275079 0.655000 0.055521
1 0.859000 0.445426 0.166000 0.054259
1 0.420000 0.445426 0.712000 0.054259
1 0.702000 0.559621 0.480000 0.058044
1 0.503000 0.501577 0.878000 0.058044
1 0.624000 0.787066 0.636000 0.057413
1 0.503000 0.673502 0.878000 0.169716
1 0.263000 0.559621 0.398000 0.058044
1 0.185000 0.787066 0.242000 0.057413
1 0.503000 0.874132 0.878000 0.116719
0 0.743500 0.280757 0.051000 0.034069
0 0.516500 0.564038 0.049000 0.035331
0 0.802000 0.451104 0.048000 0.035331
0 0.331000 0.792114 0.050000 0.034700
0 0.096000 0.904101 0.052000 0.036593