1 0.503000 0.100631 0.878000 0.057413
1 0.671000 0.158044 0.542000 0.057413
1 0.232000 0.158044 0.336000 0.057413
1 0.503000 0.243533 0.878000 0.113565
1 0.814500 0.329338 0.255000 0.058044
1 0.600000 0.446057 0.684000 0.055521
1 0.375500 0.329338 0.623000 0.058044
1 0.503000 0.388328 0.878000 0.059937
1 0.161000 0.446057 0.194000 0.055521
1 0.503000 0.501262 0.878000 0.054890
1 0.912000 0.557098 0.060000 0.056782
1 0.473000 0.557098 0.818000 0.056782
1 0.592000 0.614511 0.700000 0.058044
1 0.153000 0.614511 0.178000 0.058044
1 0.503000 0.672871 0.878000 0.058675
1 0.844500 0.729968 0.195000 0.055521
1 0.503000 0.846372 0.878000 0.177287
1 0.405500 0.729968 0.683000 0.055521
0 0.712000 0.332492 0.048000 0.034069
0 0.772000 0.733438 0.050000 0.034700
0 0.908000 0.561199 0.050000 0.034700
0 0.281500 0.448580 0.049000 0.035331
0 0.425000 0.159937 0.048000 0.033438
0 0.266500 0.619243 0.049000 0.033438
0 0.094500 0.903470 0.051000 0.036593