1 0.883500 0.224606 0.117000 0.061830
1 0.502500 0.165300 0.879000 0.056782
1 0.595000 0.224606 0.460000 0.061830
1 0.214000 0.224606 0.302000 0.061830
1 0.542000 0.283281 0.800000 0.055521
1 0.102500 0.283281 0.079000 0.055521
1 0.616000 0.395268 0.652000 0.057413
1 0.502500 0.338801 0.879000 0.055521
1 0.642000 0.453943 0.600000 0.059937
1 0.176500 0.395268 0.227000 0.057413
1 0.202500 0.453943 0.279000 0.059937
1 0.542500 0.510410 0.799000 0.052997
1 0.677000 0.793060 0.530000 0.060568
1 0.502500 0.649842 0.879000 0.225868
1 0.103000 0.510410 0.080000 0.052997
1 0.541500 0.849842 0.801000 0.052997
1 0.237500 0.793060 0.349000 0.060568
1 0.502500 0.907571 0.879000 0.062461
1 0.102000 0.849842 0.078000 0.052997
0 0.850500 0.230915 0.049000 0.032808
0 0.388500 0.230915 0.049000 0.031546
0 0.163500 0.852997 0.047000 0.032808
0 0.436000 0.796215 0.048000 0.031546
0 0.314000 0.399369 0.046000 0.031546
0 0.167500 0.512618 0.047000 0.033438
0 0.365500 0.455205 0.041000 0.029653
0 0.165000 0.285489 0.046000 0.033438
0 0.093500 0.909148 0.049000 0.031546