1 0.502500 0.105047 0.879000 0.067508
1 0.648000 0.167192 0.588000 0.056782
1 0.502500 0.252681 0.879000 0.114196
1 0.758000 0.337224 0.368000 0.054890
1 0.208500 0.167192 0.291000 0.056782
1 0.318500 0.337224 0.511000 0.054890
1 0.502500 0.394006 0.879000 0.058675
1 0.846000 0.508833 0.192000 0.054890
1 0.502500 0.452366 0.879000 0.058044
1 0.406500 0.508833 0.687000 0.054890
1 0.666000 0.563091 0.552000 0.053628
1 0.226500 0.563091 0.327000 0.053628
1 0.652500 0.676656 0.579000 0.057413
1 0.502500 0.618927 0.879000 0.058044
1 0.633500 0.849842 0.617000 0.056782
1 0.502500 0.763407 0.879000 0.116088
1 0.213000 0.676656 0.300000 0.057413
1 0.194000 0.849842 0.262000 0.056782
1 0.502500 0.908517 0.879000 0.060568
0 0.777000 0.511987 0.052000 0.037224
0 0.389000 0.681388 0.050000 0.035331
0 0.599500 0.340063 0.053000 0.036593
0 0.382000 0.170032 0.052000 0.034700
0 0.097000 0.906625 0.052000 0.036593
0 0.416500 0.567192 0.051000 0.035331
0 0.099500 0.397476 0.053000 0.036593
0 0.352500 0.852366 0.053000 0.036593