1 0.707000 0.103785 0.470000 0.064984
1 0.267500 0.103785 0.409000 0.064984
1 0.532000 0.164984 0.820000 0.057413
1 0.092500 0.164984 0.059000 0.057413
1 0.736000 0.223028 0.412000 0.058675
1 0.345500 0.223028 0.369000 0.058675
1 0.112000 0.223028 0.098000 0.058675
1 0.783500 0.282334 0.317000 0.059937
1 0.454000 0.282334 0.342000 0.059937
1 0.173000 0.282334 0.220000 0.059937
1 0.813000 0.340379 0.258000 0.056151
1 0.449000 0.340379 0.470000 0.056151
1 0.696000 0.396845 0.492000 0.056782
1 0.138500 0.340379 0.151000 0.056151
1 0.256500 0.396845 0.387000 0.056782
1 0.580000 0.452997 0.724000 0.055521
1 0.140500 0.452997 0.155000 0.055521
1 0.765000 0.508517 0.354000 0.055521
1 0.844000 0.564669 0.196000 0.056782
1 0.325500 0.508517 0.525000 0.055521
1 0.481000 0.564669 0.530000 0.056782
1 0.139500 0.564669 0.153000 0.056782
1 0.740000 0.622713 0.404000 0.059306
1 0.300500 0.622713 0.475000 0.059306
1 0.909500 0.680757 0.065000 0.056782
1 0.614000 0.680757 0.526000 0.056782
1 0.822000 0.736278 0.240000 0.054259
1 0.207000 0.680757 0.288000 0.056782
1 0.435500 0.736278 0.533000 0.054259
1 0.116000 0.736278 0.106000 0.054259
1 0.726000 0.792114 0.432000 0.057413
1 0.286500 0.792114 0.447000 0.057413
1 0.732000 0.850158 0.420000 0.058675
1 0.292500 0.850158 0.459000 0.058675
1 0.835500 0.909148 0.213000 0.059306
1 0.396000 0.909148 0.666000 0.059306
0 0.650000 0.281073 0.054000 0.035962
0 0.149000 0.166877 0.052000 0.037224
0 0.240000 0.337539 0.052000 0.037855
0 0.476500 0.394322 0.053000 0.036593
0 0.771000 0.566877 0.052000 0.037224
0 0.546500 0.851735 0.053000 0.037855
0 0.241000 0.566562 0.052000 0.036593
0 0.101000 0.906625 0.054000 0.036593
0 0.711500 0.338486 0.051000 0.037224
0 0.561000 0.623659 0.050000 0.037224
0 0.309000 0.281388 0.050000 0.034069
0 0.536500 0.794322 0.053000 0.035331
0 0.755500 0.910095 0.053000 0.037224
0 0.496500 0.109779 0.053000 0.036593
0 0.096500 0.108517 0.053000 0.035331
0 0.241500 0.452050 0.051000 0.037224
0 0.374500 0.679811 0.055000 0.037224
0 0.099500 0.794322 0.055000 0.036593
0 0.554500 0.224606 0.051000 0.037855
0 0.613500 0.509148 0.055000 0.035331
0 0.186000 0.223975 0.050000 0.036593
0 0.729000 0.737539 0.050000 0.036593
0 0.902500 0.681388 0.053000 0.035331
0 0.193000 0.737539 0.052000 0.036593