1 0.911000 0.279495 0.062000 0.059306
1 0.502500 0.160568 0.879000 0.178549
1 0.471500 0.279495 0.817000 0.059306
1 0.636500 0.335962 0.611000 0.053628
1 0.197000 0.335962 0.268000 0.053628
1 0.502500 0.391798 0.879000 0.058044
1 0.854000 0.449842 0.176000 0.058044
1 0.414500 0.449842 0.703000 0.058044
1 0.502500 0.506625 0.879000 0.055521
1 0.502500 0.590221 0.879000 0.111672
1 0.649000 0.673817 0.586000 0.055521
1 0.209500 0.673817 0.293000 0.055521
1 0.502500 0.729653 0.879000 0.056151
1 0.578500 0.787697 0.727000 0.059937
1 0.139000 0.787697 0.152000 0.059937
1 0.634500 0.843533 0.615000 0.051735
1 0.502500 0.901893 0.879000 0.064984
1 0.195000 0.843533 0.264000 0.051735
0 0.105000 0.899054 0.054000 0.037855
0 0.356500 0.334700 0.051000 0.035962
0 0.793000 0.449527 0.052000 0.037224
0 0.356000 0.843849 0.054000 0.037224
0 0.907000 0.278233 0.052000 0.036593
0 0.404000 0.674763 0.050000 0.037224
0 0.241500 0.787066 0.053000 0.037224
0 0.098000 0.503785 0.052000 0.037224