1 0.502500 0.104101 0.879000 0.064353
1 0.910500 0.161830 0.063000 0.051104
1 0.471000 0.161830 0.816000 0.051104
1 0.843500 0.217035 0.197000 0.059306
1 0.836000 0.335016 0.212000 0.058044
1 0.404000 0.217035 0.682000 0.059306
1 0.502500 0.276341 0.879000 0.059306
1 0.396500 0.335016 0.667000 0.058044
1 0.576000 0.391167 0.732000 0.054259
1 0.136500 0.391167 0.147000 0.054259
1 0.502500 0.447634 0.879000 0.058675
1 0.826500 0.503470 0.231000 0.052997
1 0.387000 0.503470 0.648000 0.052997
1 0.913000 0.560568 0.058000 0.061199
1 0.473500 0.560568 0.821000 0.061199
1 0.502500 0.618297 0.879000 0.054259
1 0.835000 0.729022 0.214000 0.059937
1 0.502500 0.672240 0.879000 0.053628
1 0.395500 0.729022 0.665000 0.059937
1 0.821000 0.786751 0.242000 0.055521
1 0.381500 0.786751 0.637000 0.055521
1 0.628500 0.842271 0.627000 0.055521
1 0.189000 0.842271 0.252000 0.055521
1 0.502500 0.903155 0.879000 0.066246
0 0.235000 0.396530 0.050000 0.033438
0 0.906000 0.166562 0.048000 0.034069
0 0.756500 0.339117 0.051000 0.034700
0 0.771000 0.225237 0.048000 0.035331
0 0.909000 0.564669 0.050000 0.035331
0 0.736000 0.508833 0.050000 0.034700
0 0.368000 0.849211 0.046000 0.035331
0 0.756500 0.735331 0.049000 0.033438
0 0.098500 0.906940 0.051000 0.033438
0 0.727500 0.794006 0.049000 0.034700
0 0.095000 0.621767 0.050000 0.033438