1 0.498500 0.136278 0.879000 0.109779
1 0.498500 0.339432 0.879000 0.166562
1 0.498500 0.451735 0.879000 0.058044
1 0.666000 0.509464 0.544000 0.057413
1 0.226500 0.509464 0.335000 0.057413
1 0.498500 0.565615 0.879000 0.054890
1 0.547000 0.619874 0.782000 0.053628
1 0.498500 0.704732 0.879000 0.116088
1 0.821000 0.792429 0.234000 0.059306
1 0.107500 0.619874 0.097000 0.053628
1 0.498500 0.878549 0.879000 0.112934
1 0.381500 0.792429 0.645000 0.059306
0 0.420500 0.511672 0.049000 0.034069
0 0.199000 0.162776 0.050000 0.034069
0 0.107500 0.910410 0.049000 0.034069
0 0.730000 0.797476 0.050000 0.034069
0 0.181000 0.626183 0.048000 0.034700
0 0.106000 0.396215 0.048000 0.034069