1 0.902500 0.163722 0.071000 0.056151
1 0.498500 0.103470 0.879000 0.064353
1 0.463000 0.163722 0.808000 0.056151
1 0.498500 0.247634 0.879000 0.111672
1 0.904500 0.331861 0.067000 0.056782
1 0.465000 0.331861 0.812000 0.056782
1 0.830500 0.446057 0.215000 0.055521
1 0.498500 0.389274 0.879000 0.058044
1 0.582000 0.503155 0.712000 0.058675
1 0.391000 0.446057 0.664000 0.055521
1 0.673000 0.668454 0.530000 0.054890
1 0.498500 0.586751 0.879000 0.108517
1 0.142500 0.503155 0.167000 0.058675
1 0.498500 0.725552 0.879000 0.059306
1 0.233500 0.668454 0.349000 0.054890
1 0.498500 0.841009 0.879000 0.171609
0 0.748500 0.450158 0.051000 0.035962
0 0.436000 0.674448 0.048000 0.035331
0 0.893000 0.168139 0.048000 0.033438
0 0.104000 0.731546 0.048000 0.032177
0 0.099000 0.898738 0.048000 0.034700
0 0.895500 0.336593 0.049000 0.034700
0 0.252500 0.506940 0.049000 0.034700