1 0.503000 0.104101 0.878000 0.064353
1 0.835500 0.393691 0.213000 0.056782
1 0.503000 0.250789 0.878000 0.229022
1 0.815500 0.563722 0.253000 0.056151
1 0.503000 0.478864 0.878000 0.113565
1 0.396500 0.393691 0.665000 0.056782
1 0.909500 0.674448 0.065000 0.058044
1 0.503000 0.618612 0.878000 0.053628
1 0.376500 0.563722 0.625000 0.056151
1 0.775000 0.732808 0.334000 0.058675
1 0.470500 0.674448 0.813000 0.058044
1 0.336000 0.732808 0.544000 0.058675
1 0.730000 0.791798 0.424000 0.059306
1 0.291000 0.791798 0.454000 0.059306
1 0.503000 0.877287 0.878000 0.111672
0 0.106000 0.109464 0.052000 0.035962
0 0.718500 0.565300 0.051000 0.036593
0 0.903000 0.679495 0.052000 0.035331
0 0.757000 0.396845 0.052000 0.036593
0 0.633000 0.736278 0.052000 0.036593
0 0.544000 0.793375 0.050000 0.035962
0 0.096000 0.905994 0.052000 0.036593