1 0.666000 0.162461 0.552000 0.054890
1 0.502500 0.103155 0.879000 0.063722
1 0.551500 0.217666 0.781000 0.055521
1 0.226500 0.162461 0.327000 0.054890
1 0.112000 0.217666 0.098000 0.055521
1 0.502500 0.274132 0.879000 0.057413
1 0.658000 0.330284 0.568000 0.054890
1 0.218500 0.330284 0.311000 0.054890
1 0.502500 0.386435 0.879000 0.057413
1 0.502500 0.445741 0.879000 0.061199
1 0.658000 0.503155 0.568000 0.053628
1 0.218500 0.503155 0.311000 0.053628
1 0.692000 0.559621 0.500000 0.059306
1 0.252500 0.559621 0.379000 0.059306
1 0.502500 0.618297 0.879000 0.058044
1 0.798500 0.729653 0.287000 0.059937
1 0.502500 0.673502 0.879000 0.052366
1 0.359000 0.729653 0.592000 0.059937
1 0.754500 0.788959 0.375000 0.058675
1 0.315000 0.788959 0.504000 0.058675
1 0.639500 0.845741 0.605000 0.054890
1 0.502500 0.903470 0.879000 0.060568
1 0.200000 0.845741 0.274000 0.054890
0 0.467500 0.565300 0.051000 0.035331
0 0.679500 0.734385 0.049000 0.034069
0 0.399000 0.336278 0.050000 0.035331
0 0.361000 0.849842 0.048000 0.036593
0 0.592500 0.793060 0.049000 0.034069
0 0.398500 0.506940 0.049000 0.033438
0 0.186500 0.222082 0.051000 0.034069
0 0.416000 0.165615 0.048000 0.034700
0 0.097500 0.390852 0.049000 0.034700
0 0.099000 0.622397 0.050000 0.034700
0 0.102500 0.905994 0.051000 0.032808