1 0.498500 0.098738 0.879000 0.054890
1 0.569500 0.157098 0.737000 0.061830
1 0.130000 0.157098 0.142000 0.061830
1 0.561500 0.272871 0.753000 0.057413
1 0.498500 0.216088 0.879000 0.056151
1 0.122000 0.272871 0.126000 0.057413
1 0.498500 0.329338 0.879000 0.055521
1 0.738000 0.385804 0.400000 0.057413
1 0.298500 0.385804 0.479000 0.057413
1 0.498500 0.470978 0.879000 0.112934
1 0.906500 0.555836 0.063000 0.056782
1 0.498500 0.613249 0.879000 0.058044
1 0.467000 0.555836 0.816000 0.056782
1 0.756500 0.670978 0.363000 0.057413
1 0.498500 0.816404 0.879000 0.233438
1 0.317000 0.670978 0.516000 0.057413
0 0.564500 0.390536 0.049000 0.036593
0 0.210500 0.276656 0.051000 0.035962
0 0.227500 0.160568 0.049000 0.034700
0 0.599500 0.675079 0.051000 0.036593
0 0.899500 0.562461 0.049000 0.034700
0 0.097000 0.905047 0.050000 0.034700