1 0.498000 0.130599 0.878000 0.117350
1 0.605500 0.332808 0.663000 0.057413
1 0.498000 0.246688 0.878000 0.114826
1 0.498000 0.445426 0.878000 0.167823
1 0.906500 0.557098 0.061000 0.055521
1 0.166500 0.332808 0.215000 0.057413
1 0.825000 0.726183 0.224000 0.051735
1 0.498000 0.642587 0.878000 0.115457
1 0.467500 0.557098 0.817000 0.055521
1 0.498000 0.782334 0.878000 0.060568
1 0.386000 0.726183 0.654000 0.051735
1 0.642000 0.841325 0.590000 0.057413
1 0.203000 0.841325 0.288000 0.057413
1 0.498000 0.901262 0.878000 0.062461
0 0.299500 0.333754 0.053000 0.036593
0 0.741500 0.733123 0.049000 0.035331
0 0.371000 0.845426 0.052000 0.035331
0 0.902500 0.562776 0.053000 0.037855
0 0.096000 0.162461 0.052000 0.037224
0 0.098000 0.903785 0.052000 0.037224