1 0.584500 0.164669 0.713000 0.056782
1 0.502500 0.103785 0.877000 0.064984
1 0.774000 0.278864 0.334000 0.054259
1 0.502500 0.222397 0.877000 0.058675
1 0.146000 0.164669 0.164000 0.056782
1 0.615500 0.334700 0.651000 0.057413
1 0.335500 0.278864 0.543000 0.054259
1 0.846500 0.449527 0.189000 0.056151
1 0.502500 0.392429 0.877000 0.058044
1 0.177000 0.334700 0.226000 0.057413
1 0.900000 0.504416 0.082000 0.053628
1 0.408000 0.449527 0.688000 0.056151
1 0.461500 0.504416 0.795000 0.053628
1 0.616500 0.618297 0.649000 0.056782
1 0.502500 0.560568 0.877000 0.058675
1 0.853000 0.733754 0.176000 0.056782
1 0.502500 0.676025 0.877000 0.058675
1 0.178000 0.618297 0.228000 0.056782
1 0.414500 0.733754 0.701000 0.056782
1 0.674000 0.790221 0.534000 0.056151
1 0.599500 0.845741 0.683000 0.054890
1 0.235500 0.790221 0.343000 0.056151
1 0.502500 0.904732 0.877000 0.063091
1 0.161000 0.845741 0.194000 0.054890
0 0.317500 0.622397 0.049000 0.033438
0 0.430500 0.794322 0.047000 0.034069
0 0.313000 0.337539 0.050000 0.035331
0 0.778000 0.453628 0.050000 0.034069
0 0.283500 0.848896 0.049000 0.034700
0 0.254500 0.166877 0.049000 0.034700
0 0.908000 0.512303 0.050000 0.035331
0 0.789000 0.739117 0.048000 0.034700
0 0.096000 0.905047 0.050000 0.034700
0 0.632500 0.282965 0.051000 0.033438