1 0.502500 0.102208 0.877000 0.060568
1 0.742000 0.161199 0.398000 0.057413
1 0.303500 0.161199 0.479000 0.057413
1 0.658500 0.218612 0.565000 0.057413
1 0.220000 0.218612 0.312000 0.057413
1 0.502500 0.276341 0.877000 0.058044
1 0.853000 0.334069 0.176000 0.057413
1 0.414500 0.334069 0.701000 0.057413
1 0.502500 0.391167 0.877000 0.056782
1 0.908000 0.447319 0.066000 0.055521
1 0.469500 0.447319 0.811000 0.055521
1 0.593000 0.505047 0.696000 0.059937
1 0.154500 0.505047 0.181000 0.059937
1 0.502500 0.563722 0.877000 0.057413
1 0.502500 0.620820 0.877000 0.056782
1 0.846500 0.676972 0.189000 0.055521
1 0.557500 0.732177 0.767000 0.054890
1 0.408000 0.676972 0.688000 0.055521
1 0.705500 0.844795 0.471000 0.059306
1 0.502500 0.787382 0.877000 0.055521
1 0.119000 0.732177 0.110000 0.054890
1 0.832000 0.903785 0.218000 0.058675
1 0.267000 0.844795 0.406000 0.059306
1 0.393500 0.903785 0.659000 0.058675
0 0.744000 0.909779 0.048000 0.032808
0 0.788500 0.339748 0.051000 0.033438
0 0.272000 0.508202 0.046000 0.030915
0 0.198500 0.736278 0.045000 0.032808
0 0.566500 0.167823 0.047000 0.032808
0 0.900500 0.454574 0.049000 0.032177
0 0.776000 0.682019 0.048000 0.032808
0 0.399500 0.223344 0.047000 0.032808
0 0.493500 0.850789 0.047000 0.032177
0 0.098500 0.566562 0.047000 0.032808
0 0.095500 0.908202 0.049000 0.032177