1 0.741000 0.101262 0.394000 0.059937
1 0.366000 0.101262 0.356000 0.059937
1 0.123500 0.101262 0.129000 0.059937
1 0.857500 0.160252 0.161000 0.058044
1 0.592500 0.160252 0.369000 0.058044
1 0.233500 0.160252 0.349000 0.058044
1 0.758000 0.218297 0.360000 0.058044
1 0.462000 0.218297 0.232000 0.058044
1 0.686000 0.276972 0.504000 0.059306
1 0.202500 0.218297 0.287000 0.058044
1 0.246500 0.276972 0.375000 0.059306
1 0.683000 0.335647 0.510000 0.058044
1 0.857500 0.393691 0.161000 0.058044
1 0.243500 0.335647 0.369000 0.058044
1 0.553500 0.393691 0.447000 0.058044
1 0.194500 0.393691 0.271000 0.058044
1 0.838500 0.448580 0.199000 0.051735
1 0.582500 0.448580 0.313000 0.051735
1 0.242500 0.448580 0.367000 0.051735
1 0.769500 0.503470 0.337000 0.058044
1 0.409000 0.503470 0.384000 0.058044
1 0.138000 0.503470 0.158000 0.058044
1 0.830000 0.563091 0.216000 0.061199
1 0.457500 0.563091 0.529000 0.061199
1 0.126000 0.563091 0.134000 0.061199
1 0.774500 0.619874 0.327000 0.052366
1 0.426500 0.619874 0.369000 0.052366
1 0.796500 0.676656 0.283000 0.061199
1 0.150500 0.619874 0.183000 0.052366
1 0.487000 0.676656 0.336000 0.061199
1 0.783500 0.735016 0.309000 0.055521
1 0.189000 0.676656 0.260000 0.061199
1 0.380000 0.735016 0.498000 0.055521
1 0.776500 0.790852 0.323000 0.056151
1 0.095000 0.735016 0.072000 0.055521
1 0.377000 0.790852 0.476000 0.056151
1 0.775500 0.848265 0.325000 0.058675
1 0.099000 0.790852 0.080000 0.056151
1 0.336000 0.848265 0.554000 0.058675
1 0.713000 0.908517 0.450000 0.061830
1 0.273500 0.908517 0.429000 0.061830
0 0.747000 0.565300 0.048000 0.035331
0 0.638000 0.852366 0.050000 0.035331
0 0.355000 0.393060 0.048000 0.034069
0 0.803500 0.394006 0.049000 0.033438
0 0.637000 0.621451 0.052000 0.034069
0 0.096500 0.162461 0.049000 0.035962
0 0.449000 0.449842 0.050000 0.035331
0 0.164000 0.794006 0.048000 0.033438
0 0.241000 0.506625 0.050000 0.035331
0 0.680500 0.679180 0.049000 0.034700
0 0.092000 0.449211 0.050000 0.036593
0 0.214000 0.105363 0.050000 0.036593
0 0.641000 0.793691 0.048000 0.034069
0 0.765500 0.451104 0.047000 0.035331
0 0.803000 0.164038 0.050000 0.035331
0 0.267000 0.621767 0.048000 0.033438
0 0.453500 0.335016 0.047000 0.034069
0 0.155500 0.735331 0.049000 0.034700
0 0.217500 0.563722 0.049000 0.034700
0 0.601000 0.219558 0.052000 0.034069
0 0.654500 0.736278 0.049000 0.035331
0 0.370000 0.220189 0.050000 0.034069
0 0.512000 0.909779 0.050000 0.034069
0 0.570500 0.104101 0.049000 0.036593
0 0.458500 0.277918 0.049000 0.035962
0 0.434000 0.161830 0.048000 0.034700
0 0.093500 0.277918 0.051000 0.035962
0 0.090000 0.907571 0.050000 0.033438
0 0.090000 0.849842 0.050000 0.035331
0 0.344500 0.678864 0.047000 0.034069
0 0.626000 0.507571 0.048000 0.033438