1 0.502500 0.103785 0.879000 0.064984
1 0.695500 0.165300 0.493000 0.058044
1 0.256000 0.165300 0.386000 0.058044
1 0.502500 0.250473 0.879000 0.112303
1 0.502500 0.364038 0.879000 0.114826
1 0.502500 0.476972 0.879000 0.111041
1 0.502500 0.563722 0.879000 0.062461
1 0.557000 0.620820 0.770000 0.051735
1 0.117500 0.620820 0.109000 0.051735
1 0.502500 0.677603 0.879000 0.061830
1 0.899500 0.737224 0.085000 0.057413
1 0.460000 0.737224 0.794000 0.057413
1 0.502500 0.794953 0.879000 0.058044
1 0.911000 0.849527 0.062000 0.051104
1 0.502500 0.903785 0.879000 0.057413
1 0.471500 0.849527 0.817000 0.051104
0 0.904500 0.854259 0.051000 0.035331
0 0.474500 0.168770 0.049000 0.033438
0 0.903500 0.740063 0.049000 0.035331
0 0.104000 0.284543 0.050000 0.034069
0 0.102500 0.397792 0.049000 0.034700
0 0.197000 0.625552 0.050000 0.034700
0 0.102000 0.511672 0.050000 0.035331
0 0.098000 0.910726 0.050000 0.034700