1 0.634500 0.101577 0.607000 0.060568
1 0.745000 0.161199 0.386000 0.058675
1 0.195000 0.101577 0.272000 0.060568
1 0.811000 0.219558 0.254000 0.058044
1 0.305500 0.161199 0.493000 0.058675
1 0.371500 0.219558 0.625000 0.058044
1 0.906500 0.277603 0.063000 0.058044
1 0.619500 0.277603 0.511000 0.058044
1 0.725500 0.334700 0.425000 0.056151
1 0.211500 0.277603 0.305000 0.058044
1 0.286000 0.334700 0.454000 0.056151
1 0.498500 0.391798 0.879000 0.058044
1 0.631000 0.448580 0.614000 0.055521
1 0.717500 0.504732 0.441000 0.056782
1 0.191500 0.448580 0.265000 0.055521
1 0.278000 0.504732 0.438000 0.056782
1 0.664000 0.562776 0.548000 0.059306
1 0.224500 0.562776 0.331000 0.059306
1 0.898000 0.621451 0.080000 0.058044
1 0.907500 0.679811 0.061000 0.058675
1 0.458500 0.621451 0.799000 0.058044
1 0.619000 0.679811 0.516000 0.058675
1 0.858000 0.793060 0.160000 0.056782
1 0.498500 0.736909 0.879000 0.055521
1 0.210000 0.679811 0.302000 0.058675
1 0.447500 0.793060 0.661000 0.056782
1 0.692500 0.850158 0.491000 0.057413
1 0.088000 0.793060 0.058000 0.056782
1 0.253000 0.850158 0.388000 0.057413
1 0.736500 0.909148 0.403000 0.060568
1 0.297000 0.909148 0.476000 0.060568
0 0.389000 0.278233 0.048000 0.036593
0 0.711500 0.221767 0.049000 0.033438
0 0.904500 0.623659 0.049000 0.034700
0 0.095500 0.335016 0.049000 0.034069
0 0.900500 0.279811 0.049000 0.033438
0 0.579500 0.163407 0.049000 0.035331
0 0.904000 0.681388 0.048000 0.034069
0 0.355500 0.106309 0.049000 0.034700
0 0.387000 0.679495 0.050000 0.034069
0 0.804000 0.794637 0.046000 0.034700
0 0.143500 0.793691 0.047000 0.034069
0 0.100000 0.392114 0.048000 0.033438
0 0.094500 0.505363 0.049000 0.035331
0 0.474000 0.851420 0.048000 0.034700
0 0.538000 0.335016 0.050000 0.035331
0 0.560000 0.908833 0.050000 0.034700
0 0.347000 0.448896 0.048000 0.034700
0 0.523500 0.505994 0.053000 0.035331
0 0.417000 0.564353 0.050000 0.034700
0 0.096500 0.907886 0.047000 0.034069