1 0.498500 0.220820 0.879000 0.169085
1 0.836000 0.334385 0.204000 0.058044
1 0.396500 0.334385 0.675000 0.058044
1 0.498500 0.391167 0.879000 0.055521
1 0.815500 0.447003 0.245000 0.056151
1 0.376000 0.447003 0.634000 0.056151
1 0.841500 0.503155 0.193000 0.056151
1 0.402000 0.503155 0.686000 0.056151
1 0.654000 0.561199 0.568000 0.059937
1 0.214500 0.561199 0.311000 0.059937
1 0.498500 0.619243 0.879000 0.056151
1 0.498500 0.676025 0.879000 0.057413
1 0.801500 0.733754 0.273000 0.058044
1 0.498500 0.819243 0.879000 0.112934
1 0.362000 0.733754 0.606000 0.058044
1 0.498500 0.904732 0.879000 0.058044
0 0.771000 0.508517 0.052000 0.036593
0 0.762000 0.338486 0.050000 0.037224
0 0.719500 0.450789 0.053000 0.037224
0 0.397500 0.567508 0.055000 0.037224
0 0.093000 0.853943 0.054000 0.035962
0 0.099000 0.624606 0.052000 0.036593
0 0.095500 0.909148 0.053000 0.036593
0 0.689500 0.738801 0.051000 0.036593