1 0.600500 0.331861 0.683000 0.058044
1 0.502500 0.187066 0.879000 0.231546
1 0.161000 0.331861 0.196000 0.058044
1 0.502500 0.447003 0.879000 0.172240
1 0.748000 0.560252 0.388000 0.054259
1 0.910500 0.787066 0.063000 0.056151
1 0.502500 0.673186 0.879000 0.171609
1 0.308500 0.560252 0.491000 0.054259
1 0.502500 0.874132 0.879000 0.117981
1 0.471000 0.787066 0.816000 0.056151
0 0.286000 0.335647 0.050000 0.035331
0 0.907000 0.792114 0.052000 0.035962
0 0.579500 0.564669 0.051000 0.035331
0 0.100500 0.905994 0.053000 0.035331