1 0.594500 0.216404 0.691000 0.058044
1 0.501500 0.129338 0.877000 0.116088
1 0.760500 0.274448 0.359000 0.058044
1 0.156000 0.216404 0.186000 0.058044
1 0.587000 0.331230 0.706000 0.055521
1 0.322000 0.274448 0.518000 0.058044
1 0.501500 0.418297 0.877000 0.118612
1 0.849000 0.506309 0.182000 0.057413
1 0.148500 0.331230 0.171000 0.055521
1 0.680000 0.562461 0.520000 0.054890
1 0.410500 0.506309 0.695000 0.057413
1 0.501500 0.764669 0.877000 0.349527
1 0.241500 0.562461 0.357000 0.054890
0 0.256500 0.335647 0.047000 0.032808
0 0.606500 0.281073 0.047000 0.033438
0 0.445500 0.568139 0.047000 0.032177
0 0.274000 0.222397 0.048000 0.033438
0 0.102000 0.910726 0.048000 0.034700
0 0.780500 0.510726 0.043000 0.033438