1 0.806000 0.503785 0.264000 0.057413
1 0.498500 0.273186 0.879000 0.403785
1 0.366500 0.503785 0.615000 0.057413
1 0.703000 0.618612 0.470000 0.058675
1 0.498500 0.560883 0.879000 0.056782
1 0.263500 0.618612 0.409000 0.058675
1 0.719000 0.849527 0.438000 0.058675
1 0.498500 0.734069 0.879000 0.172240
1 0.279500 0.849527 0.441000 0.058675
1 0.498500 0.908833 0.879000 0.059937
0 0.700500 0.502839 0.049000 0.036593
0 0.491500 0.618297 0.047000 0.034069
0 0.528500 0.846372 0.049000 0.037224
0 0.094500 0.904101 0.055000 0.037855