1 0.844000 0.279495 0.196000 0.056782
1 0.502500 0.161199 0.879000 0.179811
1 0.404500 0.279495 0.683000 0.056782
1 0.809500 0.335016 0.265000 0.054259
1 0.370000 0.335016 0.614000 0.054259
1 0.502500 0.505994 0.879000 0.287697
1 0.914000 0.678233 0.056000 0.056782
1 0.474500 0.678233 0.823000 0.056782
1 0.502500 0.734700 0.879000 0.056151
1 0.821000 0.791167 0.242000 0.056782
1 0.502500 0.879811 0.879000 0.120505
1 0.381500 0.791167 0.637000 0.056782
0 0.773000 0.284227 0.052000 0.034700
0 0.701000 0.340379 0.052000 0.034700
0 0.911500 0.682965 0.049000 0.033438
0 0.109500 0.908202 0.051000 0.033438
0 0.746500 0.798423 0.051000 0.034700