1 0.602000 0.101262 0.672000 0.059937
1 0.163500 0.101262 0.205000 0.059937
1 0.738500 0.160252 0.399000 0.058044
1 0.908000 0.218297 0.060000 0.058044
1 0.300000 0.160252 0.478000 0.058044
1 0.601500 0.218297 0.553000 0.058044
1 0.815000 0.276972 0.246000 0.059306
1 0.193000 0.218297 0.264000 0.058044
1 0.376500 0.276972 0.631000 0.059306
1 0.753500 0.335647 0.369000 0.058044
1 0.907500 0.393375 0.061000 0.057413
1 0.315000 0.335647 0.508000 0.058044
1 0.469000 0.393375 0.816000 0.057413
1 0.907500 0.448265 0.061000 0.052366
1 0.612000 0.448265 0.530000 0.052366
1 0.204000 0.448265 0.286000 0.052366
1 0.691000 0.503470 0.494000 0.058044
1 0.906500 0.563091 0.063000 0.061199
1 0.252500 0.503470 0.383000 0.058044
1 0.698500 0.563091 0.353000 0.061199
1 0.395500 0.563091 0.253000 0.061199
1 0.165000 0.563091 0.208000 0.061199
1 0.907500 0.619874 0.061000 0.052366
1 0.907500 0.676656 0.061000 0.061199
1 0.469000 0.619874 0.816000 0.052366
1 0.469000 0.676656 0.816000 0.061199
1 0.783500 0.735016 0.309000 0.055521
1 0.468000 0.735016 0.322000 0.055521
1 0.908500 0.790536 0.059000 0.055521
1 0.184000 0.735016 0.246000 0.055521
1 0.732500 0.790536 0.293000 0.055521
1 0.475000 0.790536 0.222000 0.055521
1 0.212500 0.790536 0.303000 0.055521
1 0.597500 0.847950 0.681000 0.059306
1 0.159000 0.847950 0.196000 0.059306
1 0.749500 0.908517 0.377000 0.061830
1 0.311000 0.908517 0.500000 0.061830
0 0.904000 0.789274 0.050000 0.036593
0 0.348500 0.218297 0.047000 0.034069
0 0.903000 0.675394 0.048000 0.035962
0 0.563500 0.158675 0.047000 0.034700
0 0.902000 0.561514 0.048000 0.035331
0 0.904500 0.218612 0.051000 0.034700
0 0.900000 0.390221 0.050000 0.035962
0 0.547500 0.561514 0.049000 0.035331
0 0.289500 0.102524 0.047000 0.034700
0 0.653500 0.733438 0.051000 0.033438
0 0.902500 0.621136 0.051000 0.034700
0 0.587000 0.905363 0.050000 0.036593
0 0.293500 0.561199 0.049000 0.034700
0 0.611000 0.791483 0.050000 0.035962
0 0.330000 0.732808 0.048000 0.032177
0 0.100000 0.675710 0.048000 0.035331
0 0.386000 0.791167 0.046000 0.034069
0 0.099000 0.792429 0.048000 0.034069
0 0.105500 0.275079 0.047000 0.035331
0 0.593500 0.332177 0.047000 0.033438
0 0.716000 0.275394 0.048000 0.035962
0 0.372500 0.447003 0.049000 0.033438
0 0.904000 0.447634 0.050000 0.034700
0 0.098000 0.905994 0.048000 0.034069
0 0.283000 0.847634 0.050000 0.035962
0 0.470500 0.503785 0.049000 0.037224