1 0.661500 0.104732 0.561000 0.066877
1 0.832000 0.165300 0.220000 0.054259
1 0.222000 0.104732 0.318000 0.066877
1 0.531000 0.165300 0.382000 0.054259
1 0.201500 0.165300 0.277000 0.054259
1 0.912000 0.221136 0.060000 0.057413
1 0.507000 0.221136 0.750000 0.057413
1 0.769500 0.279180 0.345000 0.058675
1 0.097500 0.221136 0.069000 0.057413
1 0.779500 0.336593 0.325000 0.056151
1 0.330000 0.279180 0.534000 0.058675
1 0.340000 0.336593 0.554000 0.056151
1 0.910500 0.392744 0.063000 0.056151
1 0.701000 0.392744 0.356000 0.056151
1 0.293000 0.392744 0.460000 0.056151
1 0.787500 0.450473 0.309000 0.059306
1 0.402000 0.450473 0.462000 0.059306
1 0.117000 0.450473 0.108000 0.059306
1 0.814000 0.508202 0.256000 0.056151
1 0.436500 0.508202 0.499000 0.056151
1 0.125000 0.508202 0.124000 0.056151
1 0.826000 0.564984 0.232000 0.057413
1 0.532500 0.564984 0.355000 0.057413
1 0.209000 0.564984 0.292000 0.057413
1 0.632500 0.623975 0.619000 0.060568
1 0.813000 0.681073 0.258000 0.053628
1 0.193000 0.623975 0.260000 0.060568
1 0.373500 0.681073 0.621000 0.053628
1 0.691000 0.736278 0.502000 0.056782
1 0.251500 0.736278 0.377000 0.056782
1 0.642000 0.794322 0.600000 0.059306
1 0.911000 0.852050 0.062000 0.056151
1 0.202500 0.794322 0.279000 0.059306
1 0.732500 0.852050 0.295000 0.056151
1 0.912500 0.909464 0.059000 0.058675
1 0.324000 0.852050 0.522000 0.056151
1 0.473000 0.909464 0.820000 0.058675
0 0.380500 0.571609 0.049000 0.034069
0 0.641000 0.341956 0.048000 0.034069
0 0.198500 0.456151 0.051000 0.034069
0 0.746500 0.169085 0.049000 0.034069
0 0.905000 0.858044 0.048000 0.032808
0 0.465500 0.743533 0.049000 0.033438
0 0.709000 0.686435 0.050000 0.035331
0 0.620500 0.283596 0.049000 0.034700
0 0.735000 0.570978 0.048000 0.032808
0 0.658000 0.456782 0.050000 0.034069
0 0.905000 0.398738 0.050000 0.035331
0 0.157000 0.227445 0.048000 0.035962
0 0.367000 0.801262 0.048000 0.035331
0 0.907000 0.226498 0.048000 0.035331
0 0.549500 0.397792 0.049000 0.034700
0 0.102500 0.686751 0.051000 0.035962
0 0.346500 0.629968 0.049000 0.033438
0 0.909500 0.915457 0.049000 0.035331
0 0.363000 0.170032 0.048000 0.033438
0 0.406000 0.111987 0.046000 0.034700
0 0.214000 0.513880 0.048000 0.034700
0 0.611000 0.857729 0.048000 0.033438
0 0.109500 0.743849 0.049000 0.032808
0 0.712000 0.514826 0.048000 0.034069
0 0.102000 0.916088 0.050000 0.035331