1 0.498500 0.101577 0.879000 0.059306
1 0.557500 0.160252 0.761000 0.058044
1 0.118000 0.160252 0.118000 0.058044
1 0.498500 0.217666 0.879000 0.056782
1 0.635500 0.276025 0.605000 0.059937
1 0.196000 0.276025 0.274000 0.059937
1 0.498500 0.334700 0.879000 0.057413
1 0.765000 0.391798 0.346000 0.056782
1 0.325500 0.391798 0.533000 0.056782
1 0.498500 0.475394 0.879000 0.110410
1 0.575500 0.560883 0.725000 0.060568
1 0.136000 0.560883 0.154000 0.060568
1 0.808500 0.617350 0.259000 0.052366
1 0.466500 0.617350 0.425000 0.052366
1 0.156500 0.617350 0.195000 0.052366
1 0.591000 0.674132 0.694000 0.061199
1 0.728000 0.731861 0.420000 0.054259
1 0.151500 0.674132 0.185000 0.061199
1 0.781500 0.786751 0.313000 0.055521
1 0.288500 0.731861 0.459000 0.054259
1 0.534000 0.843849 0.808000 0.058675
1 0.342000 0.786751 0.566000 0.055521
1 0.094500 0.843849 0.071000 0.058675
1 0.498500 0.903470 0.879000 0.060568
0 0.674500 0.792429 0.055000 0.036593
0 0.359500 0.281703 0.053000 0.034700
0 0.544000 0.735962 0.052000 0.035962
0 0.705000 0.623344 0.050000 0.035331
0 0.282500 0.622082 0.053000 0.036593
0 0.239000 0.565300 0.052000 0.036593
0 0.103000 0.906625 0.052000 0.035331
0 0.618500 0.395268 0.053000 0.034700
0 0.203000 0.169401 0.052000 0.034700
0 0.156000 0.849527 0.052000 0.037224
0 0.269500 0.679495 0.053000 0.036593