1 0.502500 0.160883 0.879000 0.179180
1 0.911000 0.278864 0.062000 0.056782
1 0.471500 0.278864 0.817000 0.056782
1 0.684500 0.335647 0.515000 0.056782
1 0.245000 0.335647 0.364000 0.056782
1 0.598500 0.390221 0.687000 0.052366
1 0.159000 0.390221 0.192000 0.052366
1 0.502500 0.446372 0.879000 0.059937
1 0.502500 0.503470 0.879000 0.054259
1 0.502500 0.561199 0.879000 0.061199
1 0.502500 0.675710 0.879000 0.167823
1 0.851000 0.788644 0.182000 0.058044
1 0.411500 0.788644 0.697000 0.058044
1 0.749500 0.845426 0.385000 0.055521
1 0.502500 0.903155 0.879000 0.059937
1 0.310000 0.845426 0.494000 0.055521
0 0.783500 0.794953 0.049000 0.034069
0 0.582000 0.852050 0.050000 0.035962
0 0.907000 0.282019 0.050000 0.034069
0 0.452000 0.340379 0.050000 0.035962
0 0.099500 0.453312 0.049000 0.035962
0 0.281000 0.395899 0.052000 0.033438
0 0.106000 0.908833 0.050000 0.034700
0 0.102000 0.567192 0.050000 0.035331
0 0.099000 0.510726 0.048000 0.034700