1 0.498000 0.188959 0.878000 0.235331
1 0.697500 0.332808 0.479000 0.052366
1 0.258500 0.332808 0.399000 0.052366
1 0.549500 0.500946 0.775000 0.056782
1 0.498000 0.415773 0.878000 0.113565
1 0.110500 0.500946 0.103000 0.056782
1 0.498000 0.587697 0.878000 0.116719
1 0.498000 0.762776 0.878000 0.105994
1 0.906000 0.843533 0.062000 0.055521
1 0.498000 0.902208 0.878000 0.061830
1 0.467000 0.843533 0.816000 0.055521
0 0.095500 0.621136 0.049000 0.032177
0 0.903500 0.848265 0.047000 0.034700
0 0.482500 0.335647 0.049000 0.034069
0 0.093500 0.903470 0.051000 0.035331
0 0.190000 0.507256 0.048000 0.032808