1 0.502500 0.100000 0.879000 0.057413
1 0.756000 0.158044 0.372000 0.058675
1 0.316500 0.158044 0.507000 0.058675
1 0.591000 0.216404 0.702000 0.058044
1 0.502500 0.274763 0.879000 0.058675
1 0.584000 0.332177 0.716000 0.056151
1 0.151500 0.216404 0.177000 0.058044
1 0.611500 0.503155 0.661000 0.057413
1 0.502500 0.417350 0.879000 0.114196
1 0.144500 0.332177 0.163000 0.056151
1 0.502500 0.617981 0.879000 0.172240
1 0.172000 0.503155 0.218000 0.057413
1 0.693000 0.848896 0.498000 0.058675
1 0.502500 0.761830 0.879000 0.115457
1 0.502500 0.906625 0.879000 0.056782
1 0.253500 0.848896 0.381000 0.058675
0 0.472500 0.852997 0.053000 0.036593
0 0.266500 0.219243 0.053000 0.035962
0 0.305000 0.506309 0.046000 0.032177
0 0.255500 0.335331 0.053000 0.037224
0 0.099000 0.678233 0.052000 0.036593
0 0.596500 0.159621 0.053000 0.037855
0 0.096500 0.907886 0.053000 0.036593