1 0.767500 0.160883 0.339000 0.059306
1 0.498000 0.101262 0.878000 0.059937
1 0.422500 0.160883 0.351000 0.059306
1 0.862500 0.218927 0.149000 0.056782
1 0.153000 0.160883 0.188000 0.059306
1 0.633000 0.218927 0.310000 0.056782
1 0.906000 0.276972 0.062000 0.059306
1 0.268500 0.218927 0.419000 0.056782
1 0.569000 0.276972 0.612000 0.059306
1 0.161000 0.276972 0.204000 0.059306
1 0.765000 0.335647 0.344000 0.058044
1 0.356000 0.335647 0.474000 0.058044
1 0.775500 0.393375 0.323000 0.057413
1 0.089000 0.335647 0.060000 0.058044
1 0.434500 0.393375 0.359000 0.057413
1 0.157000 0.393375 0.196000 0.057413
1 0.907500 0.448265 0.059000 0.052366
1 0.722500 0.448265 0.311000 0.052366
1 0.408000 0.448265 0.318000 0.052366
1 0.154000 0.448265 0.190000 0.052366
1 0.837000 0.503470 0.200000 0.058044
1 0.586000 0.503470 0.302000 0.058044
1 0.247000 0.503470 0.376000 0.058044
1 0.730500 0.563091 0.413000 0.061199
1 0.291500 0.563091 0.465000 0.061199
1 0.498000 0.621451 0.878000 0.055521
1 0.498000 0.738486 0.878000 0.048580
1 0.783000 0.790852 0.308000 0.056151
1 0.344000 0.790852 0.570000 0.056151
1 0.671500 0.847950 0.531000 0.058044
1 0.845500 0.907886 0.183000 0.061830
1 0.232500 0.847950 0.347000 0.058044
1 0.651500 0.907886 0.205000 0.061830
1 0.304000 0.907886 0.490000 0.061830
0 0.503500 0.218927 0.051000 0.035331
0 0.094000 0.793060 0.052000 0.036593
0 0.091000 0.615142 0.054000 0.037855
0 0.282500 0.389590 0.049000 0.035962
0 0.145500 0.331546 0.051000 0.034700
0 0.593500 0.445110 0.051000 0.037224
0 0.764000 0.501893 0.052000 0.037224
0 0.551500 0.560252 0.053000 0.037855
0 0.290000 0.273817 0.050000 0.036593
0 0.459000 0.503785 0.052000 0.037224
0 0.639000 0.388328 0.052000 0.037224
0 0.814000 0.218612 0.050000 0.034700
0 0.654500 0.793375 0.053000 0.035962
0 0.902000 0.446372 0.052000 0.035962
0 0.618000 0.331546 0.050000 0.034700
0 0.095000 0.907886 0.054000 0.036593
0 0.093500 0.560883 0.053000 0.036593
0 0.623000 0.160883 0.050000 0.036593
0 0.092000 0.505678 0.052000 0.037224
0 0.273000 0.161514 0.052000 0.036593
0 0.900500 0.273186 0.051000 0.036593
0 0.274500 0.445110 0.051000 0.035962
0 0.430500 0.849527 0.051000 0.037224
0 0.778000 0.911041 0.050000 0.036593
0 0.574500 0.908517 0.049000 0.035331