1 0.503000 0.103470 0.878000 0.063091
1 0.652000 0.163091 0.580000 0.056151
1 0.213000 0.163091 0.298000 0.056151
1 0.503000 0.218297 0.878000 0.054259
1 0.503000 0.276025 0.878000 0.061199
1 0.503000 0.334385 0.878000 0.055521
1 0.912500 0.390536 0.059000 0.056782
1 0.609500 0.390536 0.547000 0.056782
1 0.200000 0.390536 0.272000 0.056782
1 0.503000 0.449527 0.878000 0.061199
1 0.584000 0.505994 0.716000 0.051735
1 0.145000 0.505994 0.162000 0.051735
1 0.503000 0.560568 0.878000 0.057413
1 0.850000 0.617666 0.184000 0.056782
1 0.411000 0.617666 0.694000 0.056782
1 0.503000 0.675394 0.878000 0.058675
1 0.503000 0.732492 0.878000 0.055521
1 0.557000 0.787382 0.770000 0.054259
1 0.118000 0.787382 0.108000 0.054259
1 0.503000 0.843218 0.878000 0.057413
1 0.503000 0.904101 0.878000 0.064353
0 0.387000 0.167192 0.050000 0.035331
0 0.360500 0.394953 0.049000 0.032808
0 0.909500 0.395899 0.051000 0.033438
0 0.196500 0.792429 0.049000 0.032808
0 0.251000 0.508202 0.048000 0.033438
0 0.096000 0.278864 0.050000 0.035331
0 0.096500 0.223344 0.051000 0.034069
0 0.097000 0.676341 0.052000 0.035331
0 0.783000 0.623659 0.048000 0.034700
0 0.095500 0.904416 0.051000 0.034700
0 0.094500 0.848896 0.049000 0.034700