1 0.498500 0.129653 0.879000 0.116719
1 0.670500 0.275079 0.535000 0.059306
1 0.498500 0.216719 0.879000 0.057413
1 0.710000 0.333123 0.456000 0.056782
1 0.231000 0.275079 0.344000 0.059306
1 0.741000 0.389590 0.394000 0.056151
1 0.270500 0.333123 0.423000 0.056782
1 0.903500 0.443849 0.069000 0.052366
1 0.301500 0.389590 0.485000 0.056151
1 0.498500 0.443849 0.741000 0.052366
1 0.498500 0.498738 0.879000 0.057413
1 0.093500 0.443849 0.069000 0.052366
1 0.549000 0.557729 0.778000 0.060568
1 0.533000 0.614196 0.810000 0.052366
1 0.109500 0.557729 0.101000 0.060568
1 0.498500 0.697792 0.879000 0.114826
1 0.551000 0.782650 0.774000 0.054890
1 0.093500 0.614196 0.069000 0.052366
1 0.111500 0.782650 0.105000 0.054890
1 0.498500 0.869401 0.879000 0.118612
0 0.429000 0.279811 0.050000 0.037224
0 0.192500 0.787066 0.051000 0.037224
0 0.572000 0.392744 0.050000 0.035962
0 0.506500 0.336909 0.047000 0.036593
0 0.894000 0.449842 0.052000 0.036593
0 0.155000 0.617350 0.052000 0.037224
0 0.156000 0.448896 0.050000 0.035962
0 0.184500 0.560252 0.051000 0.036593
0 0.102500 0.899054 0.053000 0.037855
0 0.105500 0.505047 0.053000 0.034700
0 0.097500 0.165615 0.051000 0.035962