1 0.502500 0.103785 0.879000 0.063722
1 0.781500 0.164353 0.321000 0.057413
1 0.342000 0.164353 0.558000 0.057413
1 0.824000 0.222082 0.236000 0.058044
1 0.384500 0.222082 0.643000 0.058044
1 0.808000 0.278233 0.268000 0.054259
1 0.368500 0.278233 0.611000 0.054259
1 0.667000 0.333123 0.550000 0.055521
1 0.227500 0.333123 0.329000 0.055521
1 0.661500 0.390536 0.561000 0.059306
1 0.222000 0.390536 0.318000 0.059306
1 0.766000 0.447003 0.352000 0.053628
1 0.801500 0.503785 0.281000 0.059937
1 0.326500 0.447003 0.527000 0.053628
1 0.362000 0.503785 0.598000 0.059937
1 0.830500 0.562145 0.223000 0.056782
1 0.391000 0.562145 0.656000 0.056782
1 0.502500 0.618927 0.879000 0.056782
1 0.502500 0.674132 0.879000 0.053628
1 0.502500 0.756782 0.879000 0.111672
1 0.743500 0.841956 0.397000 0.058675
1 0.502500 0.902524 0.879000 0.062461
1 0.304000 0.841956 0.482000 0.058675
0 0.698500 0.282965 0.049000 0.033438
0 0.407000 0.395584 0.048000 0.032808
0 0.742500 0.565931 0.047000 0.034069
0 0.731000 0.225868 0.050000 0.035331
0 0.418000 0.337539 0.048000 0.034069
0 0.685500 0.509779 0.051000 0.034069
0 0.616000 0.451735 0.048000 0.034069
0 0.571000 0.849211 0.052000 0.034069
0 0.108500 0.904732 0.051000 0.034069
0 0.646000 0.169085 0.048000 0.032808
0 0.105500 0.620505 0.049000 0.032177
0 0.105500 0.677287 0.047000 0.034700