1 0.823000 0.214826 0.236000 0.059937
1 0.502000 0.128391 0.878000 0.112934
1 0.384000 0.214826 0.642000 0.059937
1 0.502000 0.301577 0.878000 0.113565
1 0.596000 0.387066 0.690000 0.057413
1 0.157000 0.387066 0.188000 0.057413
1 0.909500 0.503155 0.063000 0.059937
1 0.502000 0.444479 0.878000 0.057413
1 0.531500 0.503155 0.693000 0.059937
1 0.124000 0.503155 0.122000 0.059937
1 0.502000 0.560883 0.878000 0.055521
1 0.809500 0.617035 0.263000 0.056782
1 0.370500 0.617035 0.615000 0.056782
1 0.502000 0.675079 0.878000 0.059306
1 0.826000 0.731861 0.230000 0.054259
1 0.387000 0.731861 0.648000 0.054259
1 0.596500 0.789590 0.689000 0.061199
1 0.502000 0.877603 0.878000 0.114826
1 0.157500 0.789590 0.189000 0.061199
0 0.278500 0.791483 0.051000 0.037224
0 0.277000 0.389590 0.050000 0.037224
0 0.210000 0.505047 0.048000 0.037224
0 0.903500 0.502839 0.049000 0.036593
0 0.731500 0.217981 0.053000 0.037224
0 0.702500 0.620820 0.049000 0.036593
0 0.098500 0.907256 0.051000 0.036593
0 0.737000 0.736593 0.050000 0.037224