1 0.662500 0.103785 0.551000 0.064984
1 0.223000 0.103785 0.328000 0.064984
1 0.857000 0.164984 0.162000 0.057413
1 0.522000 0.164984 0.508000 0.057413
1 0.849000 0.221451 0.178000 0.055521
1 0.163500 0.164984 0.209000 0.057413
1 0.557500 0.221451 0.405000 0.055521
1 0.207000 0.221451 0.296000 0.055521
1 0.857000 0.277918 0.162000 0.057413
1 0.589500 0.277918 0.373000 0.057413
1 0.906500 0.334069 0.063000 0.054890
1 0.231000 0.277918 0.344000 0.057413
1 0.647500 0.334069 0.455000 0.054890
1 0.239500 0.334069 0.361000 0.054890
1 0.817000 0.390536 0.242000 0.058044
1 0.488500 0.390536 0.415000 0.058044
1 0.170000 0.390536 0.222000 0.058044
1 0.847500 0.449211 0.181000 0.059306
1 0.543500 0.449211 0.427000 0.059306
1 0.194500 0.449211 0.271000 0.059306
1 0.816000 0.507256 0.244000 0.056782
1 0.489000 0.507256 0.410000 0.056782
1 0.824500 0.562776 0.227000 0.054259
1 0.171500 0.507256 0.225000 0.056782
1 0.555500 0.562776 0.311000 0.054259
1 0.263500 0.562776 0.273000 0.054259
1 0.687000 0.619558 0.502000 0.059306
1 0.093000 0.562776 0.068000 0.054259
1 0.247500 0.619558 0.377000 0.059306
1 0.778000 0.676972 0.320000 0.055521
1 0.393500 0.676972 0.449000 0.055521
1 0.771000 0.733754 0.334000 0.058044
1 0.114000 0.676972 0.110000 0.055521
1 0.331500 0.733754 0.545000 0.058044
1 0.769000 0.791167 0.338000 0.056782
1 0.431500 0.791167 0.337000 0.056782
1 0.161000 0.791167 0.204000 0.056782
1 0.590500 0.848896 0.695000 0.058675
1 0.151000 0.848896 0.184000 0.058675
1 0.823500 0.908517 0.229000 0.060568
1 0.384000 0.908517 0.650000 0.060568
0 0.295000 0.169401 0.050000 0.034700
0 0.150500 0.568770 0.049000 0.033438
0 0.800000 0.282334 0.048000 0.033438
0 0.309500 0.511356 0.049000 0.034700
0 0.304500 0.395899 0.049000 0.033438
0 0.803000 0.167823 0.050000 0.032808
0 0.424000 0.567823 0.048000 0.032808
0 0.899500 0.338486 0.049000 0.035962
0 0.196500 0.682334 0.049000 0.033438
0 0.736000 0.566246 0.050000 0.035962
0 0.381500 0.224921 0.049000 0.034700
0 0.444000 0.338801 0.048000 0.035331
0 0.355000 0.453312 0.050000 0.035962
0 0.642500 0.681073 0.049000 0.033438
0 0.411500 0.110726 0.049000 0.034700
0 0.462000 0.624290 0.048000 0.033438
0 0.287000 0.797161 0.048000 0.033438
0 0.720500 0.510095 0.047000 0.033438
0 0.426500 0.282334 0.047000 0.033438
0 0.624000 0.795268 0.048000 0.033438
0 0.095500 0.739432 0.049000 0.034069
0 0.756000 0.910410 0.050000 0.035331
0 0.781500 0.453312 0.047000 0.034700
0 0.269500 0.853943 0.049000 0.034700
0 0.720500 0.394637 0.049000 0.033438
0 0.628000 0.738170 0.046000 0.035331
0 0.784000 0.223659 0.048000 0.034700
0 0.106500 0.911356 0.047000 0.034700