1 0.502000 0.158044 0.878000 0.172240
1 0.812500 0.272555 0.257000 0.056782
1 0.909500 0.386751 0.063000 0.055521
1 0.373500 0.272555 0.621000 0.056782
1 0.502000 0.329968 0.878000 0.058044
1 0.638500 0.444479 0.605000 0.059937
1 0.470500 0.386751 0.815000 0.055521
1 0.502000 0.503470 0.878000 0.058044
1 0.199500 0.444479 0.273000 0.059937
1 0.814000 0.559621 0.254000 0.054259
1 0.821000 0.615142 0.240000 0.056782
1 0.375000 0.559621 0.624000 0.054259
1 0.382000 0.615142 0.638000 0.056782
1 0.911000 0.671609 0.060000 0.056151
1 0.472000 0.671609 0.818000 0.056151
1 0.644500 0.785489 0.593000 0.058044
1 0.502000 0.728076 0.878000 0.056782
1 0.205500 0.785489 0.285000 0.058044
1 0.502000 0.873502 0.878000 0.117981
0 0.904500 0.390221 0.051000 0.035962
0 0.372000 0.788959 0.050000 0.034700
0 0.712000 0.276656 0.050000 0.035962
0 0.906500 0.674763 0.049000 0.035962
0 0.712000 0.562776 0.048000 0.034069
0 0.359000 0.446372 0.050000 0.034700
0 0.725500 0.618927 0.049000 0.034069
0 0.099500 0.900946 0.049000 0.035331