1 0.813500 0.217350 0.247000 0.056151
1 0.498000 0.130284 0.878000 0.117981
1 0.606500 0.274132 0.661000 0.057413
1 0.374500 0.217350 0.631000 0.056151
1 0.781000 0.330915 0.312000 0.056151
1 0.167500 0.274132 0.217000 0.057413
1 0.907500 0.445426 0.059000 0.063091
1 0.498000 0.386435 0.878000 0.054890
1 0.342000 0.330915 0.566000 0.056151
1 0.820500 0.503470 0.233000 0.052997
1 0.468500 0.445426 0.819000 0.063091
1 0.813000 0.613565 0.248000 0.056151
1 0.498000 0.557729 0.878000 0.055521
1 0.381500 0.503470 0.645000 0.052997
1 0.814000 0.729022 0.246000 0.056151
1 0.498000 0.671293 0.878000 0.059306
1 0.374000 0.613565 0.630000 0.056151
1 0.375000 0.729022 0.632000 0.056151
1 0.498000 0.846688 0.878000 0.179180
0 0.731000 0.506625 0.050000 0.032808
0 0.301500 0.277918 0.051000 0.034700
0 0.716500 0.733123 0.049000 0.034069
0 0.713000 0.619243 0.050000 0.033438
0 0.653000 0.335647 0.050000 0.034069
0 0.903500 0.449211 0.049000 0.032808
0 0.716500 0.221451 0.051000 0.034069
0 0.093000 0.903470 0.050000 0.036593