1 0.498000 0.101577 0.878000 0.059306
1 0.748000 0.160883 0.378000 0.059306
1 0.309000 0.160883 0.500000 0.059306
1 0.860000 0.277287 0.154000 0.059937
1 0.498000 0.218927 0.878000 0.056782
1 0.462500 0.277287 0.641000 0.059937
1 0.100500 0.277287 0.083000 0.059937
1 0.498000 0.335962 0.878000 0.057413
1 0.636000 0.393691 0.602000 0.058044
1 0.197000 0.393691 0.276000 0.058044
1 0.498000 0.477603 0.878000 0.109779
1 0.588500 0.563091 0.697000 0.061199
1 0.149500 0.563091 0.181000 0.061199
1 0.498000 0.619874 0.878000 0.052366
1 0.720500 0.676656 0.433000 0.061199
1 0.751000 0.735016 0.372000 0.055521
1 0.281500 0.676656 0.445000 0.061199
1 0.312000 0.735016 0.506000 0.055521
1 0.714500 0.790852 0.445000 0.056151
1 0.498000 0.878864 0.878000 0.119874
1 0.275500 0.790852 0.433000 0.056151
0 0.810000 0.280442 0.052000 0.037224
0 0.584500 0.164353 0.051000 0.037224
0 0.385500 0.390536 0.051000 0.036593
0 0.517500 0.792744 0.053000 0.037224
0 0.529500 0.679811 0.051000 0.037224
0 0.265500 0.565300 0.051000 0.036593
0 0.593500 0.736278 0.053000 0.036593
0 0.165000 0.278233 0.052000 0.037855
0 0.107000 0.907886 0.052000 0.036593