1 0.573500 0.164038 0.729000 0.055521
1 0.499000 0.103785 0.878000 0.064984
1 0.134500 0.164038 0.149000 0.055521
1 0.499000 0.220820 0.878000 0.058044
1 0.738500 0.277918 0.399000 0.056151
1 0.499000 0.333754 0.878000 0.055521
1 0.299500 0.277918 0.479000 0.056151
1 0.645000 0.392429 0.586000 0.061830
1 0.206000 0.392429 0.292000 0.061830
1 0.499000 0.449527 0.878000 0.052366
1 0.575500 0.505047 0.725000 0.058675
1 0.136500 0.505047 0.153000 0.058675
1 0.499000 0.563722 0.878000 0.058675
1 0.600500 0.619558 0.675000 0.052997
1 0.161500 0.619558 0.203000 0.052997
1 0.531000 0.674763 0.814000 0.057413
1 0.092000 0.674763 0.064000 0.057413
1 0.499000 0.731861 0.878000 0.056782
1 0.625000 0.787697 0.626000 0.054890
1 0.650500 0.844479 0.575000 0.058675
1 0.186000 0.787697 0.252000 0.054890
1 0.499000 0.904101 0.878000 0.060568
1 0.211500 0.844479 0.303000 0.058675
0 0.564500 0.283281 0.047000 0.032808
0 0.234500 0.169401 0.049000 0.033438
0 0.389000 0.852366 0.048000 0.034069
0 0.339000 0.794953 0.048000 0.034069
0 0.148500 0.681703 0.049000 0.033438
0 0.289000 0.624606 0.048000 0.035331
0 0.401000 0.397476 0.050000 0.034069
0 0.239500 0.511356 0.047000 0.033438
0 0.092000 0.907886 0.048000 0.032808