1 0.777500 0.164669 0.321000 0.056782
1 0.498500 0.104101 0.879000 0.064353
1 0.753000 0.334700 0.370000 0.057413
1 0.498500 0.249527 0.879000 0.112934
1 0.338000 0.164669 0.558000 0.056782
1 0.833000 0.449842 0.210000 0.056782
1 0.498500 0.392429 0.879000 0.058044
1 0.313500 0.334700 0.509000 0.057413
1 0.548000 0.504732 0.780000 0.052997
1 0.393500 0.449842 0.669000 0.056782
1 0.498500 0.560883 0.879000 0.059306
1 0.108500 0.504732 0.099000 0.052997
1 0.836000 0.618927 0.204000 0.056782
1 0.703500 0.676656 0.469000 0.058675
1 0.396500 0.618927 0.675000 0.056782
1 0.264000 0.676656 0.410000 0.058675
1 0.729500 0.734069 0.417000 0.056151
1 0.774500 0.790536 0.327000 0.056782
1 0.290000 0.734069 0.462000 0.056151
1 0.335000 0.790536 0.552000 0.056782
1 0.724000 0.846057 0.428000 0.054259
1 0.284500 0.846057 0.451000 0.054259
1 0.498500 0.904732 0.879000 0.063091
0 0.544500 0.738801 0.047000 0.034069
0 0.492500 0.681703 0.049000 0.033438
0 0.534500 0.852366 0.051000 0.036593
0 0.636500 0.795584 0.049000 0.034069
0 0.752000 0.454574 0.050000 0.035962
0 0.592000 0.339748 0.050000 0.035962
0 0.641500 0.169401 0.047000 0.033438
0 0.104000 0.908833 0.050000 0.033438
0 0.761000 0.623659 0.050000 0.034700
0 0.182500 0.511356 0.049000 0.034700