1 0.502500 0.130284 0.879000 0.117981
1 0.586000 0.217666 0.712000 0.056782
1 0.146500 0.217666 0.167000 0.056782
1 0.502500 0.333123 0.879000 0.174132
1 0.648000 0.446372 0.588000 0.052366
1 0.208500 0.446372 0.291000 0.052366
1 0.502500 0.501577 0.879000 0.058044
1 0.604500 0.560883 0.675000 0.060568
1 0.165000 0.560883 0.204000 0.060568
1 0.577500 0.617350 0.729000 0.052366
1 0.138000 0.617350 0.150000 0.052366
1 0.502500 0.674132 0.879000 0.061199
1 0.724500 0.731861 0.435000 0.054259
1 0.502500 0.846688 0.879000 0.175394
1 0.285000 0.731861 0.444000 0.054259
0 0.294000 0.564669 0.052000 0.037855
0 0.240500 0.622397 0.051000 0.037224
0 0.256500 0.221136 0.053000 0.035962
0 0.382500 0.450158 0.053000 0.037224
0 0.535000 0.736909 0.054000 0.036593
0 0.096000 0.906625 0.052000 0.036593