1 0.501500 0.130599 0.877000 0.117350
1 0.545500 0.218612 0.789000 0.058675
1 0.107000 0.218612 0.088000 0.058675
1 0.501500 0.277287 0.877000 0.058675
1 0.598500 0.333754 0.683000 0.054259
1 0.571500 0.389590 0.737000 0.057413
1 0.160000 0.333754 0.194000 0.054259
1 0.501500 0.476341 0.877000 0.116088
1 0.749000 0.561514 0.382000 0.054259
1 0.133000 0.389590 0.140000 0.057413
1 0.540500 0.618612 0.799000 0.059937
1 0.310500 0.561514 0.495000 0.054259
1 0.501500 0.675710 0.877000 0.054259
1 0.556000 0.732492 0.768000 0.059306
1 0.102000 0.618612 0.078000 0.059937
1 0.117500 0.732492 0.109000 0.059306
1 0.501500 0.789590 0.877000 0.054890
1 0.548000 0.847003 0.784000 0.059937
1 0.501500 0.907886 0.877000 0.061830
1 0.109500 0.847003 0.093000 0.059937
0 0.280500 0.338801 0.047000 0.034069
0 0.227000 0.395899 0.048000 0.032177
0 0.196000 0.737855 0.046000 0.033438
0 0.581500 0.567823 0.047000 0.031546
0 0.164000 0.623344 0.048000 0.034069
0 0.180000 0.849842 0.046000 0.032808
0 0.094500 0.907571 0.049000 0.033438
0 0.175000 0.224290 0.046000 0.033438