1 0.909500 0.164353 0.063000 0.054890
1 0.502000 0.104416 0.878000 0.064984
1 0.740000 0.219243 0.402000 0.054890
1 0.470500 0.164353 0.815000 0.054890
1 0.301000 0.219243 0.476000 0.054890
1 0.788500 0.276025 0.305000 0.058675
1 0.349500 0.276025 0.573000 0.058675
1 0.529500 0.331546 0.823000 0.052366
1 0.614500 0.445426 0.653000 0.054259
1 0.502000 0.388013 0.878000 0.060568
1 0.090500 0.331546 0.055000 0.052366
1 0.502000 0.556467 0.878000 0.167823
1 0.175500 0.445426 0.225000 0.054259
1 0.502000 0.698423 0.878000 0.116088
1 0.821000 0.783912 0.240000 0.054890
1 0.382000 0.783912 0.638000 0.054890
1 0.502000 0.871609 0.878000 0.120505
0 0.661500 0.280126 0.049000 0.032808
0 0.143000 0.335647 0.050000 0.034069
0 0.727500 0.789905 0.049000 0.035331
0 0.905000 0.169085 0.050000 0.034069
0 0.312500 0.450158 0.049000 0.034700
0 0.563000 0.223659 0.050000 0.034700
0 0.101000 0.899685 0.050000 0.035331
0 0.099000 0.616088 0.050000 0.034700