1 0.907500 0.276972 0.065000 0.058044
1 0.501500 0.159306 0.877000 0.177287
1 0.469000 0.276972 0.812000 0.058044
1 0.501500 0.334700 0.877000 0.057413
1 0.501500 0.391167 0.877000 0.055521
1 0.665000 0.447003 0.550000 0.056151
1 0.501500 0.504101 0.877000 0.058044
1 0.226500 0.447003 0.327000 0.056151
1 0.839500 0.561514 0.201000 0.056782
1 0.401000 0.561514 0.676000 0.056782
1 0.621000 0.618927 0.638000 0.058044
1 0.646500 0.734385 0.587000 0.058044
1 0.182500 0.618927 0.239000 0.058044
1 0.501500 0.676656 0.877000 0.057413
1 0.208000 0.734385 0.290000 0.058044
1 0.909000 0.849211 0.062000 0.056782
1 0.501500 0.792114 0.877000 0.057413
1 0.501500 0.908202 0.877000 0.061199
1 0.470500 0.849211 0.815000 0.056782
0 0.381500 0.737224 0.053000 0.037224
0 0.326500 0.621451 0.047000 0.031546
0 0.100000 0.334700 0.054000 0.035962
0 0.763000 0.566246 0.050000 0.037224
0 0.902500 0.852050 0.053000 0.038486
0 0.903000 0.279180 0.054000 0.035962
0 0.415500 0.452050 0.049000 0.034700
0 0.099000 0.903785 0.052000 0.037224