1 0.640500 0.101262 0.603000 0.059937
1 0.201000 0.101262 0.276000 0.059937
1 0.912000 0.160883 0.060000 0.059306
1 0.676500 0.160883 0.411000 0.059306
1 0.312500 0.160883 0.317000 0.059306
1 0.793500 0.218927 0.297000 0.056782
1 0.108500 0.160883 0.091000 0.059306
1 0.443500 0.218927 0.403000 0.056782
1 0.152500 0.218927 0.179000 0.056782
1 0.871000 0.276972 0.142000 0.059306
1 0.907500 0.335647 0.069000 0.058044
1 0.431500 0.276972 0.737000 0.059306
1 0.704500 0.335647 0.337000 0.058044
1 0.384500 0.335647 0.303000 0.058044
1 0.148000 0.335647 0.170000 0.058044
1 0.807500 0.393375 0.269000 0.057413
1 0.461000 0.393375 0.424000 0.057413
1 0.156000 0.393375 0.186000 0.057413
1 0.908000 0.448265 0.068000 0.052366
1 0.606500 0.448265 0.535000 0.052366
1 0.201000 0.448265 0.276000 0.052366
1 0.820000 0.503470 0.244000 0.058044
1 0.502000 0.503470 0.392000 0.058044
1 0.184500 0.503470 0.243000 0.058044
1 0.823500 0.557729 0.237000 0.050473
1 0.384000 0.557729 0.642000 0.050473
1 0.502500 0.677603 0.879000 0.059306
1 0.708000 0.735016 0.468000 0.055521
1 0.268500 0.735016 0.411000 0.055521
1 0.814000 0.790852 0.256000 0.056151
1 0.374500 0.790852 0.623000 0.056151
1 0.657500 0.847950 0.569000 0.058044
1 0.218000 0.847950 0.310000 0.058044
1 0.861500 0.907886 0.161000 0.061830
1 0.422000 0.907886 0.718000 0.061830
0 0.109500 0.902524 0.053000 0.037224
0 0.699000 0.391798 0.054000 0.036593
0 0.825000 0.278864 0.050000 0.037855
0 0.561000 0.334700 0.052000 0.035962
0 0.275000 0.390852 0.054000 0.037224
0 0.902000 0.449211 0.054000 0.036593
0 0.265500 0.220189 0.051000 0.035331
0 0.367500 0.446688 0.051000 0.035331
0 0.102500 0.789590 0.051000 0.035962
0 0.499000 0.731861 0.050000 0.035331
0 0.899000 0.336278 0.052000 0.036593
0 0.807500 0.904732 0.051000 0.037855
0 0.259000 0.335331 0.052000 0.035962
0 0.285000 0.559937 0.054000 0.035962
0 0.497000 0.164038 0.050000 0.036593
0 0.330500 0.504416 0.049000 0.037224
0 0.401000 0.848265 0.052000 0.037224
0 0.908500 0.164669 0.051000 0.037855
0 0.712500 0.791167 0.051000 0.036593
0 0.724000 0.505363 0.052000 0.036593
0 0.731500 0.560568 0.053000 0.035962
0 0.180500 0.163722 0.051000 0.035962
0 0.670000 0.222082 0.054000 0.036593
0 0.364500 0.105994 0.051000 0.035331