1 0.905500 0.167823 0.065000 0.054259
1 0.498500 0.106309 0.879000 0.068770
1 0.845000 0.222397 0.186000 0.054890
1 0.466000 0.167823 0.814000 0.054259
1 0.498500 0.279180 0.879000 0.058675
1 0.405500 0.222397 0.693000 0.054890
1 0.617000 0.335647 0.642000 0.054259
1 0.574000 0.560568 0.728000 0.051104
1 0.498500 0.448896 0.879000 0.172240
1 0.177500 0.335647 0.237000 0.054259
1 0.793500 0.674448 0.289000 0.056782
1 0.498500 0.616088 0.879000 0.059937
1 0.134500 0.560568 0.151000 0.051104
1 0.908500 0.730599 0.059000 0.055521
1 0.354000 0.674448 0.590000 0.056782
1 0.586000 0.730599 0.586000 0.055521
1 0.906500 0.844164 0.063000 0.051735
1 0.498500 0.788328 0.879000 0.059937
1 0.176000 0.730599 0.234000 0.055521
1 0.550000 0.844164 0.650000 0.051735
1 0.142000 0.844164 0.166000 0.051735
1 0.498500 0.902524 0.879000 0.064984
0 0.323500 0.337539 0.051000 0.035331
0 0.777500 0.225868 0.049000 0.035331
0 0.235500 0.565615 0.049000 0.034700
0 0.904500 0.735331 0.049000 0.034700
0 0.318500 0.735331 0.051000 0.034700
0 0.898500 0.169085 0.047000 0.032808
0 0.902000 0.848896 0.048000 0.035962
0 0.674500 0.678864 0.047000 0.035331
0 0.250000 0.847634 0.048000 0.033438
0 0.097000 0.902839 0.048000 0.035331