1 0.502000 0.100946 0.878000 0.059306
1 0.591500 0.158675 0.699000 0.056151
1 0.502000 0.243218 0.878000 0.112934
1 0.152500 0.158675 0.179000 0.056151
1 0.909500 0.386120 0.063000 0.060568
1 0.502000 0.327760 0.878000 0.056151
1 0.470500 0.386120 0.815000 0.060568
1 0.748000 0.446372 0.386000 0.059937
1 0.309000 0.446372 0.492000 0.059937
1 0.668500 0.502839 0.545000 0.052997
1 0.229500 0.502839 0.333000 0.052997
1 0.502000 0.557729 0.878000 0.056782
1 0.911000 0.614826 0.060000 0.057413
1 0.472000 0.614826 0.818000 0.057413
1 0.911000 0.672240 0.060000 0.057413
1 0.472000 0.672240 0.818000 0.057413
1 0.502000 0.758360 0.878000 0.114826
1 0.629500 0.844795 0.623000 0.058044
1 0.502000 0.905047 0.878000 0.062461
1 0.190500 0.844795 0.255000 0.058044
0 0.905500 0.390536 0.051000 0.036593
0 0.102500 0.908833 0.053000 0.035962
0 0.582000 0.449527 0.052000 0.037224
0 0.422000 0.505994 0.052000 0.035331
0 0.367500 0.849527 0.049000 0.037224
0 0.908000 0.621136 0.052000 0.035962
0 0.097000 0.277603 0.052000 0.036593
0 0.907500 0.676972 0.051000 0.036593
0 0.272500 0.161830 0.051000 0.037224