1 0.498500 0.272871 0.879000 0.403155
1 0.498500 0.566246 0.879000 0.049842
1 0.820500 0.617350 0.235000 0.052366
1 0.624000 0.617350 0.158000 0.052366
1 0.440000 0.617350 0.210000 0.052366
1 0.197000 0.617350 0.276000 0.052366
1 0.813000 0.673817 0.250000 0.060568
1 0.518500 0.673817 0.339000 0.060568
1 0.204000 0.673817 0.290000 0.060568
1 0.784500 0.731230 0.307000 0.054259
1 0.452000 0.731230 0.358000 0.054259
1 0.822000 0.786435 0.232000 0.056151
1 0.166000 0.731230 0.214000 0.054259
1 0.500500 0.786435 0.411000 0.056151
1 0.177000 0.786435 0.236000 0.056151
1 0.847500 0.843533 0.181000 0.058044
1 0.633000 0.843533 0.248000 0.058044
1 0.341000 0.843533 0.336000 0.058044
1 0.854000 0.903155 0.168000 0.061199
1 0.116000 0.843533 0.114000 0.058044
1 0.571500 0.903155 0.397000 0.061199
1 0.216000 0.903155 0.314000 0.061199
0 0.655500 0.732492 0.053000 0.036593
0 0.732500 0.789590 0.051000 0.038486
0 0.784500 0.847003 0.051000 0.037224
0 0.360000 0.619243 0.050000 0.034700
0 0.794500 0.906940 0.049000 0.037224
0 0.729500 0.618297 0.051000 0.036593
0 0.322000 0.790536 0.052000 0.037855
0 0.299000 0.733754 0.050000 0.034069
0 0.092500 0.447003 0.051000 0.035962
0 0.375500 0.676025 0.049000 0.035962
0 0.536500 0.847319 0.053000 0.037855
0 0.094000 0.675079 0.052000 0.036593
0 0.200000 0.846688 0.054000 0.036593
0 0.398000 0.906940 0.054000 0.034700
0 0.094000 0.618612 0.056000 0.035962
0 0.093500 0.905363 0.055000 0.036593
0 0.715000 0.675710 0.050000 0.035331
0 0.571000 0.618927 0.052000 0.035331