1 0.498000 0.101262 0.878000 0.059937
1 0.666500 0.160568 0.541000 0.058675
1 0.799000 0.276972 0.276000 0.059306
1 0.227500 0.160568 0.337000 0.058675
1 0.498000 0.218612 0.878000 0.057413
1 0.360000 0.276972 0.602000 0.059306
1 0.583000 0.335647 0.708000 0.058044
1 0.144000 0.335647 0.170000 0.058044
1 0.565000 0.393375 0.744000 0.057413
1 0.126000 0.393375 0.134000 0.057413
1 0.498000 0.477287 0.878000 0.110410
1 0.735000 0.563091 0.404000 0.061199
1 0.296000 0.563091 0.474000 0.061199
1 0.674000 0.619874 0.526000 0.052366
1 0.235000 0.619874 0.352000 0.052366
1 0.498000 0.676656 0.878000 0.061199
1 0.599500 0.735016 0.675000 0.055521
1 0.160500 0.735016 0.203000 0.055521
1 0.498000 0.790852 0.878000 0.056151
1 0.851500 0.845110 0.171000 0.052366
1 0.412500 0.845110 0.707000 0.052366
0 0.219500 0.389905 0.053000 0.037855
0 0.792000 0.845426 0.052000 0.035331
0 0.688500 0.277918 0.053000 0.037224
0 0.422000 0.163407 0.052000 0.036593
0 0.256000 0.333754 0.054000 0.036593
0 0.437500 0.617666 0.051000 0.036593
0 0.288500 0.730915 0.053000 0.035962
0 0.562000 0.561830 0.052000 0.037224
0 0.096500 0.844164 0.051000 0.035331