1 0.637500 0.104732 0.609000 0.066877
1 0.198000 0.104732 0.270000 0.066877
1 0.802500 0.164353 0.279000 0.052366
1 0.914500 0.218297 0.055000 0.055521
1 0.363000 0.164353 0.600000 0.052366
1 0.669500 0.218297 0.435000 0.055521
1 0.701000 0.335016 0.482000 0.056782
1 0.257500 0.218297 0.389000 0.055521
1 0.502500 0.276341 0.879000 0.060568
1 0.502500 0.391798 0.879000 0.056782
1 0.261500 0.335016 0.397000 0.056782
1 0.502500 0.447634 0.879000 0.054890
1 0.821500 0.503470 0.241000 0.056782
1 0.382000 0.503470 0.638000 0.056782
1 0.502500 0.560252 0.879000 0.056782
1 0.502500 0.617981 0.879000 0.058675
1 0.502500 0.675394 0.879000 0.056151
1 0.554500 0.733438 0.775000 0.059937
1 0.115000 0.733438 0.104000 0.059937
1 0.502500 0.849842 0.879000 0.172871
0 0.685500 0.166246 0.047000 0.034700
0 0.910500 0.223344 0.047000 0.034069
0 0.484500 0.337539 0.047000 0.034069
0 0.726500 0.509779 0.047000 0.032808
0 0.106000 0.565300 0.048000 0.034069
0 0.102500 0.394322 0.049000 0.032808
0 0.477500 0.223344 0.049000 0.034069
0 0.357500 0.107571 0.049000 0.034700
0 0.190000 0.738170 0.046000 0.034069
0 0.102500 0.910095 0.049000 0.033438
0 0.101500 0.620820 0.047000 0.032808