1 0.498000 0.103785 0.878000 0.063722
1 0.841500 0.164038 0.191000 0.056782
1 0.498000 0.221767 0.878000 0.058675
1 0.402500 0.164038 0.687000 0.056782
1 0.498000 0.277918 0.878000 0.053628
1 0.498000 0.333438 0.878000 0.057413
1 0.498000 0.419243 0.878000 0.114196
1 0.537000 0.503470 0.800000 0.054259
1 0.498000 0.559306 0.878000 0.057413
1 0.805000 0.616404 0.264000 0.056782
1 0.098000 0.503470 0.078000 0.054259
1 0.366000 0.616404 0.614000 0.056782
1 0.906500 0.674132 0.061000 0.058675
1 0.498000 0.731861 0.878000 0.056782
1 0.856000 0.787697 0.162000 0.054890
1 0.467500 0.674132 0.817000 0.058675
1 0.417000 0.787697 0.716000 0.054890
1 0.677500 0.842587 0.519000 0.054890
1 0.238500 0.842587 0.359000 0.054890
1 0.498000 0.901577 0.878000 0.063091
0 0.697500 0.621767 0.049000 0.034700
0 0.901000 0.679811 0.050000 0.033438
0 0.771000 0.168770 0.048000 0.034700
0 0.442000 0.848580 0.048000 0.035331
0 0.162000 0.507256 0.050000 0.032808
0 0.092500 0.902839 0.049000 0.035331
0 0.799000 0.793375 0.048000 0.033438
0 0.091000 0.279180 0.052000 0.034700
0 0.089000 0.222713 0.050000 0.034069
0 0.092500 0.335962 0.051000 0.034700