1 0.498000 0.130284 0.878000 0.117981
1 0.498000 0.247319 0.878000 0.116088
1 0.906000 0.333754 0.062000 0.056782
1 0.805000 0.390536 0.264000 0.056782
1 0.467000 0.333754 0.816000 0.056782
1 0.366000 0.390536 0.614000 0.056782
1 0.740500 0.445110 0.393000 0.052366
1 0.301500 0.445110 0.485000 0.052366
1 0.498000 0.530284 0.878000 0.117981
1 0.803000 0.671924 0.268000 0.060568
1 0.498000 0.615457 0.878000 0.052366
1 0.654500 0.729338 0.565000 0.054259
1 0.364000 0.671924 0.610000 0.060568
1 0.215500 0.729338 0.313000 0.054259
1 0.903500 0.840694 0.067000 0.058675
1 0.498000 0.783912 0.878000 0.054890
1 0.498000 0.900631 0.878000 0.061199
1 0.464500 0.840694 0.811000 0.058675
0 0.397000 0.732808 0.052000 0.035962
0 0.698000 0.394637 0.050000 0.034700
0 0.896500 0.847003 0.051000 0.034700
0 0.695500 0.676025 0.051000 0.035962
0 0.901000 0.338486 0.052000 0.037224
0 0.591500 0.451420 0.047000 0.034700
0 0.094500 0.167192 0.053000 0.035331
0 0.105000 0.564984 0.050000 0.035962
0 0.101000 0.903470 0.052000 0.037855