1 0.502500 0.213249 0.879000 0.283912
1 0.598500 0.384543 0.687000 0.058675
1 0.665500 0.443849 0.553000 0.059937
1 0.159000 0.384543 0.192000 0.058675
1 0.502500 0.500631 0.879000 0.053628
1 0.226000 0.443849 0.326000 0.059937
1 0.565000 0.556782 0.754000 0.058675
1 0.125500 0.556782 0.125000 0.058675
1 0.756000 0.785174 0.372000 0.057413
1 0.502500 0.671293 0.879000 0.170347
1 0.316500 0.785174 0.507000 0.057413
1 0.502500 0.842587 0.879000 0.057413
0 0.104500 0.333438 0.051000 0.034700
0 0.598000 0.790221 0.052000 0.037224
0 0.100500 0.844795 0.053000 0.034069
0 0.281000 0.391483 0.052000 0.035962
0 0.211000 0.564038 0.048000 0.034069
0 0.414000 0.448896 0.052000 0.034700