1 0.840500 0.165300 0.195000 0.058044
1 0.498500 0.103785 0.879000 0.064984
1 0.401000 0.165300 0.684000 0.058044
1 0.904000 0.223344 0.068000 0.058044
1 0.544000 0.223344 0.652000 0.058044
1 0.588000 0.279495 0.700000 0.054259
1 0.138500 0.223344 0.159000 0.058044
1 0.148500 0.279495 0.179000 0.054259
1 0.725000 0.335647 0.426000 0.058044
1 0.285500 0.335647 0.453000 0.058044
1 0.660000 0.394006 0.556000 0.058675
1 0.220500 0.394006 0.323000 0.058675
1 0.722000 0.451420 0.432000 0.056151
1 0.282500 0.451420 0.447000 0.056151
1 0.697000 0.506309 0.482000 0.053628
1 0.906500 0.620820 0.063000 0.058044
1 0.257500 0.506309 0.397000 0.053628
1 0.498500 0.562461 0.879000 0.058675
1 0.467000 0.620820 0.816000 0.058044
1 0.876000 0.678864 0.124000 0.058044
1 0.436500 0.678864 0.755000 0.058044
1 0.856500 0.736278 0.163000 0.056782
1 0.417000 0.736278 0.716000 0.056782
1 0.859000 0.792744 0.158000 0.056151
1 0.419500 0.792744 0.721000 0.056151
1 0.779500 0.849527 0.317000 0.057413
1 0.340000 0.849527 0.562000 0.057413
1 0.498500 0.908517 0.879000 0.060568
0 0.537500 0.341009 0.049000 0.035962
0 0.894500 0.227129 0.049000 0.035331
0 0.768500 0.169085 0.049000 0.034069
0 0.407000 0.398107 0.048000 0.034069
0 0.825500 0.740694 0.051000 0.035331
0 0.262000 0.284227 0.050000 0.034700
0 0.899500 0.626498 0.049000 0.035331
0 0.244500 0.227445 0.047000 0.034700
0 0.532000 0.454890 0.050000 0.034069
0 0.647000 0.854574 0.050000 0.033438
0 0.838000 0.683281 0.048000 0.034069
0 0.805500 0.798423 0.049000 0.034700
0 0.095500 0.911356 0.049000 0.034700
0 0.094500 0.454890 0.049000 0.034069
0 0.481500 0.511672 0.049000 0.034069