1 0.501500 0.099369 0.877000 0.057413
1 0.501500 0.156782 0.877000 0.057413
1 0.813000 0.214826 0.254000 0.058675
1 0.910500 0.387066 0.059000 0.054890
1 0.501500 0.301893 0.877000 0.115457
1 0.374500 0.214826 0.623000 0.058675
1 0.659500 0.498738 0.561000 0.057413
1 0.501500 0.442271 0.877000 0.055521
1 0.472000 0.387066 0.818000 0.054890
1 0.501500 0.556151 0.877000 0.057413
1 0.221000 0.498738 0.316000 0.057413
1 0.785500 0.614196 0.309000 0.058675
1 0.588500 0.672555 0.703000 0.058044
1 0.347000 0.614196 0.568000 0.058675
1 0.150000 0.672555 0.174000 0.058044
1 0.501500 0.818927 0.877000 0.234700
0 0.261000 0.678549 0.050000 0.035962
0 0.710000 0.222082 0.048000 0.034069
0 0.404500 0.506625 0.049000 0.034069
0 0.905000 0.391483 0.052000 0.035962
0 0.096000 0.106309 0.050000 0.034700
0 0.658500 0.621136 0.051000 0.034700
0 0.102500 0.907256 0.051000 0.034069