1 0.498500 0.101262 0.879000 0.059937
1 0.903500 0.160252 0.069000 0.058044
1 0.616500 0.160252 0.505000 0.058044
1 0.211500 0.160252 0.305000 0.058044
1 0.854500 0.217666 0.167000 0.056782
1 0.502000 0.217666 0.538000 0.056782
1 0.146000 0.217666 0.174000 0.056782
1 0.705000 0.276025 0.466000 0.059937
1 0.265500 0.276025 0.413000 0.059937
1 0.809500 0.334700 0.257000 0.057413
1 0.370000 0.334700 0.622000 0.057413
1 0.498500 0.392114 0.879000 0.057413
1 0.905500 0.446372 0.065000 0.051104
1 0.466000 0.446372 0.814000 0.051104
1 0.498500 0.566877 0.879000 0.048580
1 0.843000 0.617350 0.190000 0.052366
1 0.603000 0.617350 0.290000 0.052366
1 0.323000 0.617350 0.270000 0.052366
1 0.835000 0.674132 0.206000 0.061199
1 0.123500 0.617350 0.129000 0.052366
1 0.574500 0.674132 0.315000 0.061199
1 0.261500 0.674132 0.311000 0.061199
1 0.082500 0.674132 0.047000 0.061199
1 0.773500 0.731861 0.329000 0.054259
1 0.484500 0.731861 0.249000 0.054259
1 0.209500 0.731861 0.301000 0.054259
1 0.863000 0.786751 0.150000 0.055521
1 0.605000 0.786751 0.366000 0.055521
1 0.901000 0.843849 0.074000 0.058675
1 0.240500 0.786751 0.363000 0.055521
1 0.626000 0.843849 0.476000 0.058675
1 0.816000 0.903785 0.244000 0.061199
1 0.223500 0.843849 0.329000 0.058675
1 0.376500 0.903785 0.635000 0.061199
0 0.895500 0.165300 0.053000 0.035331
0 0.389000 0.165615 0.052000 0.035962
0 0.797500 0.223028 0.051000 0.035962
0 0.891500 0.847003 0.053000 0.035962
0 0.758000 0.679495 0.052000 0.036593
0 0.710500 0.335962 0.051000 0.035962
0 0.815500 0.791167 0.051000 0.036593
0 0.773500 0.619874 0.051000 0.034700
0 0.213500 0.620505 0.051000 0.034700
0 0.446500 0.790536 0.049000 0.035331
0 0.720000 0.904101 0.054000 0.036593
0 0.441500 0.677287 0.051000 0.035962
0 0.102000 0.448580 0.052000 0.036593
0 0.635500 0.733754 0.053000 0.035331
0 0.391000 0.735962 0.052000 0.035962
0 0.415000 0.847950 0.052000 0.036593
0 0.259500 0.223975 0.051000 0.036593
0 0.097000 0.902839 0.052000 0.036593
0 0.097000 0.335331 0.054000 0.035962
0 0.133500 0.677287 0.047000 0.037224
0 0.485500 0.620505 0.051000 0.035962
0 0.899000 0.448580 0.050000 0.032808
0 0.499000 0.278549 0.052000 0.035962