1 0.845500 0.158360 0.181000 0.058044
1 0.497500 0.100000 0.877000 0.058675
1 0.407000 0.158360 0.696000 0.058044
1 0.497500 0.216088 0.877000 0.057413
1 0.906500 0.273502 0.059000 0.057413
1 0.497500 0.359621 0.877000 0.114826
1 0.468000 0.273502 0.818000 0.057413
1 0.634000 0.446057 0.604000 0.058044
1 0.195500 0.446057 0.273000 0.058044
1 0.641500 0.504101 0.589000 0.058044
1 0.203000 0.504101 0.288000 0.058044
1 0.566500 0.561514 0.739000 0.056782
1 0.128000 0.561514 0.138000 0.056782
1 0.497500 0.676656 0.877000 0.173502
1 0.533000 0.791798 0.806000 0.056782
1 0.497500 0.879811 0.877000 0.119243
1 0.094500 0.791798 0.071000 0.056782
0 0.373500 0.505363 0.053000 0.036593
0 0.779500 0.163722 0.051000 0.037224
0 0.097000 0.730599 0.052000 0.036593
0 0.257500 0.561830 0.053000 0.037224
0 0.357500 0.449527 0.051000 0.037224
0 0.154500 0.791483 0.053000 0.037224
0 0.091000 0.903470 0.054000 0.037855
0 0.901500 0.277918 0.047000 0.035962