1 0.714000 0.101262 0.456000 0.059937
1 0.274500 0.101262 0.423000 0.059937
1 0.753500 0.160568 0.377000 0.058675
1 0.367000 0.160568 0.396000 0.058675
1 0.116000 0.160568 0.106000 0.058675
1 0.727500 0.218612 0.429000 0.057413
1 0.288000 0.218612 0.450000 0.057413
1 0.686500 0.276972 0.511000 0.059306
1 0.247000 0.276972 0.368000 0.059306
1 0.910000 0.335647 0.064000 0.058044
1 0.523000 0.335647 0.710000 0.058044
1 0.115500 0.335647 0.105000 0.058044
1 0.782000 0.391798 0.320000 0.054259
1 0.342500 0.391798 0.559000 0.054259
1 0.502500 0.509148 0.879000 0.046688
1 0.784500 0.563091 0.315000 0.061199
1 0.461000 0.563091 0.332000 0.061199
1 0.911000 0.619874 0.062000 0.052366
1 0.179000 0.563091 0.232000 0.061199
1 0.697500 0.619874 0.365000 0.052366
1 0.355500 0.619874 0.319000 0.052366
1 0.129500 0.619874 0.133000 0.052366
1 0.826000 0.676656 0.232000 0.061199
1 0.548500 0.676656 0.323000 0.061199
1 0.225000 0.676656 0.324000 0.061199
1 0.757000 0.735016 0.370000 0.055521
1 0.317500 0.735016 0.509000 0.055521
1 0.844500 0.790536 0.195000 0.055521
1 0.570500 0.790536 0.353000 0.055521
1 0.228500 0.790536 0.331000 0.055521
1 0.794000 0.847634 0.296000 0.058675
1 0.503500 0.847634 0.285000 0.058675
1 0.212000 0.847634 0.298000 0.058675
1 0.911500 0.907886 0.061000 0.061830
1 0.700000 0.907886 0.362000 0.061830
1 0.291000 0.907886 0.456000 0.061830
0 0.108000 0.106625 0.052000 0.035331
0 0.677000 0.851104 0.052000 0.036593
0 0.105000 0.909148 0.052000 0.035331
0 0.194500 0.164984 0.053000 0.037224
0 0.908500 0.907886 0.053000 0.035331
0 0.105500 0.394006 0.051000 0.034700
0 0.905000 0.331546 0.054000 0.035962
0 0.100500 0.793691 0.053000 0.035331
0 0.108000 0.220820 0.052000 0.035331
0 0.539500 0.220820 0.051000 0.035331
0 0.419000 0.793691 0.052000 0.035331
0 0.735000 0.680126 0.050000 0.034069
0 0.909000 0.623028 0.052000 0.034700
0 0.413000 0.679180 0.052000 0.037224
0 0.591000 0.164984 0.052000 0.037224
0 0.386500 0.851104 0.049000 0.036593
0 0.656000 0.564669 0.054000 0.037855
0 0.544000 0.907571 0.052000 0.035962
0 0.647000 0.393375 0.050000 0.037224
0 0.223000 0.622082 0.052000 0.035331
0 0.321000 0.564984 0.052000 0.037224
0 0.457000 0.277603 0.052000 0.037855
0 0.773500 0.794006 0.051000 0.035962
0 0.539500 0.622082 0.051000 0.036593
0 0.516000 0.105363 0.056000 0.036593
0 0.599000 0.736593 0.052000 0.037224
0 0.194000 0.334069 0.052000 0.035962