1 0.675500 0.161514 0.533000 0.058044
1 0.502500 0.102839 0.879000 0.059306
1 0.236000 0.161514 0.346000 0.058044
1 0.569000 0.218927 0.746000 0.056782
1 0.502500 0.305994 0.879000 0.117350
1 0.129500 0.218927 0.133000 0.056782
1 0.899000 0.393060 0.086000 0.056782
1 0.459500 0.393060 0.793000 0.056782
1 0.753500 0.447319 0.377000 0.051735
1 0.314000 0.447319 0.502000 0.051735
1 0.573500 0.502524 0.737000 0.058675
1 0.134000 0.502524 0.142000 0.058675
1 0.502500 0.562145 0.879000 0.060568
1 0.839500 0.618612 0.205000 0.052366
1 0.400000 0.618612 0.674000 0.052366
1 0.621500 0.674763 0.641000 0.059937
1 0.182000 0.674763 0.238000 0.059937
1 0.607500 0.732492 0.669000 0.055521
1 0.502500 0.848265 0.879000 0.176025
1 0.168000 0.732492 0.210000 0.055521
0 0.329000 0.679495 0.052000 0.036593
0 0.232500 0.505994 0.053000 0.035331
0 0.765000 0.624290 0.050000 0.037224
0 0.907500 0.394953 0.053000 0.035331
0 0.298500 0.735962 0.053000 0.035962
0 0.593000 0.451104 0.050000 0.036593
0 0.436500 0.167508 0.053000 0.035962
0 0.223500 0.222397 0.051000 0.035962
0 0.101500 0.906940 0.053000 0.035962