1 0.700500 0.101262 0.483000 0.059937
1 0.302500 0.101262 0.313000 0.059937
1 0.867000 0.160568 0.150000 0.058675
1 0.104500 0.101262 0.083000 0.059937
1 0.617000 0.160568 0.350000 0.058675
1 0.252500 0.160568 0.379000 0.058675
1 0.709500 0.218612 0.465000 0.057413
1 0.270000 0.218612 0.414000 0.057413
1 0.857500 0.276972 0.169000 0.059306
1 0.452000 0.276972 0.642000 0.059306
1 0.684000 0.335647 0.516000 0.058044
1 0.097000 0.276972 0.068000 0.059306
1 0.244500 0.335647 0.363000 0.058044
1 0.653500 0.393375 0.577000 0.057413
1 0.832500 0.448265 0.219000 0.052366
1 0.214000 0.393375 0.302000 0.057413
1 0.559500 0.448265 0.327000 0.052366
1 0.291500 0.448265 0.209000 0.052366
1 0.125000 0.448265 0.124000 0.052366
1 0.841000 0.503470 0.202000 0.058044
1 0.584000 0.503470 0.312000 0.058044
1 0.245500 0.503470 0.365000 0.058044
1 0.678500 0.563091 0.527000 0.061199
1 0.911500 0.619874 0.061000 0.052366
1 0.239000 0.563091 0.352000 0.061199
1 0.472000 0.619874 0.818000 0.052366
1 0.750500 0.676656 0.383000 0.061199
1 0.356500 0.676656 0.405000 0.061199
1 0.108500 0.676656 0.091000 0.061199
1 0.612000 0.735016 0.660000 0.055521
1 0.172500 0.735016 0.219000 0.055521
1 0.837500 0.790852 0.209000 0.056151
1 0.436500 0.790852 0.593000 0.056151
1 0.101500 0.790852 0.077000 0.056151
1 0.644500 0.848265 0.595000 0.058675
1 0.844000 0.908202 0.196000 0.061199
1 0.205000 0.848265 0.284000 0.058675
1 0.404500 0.908202 0.683000 0.061199
0 0.455500 0.505047 0.051000 0.035962
0 0.096000 0.623659 0.052000 0.035962
0 0.503000 0.217035 0.052000 0.035331
0 0.374500 0.848896 0.053000 0.035962
0 0.817000 0.163407 0.050000 0.035331
0 0.798500 0.280126 0.051000 0.036593
0 0.584500 0.680757 0.053000 0.035331
0 0.163500 0.790536 0.049000 0.035331
0 0.179500 0.678549 0.049000 0.037224
0 0.097500 0.335962 0.051000 0.035962
0 0.440000 0.562145 0.052000 0.036593
0 0.306000 0.734385 0.048000 0.035331
0 0.097500 0.504101 0.051000 0.036593
0 0.097000 0.163091 0.050000 0.035962
0 0.097500 0.911041 0.053000 0.036593
0 0.766000 0.504732 0.050000 0.036593
0 0.906500 0.624606 0.051000 0.036593
0 0.467000 0.162776 0.050000 0.036593
0 0.756500 0.790536 0.051000 0.036593
0 0.770000 0.911356 0.048000 0.035962
0 0.170000 0.104101 0.054000 0.037855
0 0.208500 0.449842 0.049000 0.036593
0 0.388500 0.392744 0.053000 0.035962
0 0.482000 0.106940 0.046000 0.033438
0 0.420000 0.449211 0.050000 0.036593
0 0.155000 0.278549 0.054000 0.035962
0 0.450000 0.336909 0.050000 0.036593
0 0.749000 0.449527 0.052000 0.037224