1 0.742000 0.101262 0.400000 0.059937
1 0.396000 0.101262 0.292000 0.059937
1 0.860000 0.160883 0.164000 0.059306
1 0.156500 0.101262 0.187000 0.059937
1 0.608500 0.160883 0.339000 0.059306
1 0.860500 0.220189 0.163000 0.059306
1 0.251000 0.160883 0.376000 0.059306
1 0.559000 0.220189 0.440000 0.059306
1 0.201000 0.220189 0.276000 0.059306
1 0.835000 0.393375 0.214000 0.057413
1 0.502500 0.339748 0.879000 0.049842
1 0.586000 0.393375 0.284000 0.057413
1 0.253500 0.393375 0.381000 0.057413
1 0.697500 0.448265 0.489000 0.052366
1 0.258000 0.448265 0.390000 0.052366
1 0.854500 0.503470 0.175000 0.058044
1 0.575000 0.503470 0.384000 0.058044
1 0.223000 0.503470 0.320000 0.058044
1 0.907500 0.563091 0.069000 0.061199
1 0.673500 0.563091 0.399000 0.061199
1 0.268500 0.563091 0.411000 0.061199
1 0.731500 0.622397 0.421000 0.057413
1 0.292000 0.622397 0.458000 0.057413
1 0.715500 0.790852 0.453000 0.056151
1 0.502500 0.739748 0.879000 0.046057
1 0.276000 0.790852 0.426000 0.056151
1 0.785000 0.848265 0.314000 0.058675
1 0.495500 0.848265 0.265000 0.058675
1 0.213000 0.848265 0.300000 0.058675
1 0.798000 0.908202 0.288000 0.061199
1 0.502000 0.908202 0.304000 0.061199
1 0.206500 0.908202 0.287000 0.061199
0 0.101500 0.618297 0.053000 0.036593
0 0.898500 0.565615 0.053000 0.037224
0 0.465000 0.164353 0.050000 0.037224
0 0.099500 0.393375 0.053000 0.035962
0 0.804500 0.166246 0.051000 0.035962
0 0.099500 0.792114 0.053000 0.035962
0 0.500000 0.565300 0.050000 0.036593
0 0.277000 0.107886 0.052000 0.036593
0 0.792000 0.508517 0.052000 0.036593
0 0.755000 0.395268 0.054000 0.035962
0 0.479000 0.450789 0.050000 0.035962
0 0.546500 0.620820 0.053000 0.036593
0 0.097500 0.565300 0.053000 0.036593
0 0.101000 0.222713 0.052000 0.035331
0 0.807500 0.222713 0.049000 0.035331
0 0.568000 0.107256 0.052000 0.035331
0 0.363500 0.222082 0.051000 0.036593
0 0.471000 0.394637 0.052000 0.035962
0 0.408500 0.507571 0.051000 0.035962
0 0.376500 0.909148 0.053000 0.036593
0 0.515500 0.793375 0.053000 0.035962
0 0.097500 0.908202 0.053000 0.035962
0 0.675500 0.908202 0.049000 0.034700
0 0.098000 0.849527 0.052000 0.035962
0 0.652000 0.849211 0.050000 0.036593
0 0.387000 0.849211 0.048000 0.036593