1 0.502500 0.129968 0.879000 0.117350
1 0.908500 0.217350 0.067000 0.057413
1 0.469000 0.217350 0.812000 0.057413
1 0.502500 0.275710 0.879000 0.059306
1 0.502500 0.362461 0.879000 0.114196
1 0.569500 0.620820 0.745000 0.051735
1 0.502500 0.540694 0.879000 0.108517
1 0.130000 0.620820 0.134000 0.051735
1 0.502500 0.677287 0.879000 0.061199
1 0.849000 0.735331 0.186000 0.054890
1 0.409500 0.735331 0.693000 0.054890
1 0.820000 0.791167 0.244000 0.056782
1 0.380500 0.791167 0.635000 0.056782
1 0.502500 0.879180 0.879000 0.119243
0 0.781500 0.739748 0.051000 0.037224
0 0.902500 0.222082 0.053000 0.036593
0 0.098500 0.275710 0.053000 0.036593
0 0.101000 0.388959 0.052000 0.035962
0 0.744000 0.797161 0.052000 0.035962
0 0.222500 0.623344 0.051000 0.036593
0 0.098000 0.909464 0.052000 0.035962