1 0.602000 0.332808 0.668000 0.053628
1 0.498000 0.188644 0.876000 0.234700
1 0.498000 0.445426 0.876000 0.171609
1 0.164000 0.332808 0.208000 0.053628
1 0.498000 0.559621 0.876000 0.056782
1 0.700000 0.617350 0.472000 0.058675
1 0.498000 0.705363 0.876000 0.117350
1 0.262000 0.617350 0.404000 0.058675
1 0.498000 0.792744 0.876000 0.057413
1 0.606500 0.849842 0.659000 0.056782
1 0.168500 0.849842 0.217000 0.056782
1 0.498000 0.908202 0.876000 0.059937
0 0.294000 0.334069 0.050000 0.033438
0 0.303000 0.854574 0.052000 0.034700
0 0.093500 0.735647 0.049000 0.034069
0 0.095000 0.505047 0.048000 0.034700
0 0.093000 0.908517 0.050000 0.034069
0 0.488500 0.623028 0.051000 0.034700