1 0.641000 0.100946 0.592000 0.058044
1 0.637000 0.274132 0.600000 0.054890
1 0.498500 0.188328 0.877000 0.116719
1 0.202500 0.100946 0.285000 0.058044
1 0.498500 0.330599 0.877000 0.058044
1 0.651500 0.388328 0.571000 0.057413
1 0.198500 0.274132 0.277000 0.054890
1 0.498500 0.446372 0.877000 0.058675
1 0.213000 0.388328 0.306000 0.057413
1 0.653000 0.505047 0.568000 0.058675
1 0.498500 0.563407 0.877000 0.058044
1 0.214500 0.505047 0.309000 0.058675
1 0.904500 0.621136 0.065000 0.057413
1 0.511000 0.621136 0.722000 0.057413
1 0.105000 0.621136 0.090000 0.057413
1 0.549500 0.794322 0.775000 0.060568
1 0.498500 0.706940 0.877000 0.114196
1 0.498500 0.881703 0.877000 0.114196
1 0.111000 0.794322 0.102000 0.060568
0 0.391500 0.394006 0.049000 0.037224
0 0.395500 0.508202 0.053000 0.038486
0 0.364500 0.278233 0.053000 0.036593
0 0.372000 0.105363 0.052000 0.037855
0 0.177500 0.624606 0.053000 0.037855
0 0.896000 0.625868 0.052000 0.036593
0 0.189500 0.797792 0.053000 0.037224
0 0.090500 0.911041 0.053000 0.036593