1 0.498000 0.103470 0.878000 0.064353
1 0.498000 0.162776 0.878000 0.054259
1 0.498000 0.218927 0.878000 0.058044
1 0.697000 0.276656 0.480000 0.057413
1 0.258000 0.276656 0.398000 0.057413
1 0.762500 0.333123 0.349000 0.055521
1 0.323500 0.333123 0.529000 0.055521
1 0.838000 0.389905 0.198000 0.058044
1 0.399000 0.389905 0.680000 0.058044
1 0.498000 0.445741 0.878000 0.053628
1 0.794000 0.501262 0.286000 0.057413
1 0.355000 0.501262 0.592000 0.057413
1 0.498000 0.560568 0.878000 0.061199
1 0.907500 0.790221 0.059000 0.058675
1 0.498000 0.708517 0.878000 0.104732
1 0.468500 0.790221 0.819000 0.058675
1 0.498000 0.845741 0.878000 0.052366
1 0.783500 0.903470 0.307000 0.063091
1 0.344500 0.903470 0.571000 0.063091
0 0.764000 0.394006 0.048000 0.033438
0 0.902500 0.795899 0.049000 0.033438
0 0.654500 0.908517 0.049000 0.032808
0 0.096000 0.847950 0.050000 0.034069
0 0.095000 0.903785 0.052000 0.034700
0 0.482000 0.282019 0.050000 0.032808
0 0.099500 0.559621 0.049000 0.034069
0 0.673500 0.506940 0.047000 0.033438
0 0.094000 0.109464 0.048000 0.033438
0 0.095500 0.164353 0.051000 0.034700
0 0.611500 0.338170 0.051000 0.034069