1 0.696000 0.213249 0.492000 0.056782
1 0.503000 0.128076 0.878000 0.113565
1 0.257000 0.213249 0.386000 0.056782
1 0.503000 0.270032 0.878000 0.056782
1 0.863000 0.328391 0.158000 0.059937
1 0.804500 0.386435 0.275000 0.056151
1 0.424000 0.328391 0.720000 0.059937
1 0.718500 0.443218 0.447000 0.057413
1 0.365500 0.386435 0.603000 0.056151
1 0.816000 0.501262 0.252000 0.058675
1 0.279500 0.443218 0.431000 0.057413
1 0.503000 0.558991 0.878000 0.056782
1 0.377000 0.501262 0.626000 0.058675
1 0.503000 0.643533 0.878000 0.112303
1 0.679500 0.730284 0.525000 0.061199
1 0.240500 0.730284 0.353000 0.061199
1 0.503000 0.847634 0.878000 0.173502
0 0.809500 0.337224 0.047000 0.033438
0 0.718000 0.391798 0.052000 0.035331
0 0.442000 0.734069 0.052000 0.035962
0 0.105500 0.561830 0.053000 0.037224
0 0.477000 0.217350 0.054000 0.035962
0 0.522000 0.447634 0.054000 0.037224
0 0.718500 0.506625 0.051000 0.034069
0 0.100500 0.903785 0.053000 0.037224