1 0.498000 0.130599 0.878000 0.117350
1 0.855000 0.217350 0.164000 0.056151
1 0.416000 0.217350 0.714000 0.056151
1 0.498000 0.360252 0.878000 0.229653
1 0.902500 0.505047 0.069000 0.059937
1 0.463500 0.505047 0.809000 0.059937
1 0.553000 0.562776 0.768000 0.055521
1 0.114000 0.562776 0.110000 0.055521
1 0.498000 0.620189 0.878000 0.059306
1 0.808500 0.677918 0.257000 0.056151
1 0.369500 0.677918 0.621000 0.056151
1 0.498000 0.733438 0.878000 0.054890
1 0.577000 0.788644 0.720000 0.055521
1 0.797000 0.845741 0.280000 0.058675
1 0.138000 0.788644 0.158000 0.055521
1 0.358000 0.845741 0.598000 0.058675
1 0.498000 0.904732 0.878000 0.059306
0 0.894500 0.505363 0.053000 0.036593
0 0.706000 0.679811 0.052000 0.037224
0 0.197000 0.563407 0.052000 0.036593
0 0.242000 0.792114 0.050000 0.035962
0 0.092500 0.735962 0.055000 0.035962
0 0.798500 0.221451 0.051000 0.035331
0 0.092500 0.904732 0.053000 0.037855
0 0.680500 0.849211 0.049000 0.036593