1 0.835000 0.218927 0.210000 0.055521
1 0.501500 0.131230 0.877000 0.119874
1 0.501500 0.360883 0.877000 0.228391
1 0.396500 0.218927 0.667000 0.055521
1 0.739500 0.504416 0.401000 0.058675
1 0.501500 0.621136 0.877000 0.174763
1 0.301000 0.504416 0.476000 0.058675
1 0.759000 0.737539 0.362000 0.058044
1 0.501500 0.852681 0.877000 0.172240
1 0.320500 0.737539 0.515000 0.058044
0 0.601500 0.743218 0.049000 0.032808
0 0.757000 0.223659 0.050000 0.034700
0 0.564500 0.510410 0.049000 0.034069
0 0.096000 0.913880 0.050000 0.034700