1 0.502500 0.105363 0.879000 0.064353
1 0.908500 0.165931 0.067000 0.056782
1 0.469000 0.165931 0.812000 0.056782
1 0.653000 0.223659 0.578000 0.058675
1 0.603000 0.394322 0.678000 0.055521
1 0.213500 0.223659 0.301000 0.058675
1 0.502500 0.309779 0.879000 0.113565
1 0.502500 0.451420 0.879000 0.058675
1 0.163500 0.394322 0.201000 0.055521
1 0.830000 0.507256 0.224000 0.052997
1 0.652500 0.562461 0.579000 0.057413
1 0.390500 0.507256 0.655000 0.052997
1 0.502500 0.618297 0.879000 0.054259
1 0.213000 0.562461 0.300000 0.057413
1 0.683000 0.675079 0.518000 0.059306
1 0.243500 0.675079 0.361000 0.059306
1 0.692500 0.733123 0.499000 0.056782
1 0.788500 0.847634 0.307000 0.056151
1 0.502500 0.790536 0.879000 0.058044
1 0.253000 0.733123 0.380000 0.056782
1 0.349000 0.847634 0.572000 0.056151
1 0.502500 0.905047 0.879000 0.058675
0 0.450000 0.681703 0.048000 0.034700
0 0.742500 0.510726 0.049000 0.034700
0 0.470500 0.737855 0.049000 0.034700
0 0.101500 0.906309 0.051000 0.033438
0 0.388500 0.568139 0.049000 0.033438
0 0.393000 0.228076 0.048000 0.034700
0 0.899500 0.172555 0.049000 0.033438
0 0.288500 0.398107 0.047000 0.034069
0 0.662000 0.852366 0.048000 0.035331