1 0.498000 0.100315 0.878000 0.056782
1 0.600500 0.157729 0.673000 0.058044
1 0.616500 0.330599 0.641000 0.055521
1 0.161500 0.157729 0.205000 0.058044
1 0.498000 0.244795 0.878000 0.116088
1 0.498000 0.416719 0.878000 0.116719
1 0.807000 0.502524 0.260000 0.054890
1 0.177500 0.330599 0.237000 0.055521
1 0.368000 0.502524 0.618000 0.054890
1 0.498000 0.587697 0.878000 0.115457
1 0.676000 0.673186 0.522000 0.055521
1 0.237000 0.673186 0.356000 0.055521
1 0.498000 0.731230 0.878000 0.060568
1 0.581000 0.789590 0.712000 0.056151
1 0.142000 0.789590 0.166000 0.056151
1 0.498000 0.875710 0.878000 0.116088
0 0.343500 0.333123 0.047000 0.032808
0 0.251000 0.793060 0.048000 0.034069
0 0.439500 0.677287 0.047000 0.035962
0 0.701000 0.504732 0.048000 0.034069
0 0.289000 0.161514 0.048000 0.036593
0 0.103500 0.906309 0.049000 0.033438