1 0.681000 0.222713 0.522000 0.058044
1 0.503000 0.132808 0.878000 0.121767
1 0.503000 0.278864 0.878000 0.054259
1 0.681000 0.334700 0.522000 0.057413
1 0.242000 0.222713 0.356000 0.058044
1 0.242000 0.334700 0.356000 0.057413
1 0.552000 0.392429 0.780000 0.058044
1 0.113000 0.392429 0.098000 0.058044
1 0.503000 0.476656 0.878000 0.110410
1 0.911500 0.561199 0.061000 0.058675
1 0.472500 0.561199 0.817000 0.058675
1 0.503000 0.618927 0.878000 0.056782
1 0.670000 0.732492 0.544000 0.052997
1 0.503000 0.676656 0.878000 0.058675
1 0.503000 0.817350 0.878000 0.116719
1 0.231000 0.732492 0.334000 0.052997
1 0.503000 0.905047 0.878000 0.058675
0 0.443500 0.338170 0.049000 0.035331
0 0.908000 0.566246 0.050000 0.035962
0 0.445000 0.224290 0.048000 0.034700
0 0.212500 0.394953 0.047000 0.034069
0 0.422000 0.734700 0.048000 0.033438
0 0.098500 0.623028 0.049000 0.033438
0 0.102500 0.850158 0.051000 0.035962
0 0.095500 0.907256 0.051000 0.034069