1 0.498500 0.101262 0.879000 0.059937
1 0.803000 0.160568 0.270000 0.058675
1 0.363500 0.160568 0.609000 0.058675
1 0.869000 0.218612 0.138000 0.057413
1 0.529500 0.218612 0.541000 0.057413
1 0.648000 0.276972 0.580000 0.059306
1 0.159000 0.218612 0.200000 0.057413
1 0.208500 0.276972 0.299000 0.059306
1 0.827000 0.335647 0.222000 0.058044
1 0.428500 0.335647 0.575000 0.058044
1 0.100000 0.335647 0.082000 0.058044
1 0.498500 0.393375 0.879000 0.057413
1 0.905500 0.448265 0.065000 0.052366
1 0.636500 0.448265 0.473000 0.052366
1 0.863000 0.503470 0.150000 0.058044
1 0.229500 0.448265 0.341000 0.052366
1 0.586000 0.503470 0.404000 0.058044
1 0.677500 0.563091 0.521000 0.061199
1 0.221500 0.503470 0.325000 0.058044
1 0.238000 0.563091 0.358000 0.061199
1 0.735500 0.619874 0.405000 0.052366
1 0.806500 0.676656 0.263000 0.061199
1 0.296000 0.619874 0.474000 0.052366
1 0.367000 0.676656 0.616000 0.061199
1 0.559000 0.735016 0.758000 0.055521
1 0.737500 0.790852 0.401000 0.056151
1 0.119500 0.735016 0.121000 0.055521
1 0.905500 0.847950 0.065000 0.058044
1 0.298000 0.790852 0.478000 0.056151
1 0.538000 0.847950 0.670000 0.058044
1 0.131000 0.847950 0.144000 0.058044
1 0.750000 0.907886 0.376000 0.061830
1 0.310500 0.907886 0.503000 0.061830
0 0.813000 0.506625 0.052000 0.036593
0 0.740000 0.336593 0.052000 0.037224
0 0.693500 0.165615 0.049000 0.037224
0 0.467000 0.564353 0.050000 0.037224
0 0.562500 0.790852 0.051000 0.038486
0 0.897500 0.450473 0.053000 0.036593
0 0.559000 0.620189 0.050000 0.034069
0 0.410500 0.506309 0.049000 0.035962
0 0.381500 0.278864 0.051000 0.037855
0 0.165500 0.336593 0.049000 0.037224
0 0.825500 0.222713 0.049000 0.036593
0 0.090500 0.677287 0.053000 0.038486
0 0.897000 0.848896 0.050000 0.033438
0 0.283000 0.222082 0.050000 0.036593
0 0.699500 0.678549 0.051000 0.037224
0 0.423500 0.450158 0.047000 0.037224
0 0.587500 0.905363 0.053000 0.037855
0 0.230000 0.848265 0.050000 0.035962
0 0.203000 0.735016 0.050000 0.036593
0 0.091000 0.905678 0.052000 0.035962