1 0.709500 0.103785 0.457000 0.064984
1 0.270000 0.103785 0.422000 0.064984
1 0.717000 0.164984 0.442000 0.057413
1 0.313500 0.164984 0.365000 0.057413
1 0.095000 0.164984 0.072000 0.057413
1 0.707000 0.223028 0.462000 0.058675
1 0.267500 0.223028 0.417000 0.058675
1 0.905000 0.282334 0.066000 0.059937
1 0.669000 0.282334 0.406000 0.059937
1 0.262500 0.282334 0.407000 0.059937
1 0.906000 0.340379 0.064000 0.056151
1 0.697000 0.340379 0.354000 0.056151
1 0.341000 0.340379 0.358000 0.056151
1 0.711500 0.396845 0.453000 0.056782
1 0.110500 0.340379 0.103000 0.056151
1 0.311000 0.396845 0.348000 0.056782
1 0.746500 0.452997 0.383000 0.055521
1 0.098000 0.396845 0.078000 0.056782
1 0.307000 0.452997 0.496000 0.055521
1 0.676500 0.508517 0.523000 0.055521
1 0.905500 0.564669 0.065000 0.056782
1 0.237000 0.508517 0.356000 0.055521
1 0.630500 0.564669 0.485000 0.056782
1 0.223500 0.564669 0.329000 0.056782
1 0.832000 0.622713 0.212000 0.059306
1 0.468500 0.622713 0.515000 0.059306
1 0.135000 0.622713 0.152000 0.059306
1 0.715000 0.680757 0.446000 0.056782
1 0.275500 0.680757 0.433000 0.056782
1 0.842500 0.736278 0.191000 0.054259
1 0.502000 0.736278 0.490000 0.054259
1 0.691000 0.791798 0.494000 0.056782
1 0.158000 0.736278 0.198000 0.054259
1 0.777500 0.849842 0.321000 0.059306
1 0.251500 0.791798 0.385000 0.056782
1 0.376000 0.849842 0.482000 0.059306
1 0.097000 0.849842 0.076000 0.059306
1 0.731500 0.909148 0.413000 0.059306
1 0.292000 0.909148 0.466000 0.059306
0 0.544000 0.339117 0.050000 0.035962
0 0.186000 0.338486 0.050000 0.035962
0 0.901000 0.340063 0.050000 0.035331
0 0.643500 0.851420 0.049000 0.035962
0 0.517000 0.682019 0.052000 0.034069
0 0.775500 0.625237 0.049000 0.035331
0 0.502000 0.224606 0.050000 0.035331
0 0.509500 0.396845 0.047000 0.034069
0 0.491500 0.282965 0.049000 0.033438
0 0.156000 0.167192 0.048000 0.035331
0 0.549000 0.910726 0.050000 0.034700
0 0.772500 0.739748 0.049000 0.035962
0 0.440000 0.510095 0.050000 0.034700
0 0.521500 0.167823 0.051000 0.034069
0 0.506500 0.110726 0.049000 0.034700
0 0.896500 0.284227 0.049000 0.034700
0 0.470500 0.795268 0.049000 0.033438
0 0.898500 0.569401 0.049000 0.033438
0 0.158500 0.851420 0.049000 0.035962
0 0.282000 0.738170 0.050000 0.035331
0 0.097500 0.452050 0.049000 0.034700
0 0.412500 0.567823 0.051000 0.034069
0 0.158000 0.396530 0.050000 0.033438
0 0.099500 0.111041 0.049000 0.035331
0 0.237000 0.624921 0.050000 0.034700
0 0.090000 0.909779 0.050000 0.034069
0 0.580500 0.453312 0.047000 0.034700