1 0.598000 0.164984 0.688000 0.057413
1 0.502500 0.104101 0.879000 0.064353
1 0.584000 0.222397 0.716000 0.057413
1 0.158500 0.164984 0.191000 0.057413
1 0.624500 0.279495 0.635000 0.056782
1 0.144500 0.222397 0.163000 0.057413
1 0.912500 0.394006 0.059000 0.056151
1 0.502500 0.336909 0.879000 0.058044
1 0.185000 0.279495 0.244000 0.056782
1 0.502500 0.479180 0.879000 0.114196
1 0.473000 0.394006 0.820000 0.056151
1 0.502500 0.592429 0.879000 0.112303
1 0.704000 0.677287 0.476000 0.057413
1 0.264500 0.677287 0.403000 0.057413
1 0.643500 0.787697 0.597000 0.059937
1 0.502500 0.731861 0.879000 0.051735
1 0.204000 0.787697 0.282000 0.059937
1 0.502500 0.876025 0.879000 0.116719
0 0.370500 0.795899 0.049000 0.033438
0 0.251000 0.228391 0.048000 0.034069
0 0.491500 0.682965 0.051000 0.033438
0 0.905500 0.397161 0.053000 0.034700
0 0.278500 0.169716 0.049000 0.032808
0 0.115000 0.910726 0.048000 0.033438
0 0.331000 0.284858 0.048000 0.033438
0 0.113000 0.511041 0.050000 0.035331