1 0.679000 0.220820 0.526000 0.058044
1 0.502500 0.131546 0.879000 0.120505
1 0.786500 0.393060 0.311000 0.058044
1 0.502500 0.306940 0.879000 0.114196
1 0.239500 0.220820 0.353000 0.058044
1 0.720500 0.448896 0.443000 0.053628
1 0.347000 0.393060 0.568000 0.058044
1 0.813000 0.621136 0.258000 0.054890
1 0.502500 0.534700 0.879000 0.117981
1 0.281000 0.448896 0.436000 0.053628
1 0.911500 0.735331 0.061000 0.061199
1 0.502500 0.676656 0.879000 0.056151
1 0.373500 0.621136 0.621000 0.054890
1 0.540000 0.794006 0.804000 0.056151
1 0.472000 0.735331 0.818000 0.061199
1 0.100500 0.794006 0.075000 0.056151
1 0.502500 0.879495 0.879000 0.114826
0 0.109500 0.910726 0.049000 0.034700
0 0.908000 0.737224 0.052000 0.035962
0 0.709500 0.623344 0.051000 0.035331
0 0.164000 0.795268 0.050000 0.033438
0 0.524500 0.452366 0.051000 0.035331
0 0.657000 0.395899 0.050000 0.034700
0 0.441000 0.225237 0.050000 0.035331