1 0.625500 0.104101 0.633000 0.064353
1 0.186000 0.104101 0.246000 0.064353
1 0.502500 0.194006 0.879000 0.115457
1 0.568000 0.281388 0.748000 0.059306
1 0.128500 0.281388 0.131000 0.059306
1 0.753500 0.339117 0.377000 0.056151
1 0.314000 0.339117 0.502000 0.056151
1 0.912000 0.395268 0.060000 0.056151
1 0.549000 0.395268 0.666000 0.056151
1 0.575500 0.450789 0.733000 0.054890
1 0.139500 0.395268 0.153000 0.056151
1 0.136000 0.450789 0.146000 0.054890
1 0.652000 0.505994 0.580000 0.055521
1 0.212500 0.505994 0.299000 0.055521
1 0.831000 0.561830 0.222000 0.056151
1 0.391500 0.561830 0.657000 0.056151
1 0.843500 0.619558 0.197000 0.059306
1 0.502500 0.677287 0.879000 0.056151
1 0.404000 0.619558 0.682000 0.059306
1 0.910500 0.787697 0.063000 0.057413
1 0.502500 0.732177 0.879000 0.053628
1 0.508500 0.787697 0.741000 0.057413
1 0.840500 0.904416 0.203000 0.059937
1 0.502500 0.845426 0.879000 0.058044
1 0.100500 0.787697 0.075000 0.057413
1 0.401000 0.904416 0.676000 0.059937
0 0.590500 0.340379 0.049000 0.034700
0 0.236500 0.454574 0.051000 0.034700
0 0.904500 0.794322 0.051000 0.034069
0 0.335500 0.112934 0.051000 0.035331
0 0.220000 0.283912 0.050000 0.034069
0 0.906500 0.397476 0.051000 0.034069
0 0.746000 0.566877 0.050000 0.035962
0 0.096000 0.227129 0.050000 0.034069
0 0.763500 0.907571 0.051000 0.033438
0 0.771000 0.623975 0.050000 0.034069
0 0.098000 0.680126 0.050000 0.032808
0 0.103000 0.907256 0.050000 0.032808
0 0.387500 0.510726 0.049000 0.034700
0 0.163500 0.793691 0.051000 0.034069
0 0.241000 0.397161 0.050000 0.033438