1 0.502500 0.104732 0.879000 0.064353
1 0.740500 0.164984 0.403000 0.056151
1 0.502500 0.222397 0.879000 0.058675
1 0.912500 0.279811 0.059000 0.056151
1 0.301000 0.164984 0.476000 0.056151
1 0.473000 0.279811 0.820000 0.056151
1 0.675000 0.335647 0.534000 0.055521
1 0.235500 0.335647 0.345000 0.055521
1 0.533000 0.391798 0.818000 0.056782
1 0.093500 0.391798 0.061000 0.056782
1 0.502500 0.476025 0.879000 0.111672
1 0.837500 0.559306 0.209000 0.054890
1 0.502500 0.616088 0.879000 0.058675
1 0.398000 0.559306 0.670000 0.054890
1 0.502500 0.700631 0.879000 0.110410
1 0.785000 0.783281 0.314000 0.054890
1 0.345500 0.783281 0.565000 0.054890
1 0.502500 0.872555 0.879000 0.123659
0 0.563000 0.171293 0.048000 0.033438
0 0.908500 0.284858 0.051000 0.033438
0 0.758500 0.565300 0.049000 0.035331
0 0.653000 0.789905 0.050000 0.035331
0 0.101000 0.619243 0.048000 0.033438
0 0.432500 0.339117 0.049000 0.034700
0 0.147000 0.394953 0.050000 0.032808
0 0.098000 0.903155 0.050000 0.034700