1 0.629000 0.167192 0.618000 0.058044
1 0.499000 0.105678 0.878000 0.064984
1 0.499000 0.252366 0.878000 0.112303
1 0.190000 0.167192 0.260000 0.058044
1 0.499000 0.338486 0.878000 0.059937
1 0.907500 0.396530 0.061000 0.056151
1 0.468500 0.396530 0.817000 0.056151
1 0.499000 0.479180 0.878000 0.109148
1 0.906500 0.563722 0.063000 0.059937
1 0.467500 0.563722 0.815000 0.059937
1 0.906500 0.621136 0.063000 0.054890
1 0.728000 0.736909 0.420000 0.058044
1 0.467500 0.621136 0.815000 0.054890
1 0.499000 0.678233 0.878000 0.059306
1 0.908500 0.852366 0.059000 0.052997
1 0.289000 0.736909 0.458000 0.058044
1 0.499000 0.795899 0.878000 0.059937
1 0.469500 0.852366 0.819000 0.052997
1 0.499000 0.908517 0.878000 0.059306
0 0.542500 0.742587 0.049000 0.034069
0 0.902500 0.400946 0.049000 0.034700
0 0.904000 0.857413 0.050000 0.034069
0 0.899500 0.571609 0.051000 0.035331
0 0.344000 0.170662 0.050000 0.033438
0 0.094000 0.286435 0.050000 0.035331
0 0.900500 0.628391 0.049000 0.034069
0 0.089500 0.912934 0.047000 0.035331