1 0.647000 0.103470 0.582000 0.064353
1 0.819500 0.164669 0.237000 0.058044
1 0.207500 0.103470 0.297000 0.064353
1 0.810000 0.221451 0.256000 0.055521
1 0.380000 0.164669 0.642000 0.058044
1 0.370500 0.221451 0.623000 0.055521
1 0.803000 0.277918 0.270000 0.057413
1 0.433500 0.277918 0.469000 0.057413
1 0.498500 0.335331 0.879000 0.057413
1 0.129000 0.277918 0.140000 0.057413
1 0.590000 0.392114 0.696000 0.056151
1 0.150500 0.392114 0.183000 0.056151
1 0.774500 0.449842 0.327000 0.059306
1 0.389500 0.449842 0.443000 0.059306
1 0.804500 0.508517 0.267000 0.058044
1 0.113500 0.449842 0.109000 0.059306
1 0.422000 0.508517 0.498000 0.058044
1 0.826000 0.567823 0.224000 0.060568
1 0.116000 0.508517 0.114000 0.058044
1 0.535000 0.567823 0.358000 0.060568
1 0.207500 0.567823 0.297000 0.060568
1 0.696500 0.625868 0.483000 0.055521
1 0.257000 0.625868 0.396000 0.055521
1 0.908000 0.679811 0.060000 0.052366
1 0.611500 0.679811 0.533000 0.052366
1 0.202000 0.679811 0.286000 0.052366
1 0.755500 0.735962 0.365000 0.059937
1 0.316000 0.735962 0.514000 0.059937
1 0.850000 0.794006 0.176000 0.056151
1 0.485000 0.794006 0.554000 0.056151
1 0.133500 0.794006 0.149000 0.056151
1 0.753000 0.850789 0.370000 0.057413
1 0.377500 0.850789 0.381000 0.057413
1 0.761500 0.909148 0.353000 0.059306
1 0.123000 0.850789 0.128000 0.057413
1 0.322000 0.909148 0.526000 0.059306
0 0.902500 0.682965 0.049000 0.033438
0 0.634500 0.454259 0.049000 0.035331
0 0.592500 0.855836 0.049000 0.033438
0 0.597000 0.741956 0.048000 0.032808
0 0.786500 0.798423 0.049000 0.034700
0 0.379500 0.569085 0.051000 0.034069
0 0.609000 0.912934 0.050000 0.035331
0 0.738500 0.569716 0.049000 0.032808
0 0.707000 0.225552 0.050000 0.034700
0 0.223000 0.283281 0.050000 0.034069
0 0.693000 0.282650 0.050000 0.034069
0 0.693000 0.511672 0.050000 0.035331
0 0.212500 0.856467 0.047000 0.033438
0 0.097000 0.340694 0.050000 0.035331
0 0.267000 0.398423 0.048000 0.034700
0 0.726000 0.168454 0.050000 0.035331
0 0.194000 0.455521 0.050000 0.034069
0 0.381500 0.111356 0.049000 0.034700
0 0.099500 0.913565 0.049000 0.035331
0 0.198000 0.512303 0.048000 0.034069
0 0.367500 0.684543 0.051000 0.034069
0 0.231500 0.798738 0.051000 0.035331
0 0.479500 0.626814 0.051000 0.034700