1 0.498500 0.160252 0.879000 0.176656
1 0.816500 0.277603 0.243000 0.058044
1 0.498500 0.335331 0.879000 0.057413
1 0.377000 0.277603 0.636000 0.058044
1 0.751000 0.392114 0.374000 0.056151
1 0.498500 0.448896 0.879000 0.057413
1 0.311500 0.392114 0.505000 0.056151
1 0.906500 0.504101 0.063000 0.052997
1 0.467000 0.504101 0.816000 0.052997
1 0.850500 0.559937 0.175000 0.058675
1 0.411000 0.559937 0.704000 0.058675
1 0.836500 0.617350 0.203000 0.056151
1 0.820000 0.786751 0.236000 0.055521
1 0.397000 0.617350 0.676000 0.056151
1 0.498500 0.702208 0.879000 0.113565
1 0.498500 0.873817 0.879000 0.118612
1 0.380500 0.786751 0.643000 0.055521
0 0.588500 0.395584 0.047000 0.032808
0 0.791000 0.565615 0.050000 0.035962
0 0.759000 0.621767 0.050000 0.033438
0 0.719000 0.280757 0.048000 0.032808
0 0.900500 0.507886 0.049000 0.032808
0 0.729500 0.791167 0.049000 0.035331
0 0.096000 0.900946 0.050000 0.035331