1 0.680500 0.158044 0.519000 0.057413
1 0.501500 0.100000 0.877000 0.058675
1 0.730500 0.274132 0.419000 0.058675
1 0.242000 0.158044 0.358000 0.057413
1 0.501500 0.215773 0.877000 0.058044
1 0.631500 0.386435 0.617000 0.056151
1 0.501500 0.330915 0.877000 0.054890
1 0.292000 0.274132 0.458000 0.058675
1 0.659000 0.504732 0.562000 0.056782
1 0.501500 0.445426 0.877000 0.061830
1 0.193000 0.386435 0.260000 0.056151
1 0.702000 0.560883 0.476000 0.055521
1 0.220500 0.504732 0.315000 0.056782
1 0.263500 0.560883 0.401000 0.055521
1 0.757500 0.674763 0.365000 0.057413
1 0.501500 0.617350 0.877000 0.057413
1 0.319000 0.674763 0.512000 0.057413
1 0.501500 0.761199 0.877000 0.115457
1 0.732500 0.846057 0.415000 0.054259
1 0.501500 0.904101 0.877000 0.061830
1 0.294000 0.846057 0.462000 0.054259
0 0.446500 0.165300 0.051000 0.035331
0 0.405500 0.508833 0.049000 0.034700
0 0.488500 0.567192 0.049000 0.035331
0 0.599500 0.681073 0.049000 0.033438
0 0.347000 0.394637 0.048000 0.033438
0 0.548000 0.280442 0.050000 0.034700
0 0.550000 0.851420 0.050000 0.035962
0 0.094500 0.908833 0.049000 0.034700