1 0.579000 0.101893 0.718000 0.059937
1 0.728500 0.161199 0.419000 0.058675
1 0.139500 0.101893 0.161000 0.059937
1 0.289000 0.161199 0.460000 0.058675
1 0.677000 0.219558 0.522000 0.058044
1 0.237500 0.219558 0.357000 0.058044
1 0.849000 0.276656 0.178000 0.056151
1 0.461000 0.276656 0.598000 0.056151
1 0.735000 0.335962 0.406000 0.062461
1 0.110500 0.276656 0.103000 0.056151
1 0.353500 0.335962 0.357000 0.062461
1 0.117000 0.335962 0.116000 0.062461
1 0.774500 0.394006 0.327000 0.053628
1 0.360500 0.394006 0.501000 0.053628
1 0.551000 0.448896 0.774000 0.056151
1 0.084500 0.394006 0.051000 0.053628
1 0.111500 0.448896 0.105000 0.056151
1 0.610500 0.506940 0.655000 0.059937
1 0.171000 0.506940 0.224000 0.059937
1 0.709000 0.565931 0.458000 0.058044
1 0.839000 0.622397 0.198000 0.054890
1 0.269500 0.565931 0.421000 0.058044
1 0.399500 0.622397 0.681000 0.054890
1 0.739500 0.679495 0.397000 0.059306
1 0.300000 0.679495 0.482000 0.059306
1 0.829000 0.737539 0.218000 0.056782
1 0.434500 0.737539 0.571000 0.056782
1 0.104000 0.737539 0.090000 0.056782
1 0.498500 0.795584 0.879000 0.059306
1 0.837500 0.852050 0.201000 0.053628
1 0.398000 0.852050 0.678000 0.053628
1 0.907000 0.908833 0.062000 0.059937
1 0.467500 0.908833 0.817000 0.059937
0 0.544000 0.164669 0.050000 0.037855
0 0.763500 0.853312 0.051000 0.037224
0 0.903000 0.910726 0.052000 0.037224
0 0.746000 0.738486 0.052000 0.038486
0 0.507000 0.566246 0.052000 0.037224
0 0.136000 0.393375 0.052000 0.035962
0 0.572000 0.680126 0.052000 0.037855
0 0.785500 0.280126 0.053000 0.037855
0 0.094000 0.162776 0.054000 0.037855
0 0.766500 0.624921 0.053000 0.037224
0 0.201500 0.335647 0.051000 0.036593
0 0.187000 0.277603 0.052000 0.037855
0 0.638000 0.394953 0.052000 0.034069
0 0.176500 0.737855 0.051000 0.037224
0 0.096000 0.623659 0.054000 0.035962
0 0.312000 0.508202 0.052000 0.037224
0 0.441000 0.221136 0.050000 0.035962
0 0.246000 0.106309 0.052000 0.035962
0 0.189500 0.450473 0.051000 0.037855
0 0.558500 0.336909 0.051000 0.037855
0 0.092000 0.910410 0.054000 0.037855