1 0.502500 0.103470 0.879000 0.064353
1 0.868500 0.164038 0.147000 0.056782
1 0.429000 0.164038 0.732000 0.056782
1 0.812500 0.221451 0.259000 0.058044
1 0.373000 0.221451 0.620000 0.058044
1 0.502500 0.277287 0.879000 0.053628
1 0.912500 0.332492 0.059000 0.056782
1 0.473000 0.332492 0.820000 0.056782
1 0.719000 0.390221 0.446000 0.058675
1 0.279500 0.390221 0.433000 0.058675
1 0.911500 0.445426 0.061000 0.051735
1 0.472000 0.445426 0.818000 0.051735
1 0.867500 0.499685 0.149000 0.056782
1 0.428000 0.499685 0.730000 0.056782
1 0.640500 0.557098 0.603000 0.058044
1 0.201000 0.557098 0.276000 0.058044
1 0.656000 0.614826 0.572000 0.057413
1 0.216500 0.614826 0.307000 0.057413
1 0.611500 0.670978 0.661000 0.054890
1 0.172000 0.670978 0.218000 0.054890
1 0.774000 0.726183 0.336000 0.055521
1 0.568000 0.782334 0.748000 0.056782
1 0.334500 0.726183 0.543000 0.055521
1 0.502500 0.869716 0.879000 0.117981
1 0.128500 0.782334 0.131000 0.056782
0 0.817500 0.505994 0.049000 0.032808
0 0.362000 0.560883 0.048000 0.032808
0 0.908000 0.335647 0.052000 0.034069
0 0.840500 0.167192 0.049000 0.034069
0 0.115500 0.221451 0.051000 0.032808
0 0.395000 0.617666 0.048000 0.034069
0 0.707500 0.223028 0.051000 0.034700
0 0.519500 0.391798 0.049000 0.034069
0 0.218000 0.787382 0.048000 0.034069
0 0.905500 0.448265 0.049000 0.034700
0 0.306000 0.673502 0.048000 0.034700
0 0.632000 0.730284 0.050000 0.034700
0 0.106000 0.898738 0.048000 0.034700