1 0.502500 0.130284 0.877000 0.116719
1 0.647500 0.217981 0.587000 0.058675
1 0.209000 0.217981 0.290000 0.058675
1 0.502500 0.275079 0.877000 0.055521
1 0.912000 0.330599 0.058000 0.055521
1 0.473500 0.330599 0.819000 0.055521
1 0.756500 0.386120 0.369000 0.055521
1 0.318000 0.386120 0.508000 0.055521
1 0.502500 0.442902 0.877000 0.058044
1 0.611500 0.501262 0.659000 0.058675
1 0.173000 0.501262 0.218000 0.058675
1 0.502500 0.558991 0.877000 0.056782
1 0.624500 0.615457 0.633000 0.056151
1 0.186000 0.615457 0.244000 0.056151
1 0.502500 0.672555 0.877000 0.058044
1 0.745500 0.729338 0.391000 0.055521
1 0.307000 0.729338 0.486000 0.055521
1 0.502500 0.786751 0.877000 0.059306
1 0.748500 0.846057 0.385000 0.059306
1 0.502500 0.904416 0.877000 0.057413
1 0.310000 0.846057 0.492000 0.059306
0 0.598500 0.392429 0.053000 0.036593
0 0.379500 0.219558 0.053000 0.035331
0 0.335000 0.620820 0.052000 0.036593
0 0.577500 0.733438 0.051000 0.035962
0 0.307500 0.506309 0.053000 0.035962
0 0.099000 0.905363 0.054000 0.036593
0 0.582500 0.849211 0.053000 0.037855
0 0.909000 0.335962 0.052000 0.037224