1 0.498500 0.129968 0.879000 0.117350
1 0.547500 0.217350 0.781000 0.057413
1 0.620000 0.391167 0.636000 0.056782
1 0.108000 0.217350 0.098000 0.057413
1 0.498500 0.304416 0.879000 0.116719
1 0.571000 0.500631 0.734000 0.058675
1 0.180500 0.391167 0.243000 0.056782
1 0.498500 0.445426 0.879000 0.051735
1 0.599000 0.560252 0.678000 0.060568
1 0.131500 0.500631 0.145000 0.058675
1 0.159500 0.560252 0.201000 0.060568
1 0.498500 0.647319 0.879000 0.113565
1 0.816500 0.731230 0.243000 0.054259
1 0.377000 0.731230 0.636000 0.054259
1 0.654000 0.786120 0.568000 0.055521
1 0.214500 0.786120 0.311000 0.055521
1 0.540000 0.842902 0.796000 0.058044
1 0.100500 0.842902 0.083000 0.058044
1 0.498500 0.902839 0.879000 0.061830
0 0.350500 0.390221 0.051000 0.037224
0 0.722000 0.729653 0.050000 0.035962
0 0.164500 0.843218 0.053000 0.035962
0 0.182500 0.220189 0.051000 0.035331
0 0.286000 0.560252 0.052000 0.037855
0 0.396500 0.787382 0.051000 0.037855
0 0.098000 0.899054 0.052000 0.035331
0 0.229500 0.502839 0.051000 0.037855