1 0.498500 0.103785 0.879000 0.064984
1 0.674500 0.162776 0.527000 0.052997
1 0.235000 0.162776 0.352000 0.052997
1 0.498500 0.217981 0.879000 0.057413
1 0.861000 0.275710 0.154000 0.058044
1 0.421500 0.275710 0.725000 0.058044
1 0.823500 0.387382 0.229000 0.055521
1 0.498500 0.332177 0.879000 0.054890
1 0.704500 0.445110 0.467000 0.059937
1 0.384000 0.387382 0.650000 0.055521
1 0.839500 0.504101 0.197000 0.058044
1 0.265000 0.445110 0.412000 0.059937
1 0.400000 0.504101 0.682000 0.058044
1 0.640500 0.561199 0.595000 0.056151
1 0.599000 0.673817 0.678000 0.060568
1 0.498500 0.616404 0.879000 0.054259
1 0.201000 0.561199 0.284000 0.056151
1 0.597500 0.845741 0.681000 0.057413
1 0.498500 0.760568 0.879000 0.112934
1 0.159500 0.673817 0.201000 0.060568
1 0.498500 0.905363 0.879000 0.061830
1 0.158000 0.845741 0.198000 0.057413
0 0.810000 0.281703 0.050000 0.033438
0 0.435500 0.168139 0.049000 0.032177
0 0.368500 0.566246 0.049000 0.034700
0 0.281500 0.851104 0.049000 0.034069
0 0.766500 0.509464 0.049000 0.033438
0 0.761000 0.394006 0.048000 0.032177
0 0.285500 0.680442 0.049000 0.032177
0 0.495000 0.451420 0.050000 0.034700
0 0.092500 0.906940 0.049000 0.033438