1 0.788500 0.167192 0.305000 0.056782
1 0.502000 0.105363 0.878000 0.066877
1 0.349500 0.167192 0.573000 0.056782
1 0.707000 0.224606 0.468000 0.058044
1 0.914500 0.282019 0.053000 0.056782
1 0.268000 0.224606 0.410000 0.058044
1 0.715500 0.282019 0.345000 0.056782
1 0.772000 0.338486 0.338000 0.056151
1 0.303000 0.282019 0.480000 0.056782
1 0.537000 0.394953 0.808000 0.056782
1 0.333000 0.338486 0.540000 0.056151
1 0.098000 0.394953 0.070000 0.056782
1 0.502000 0.451735 0.878000 0.056782
1 0.857000 0.506625 0.168000 0.052997
1 0.418000 0.506625 0.710000 0.052997
1 0.569000 0.563722 0.744000 0.061199
1 0.502000 0.650158 0.878000 0.111672
1 0.770000 0.735962 0.342000 0.059937
1 0.130000 0.563722 0.134000 0.061199
1 0.331000 0.735962 0.536000 0.059937
1 0.502000 0.850473 0.878000 0.169085
0 0.623000 0.742271 0.044000 0.032177
0 0.628000 0.343533 0.046000 0.030915
0 0.566000 0.284858 0.044000 0.032177
0 0.096500 0.739748 0.049000 0.033438
0 0.156500 0.398738 0.047000 0.032808
0 0.796000 0.513565 0.046000 0.031546
0 0.496500 0.226814 0.045000 0.033438
0 0.911500 0.285489 0.045000 0.032177
0 0.660500 0.170662 0.047000 0.032177
0 0.102500 0.909464 0.047000 0.032177
0 0.222500 0.569716 0.045000 0.031546