1 0.502500 0.128707 0.877000 0.113565
1 0.804500 0.215457 0.273000 0.059937
1 0.502500 0.329022 0.877000 0.167192
1 0.366000 0.215457 0.604000 0.059937
1 0.502500 0.471924 0.877000 0.118612
1 0.630000 0.558991 0.622000 0.055521
1 0.191500 0.558991 0.255000 0.055521
1 0.502500 0.614196 0.877000 0.054890
1 0.502500 0.728391 0.877000 0.173502
1 0.803000 0.844164 0.276000 0.058044
1 0.502500 0.903470 0.877000 0.060568
1 0.364500 0.844164 0.601000 0.058044
0 0.696000 0.215773 0.052000 0.037855
0 0.346500 0.561514 0.051000 0.036593
0 0.096500 0.388328 0.053000 0.037224
0 0.692500 0.847319 0.053000 0.036593
0 0.097500 0.902524 0.053000 0.038486
0 0.098500 0.617666 0.053000 0.036593