1 0.650000 0.164353 0.582000 0.058675
1 0.502500 0.103470 0.877000 0.063091
1 0.747500 0.221767 0.387000 0.056151
1 0.211500 0.164353 0.295000 0.058675
1 0.910500 0.332492 0.061000 0.056782
1 0.502500 0.276972 0.877000 0.054259
1 0.309000 0.221767 0.490000 0.056151
1 0.910500 0.449211 0.061000 0.058044
1 0.502500 0.390536 0.877000 0.059306
1 0.472000 0.332492 0.816000 0.056782
1 0.711000 0.506625 0.460000 0.056782
1 0.472000 0.449211 0.816000 0.058044
1 0.272500 0.506625 0.417000 0.056782
1 0.576500 0.564038 0.729000 0.058044
1 0.763500 0.677603 0.355000 0.055521
1 0.502500 0.621451 0.877000 0.056782
1 0.138000 0.564038 0.148000 0.058044
1 0.325000 0.677603 0.522000 0.055521
1 0.912500 0.850158 0.057000 0.056151
1 0.502500 0.763722 0.877000 0.116719
1 0.474000 0.850158 0.820000 0.056151
1 0.502500 0.908517 0.877000 0.060568
0 0.107000 0.909464 0.050000 0.033438
0 0.237500 0.569085 0.049000 0.034069
0 0.905500 0.340063 0.049000 0.035331
0 0.384500 0.168454 0.049000 0.034069
0 0.506500 0.511041 0.047000 0.034069
0 0.909000 0.853943 0.048000 0.035962
0 0.904500 0.454574 0.049000 0.034700
0 0.634500 0.682019 0.049000 0.032808
0 0.580500 0.226183 0.047000 0.034700