1 0.752500 0.161830 0.371000 0.058675
1 0.498500 0.102208 0.879000 0.060568
1 0.619000 0.276341 0.638000 0.060568
1 0.498500 0.218612 0.879000 0.054890
1 0.313000 0.161830 0.508000 0.058675
1 0.646000 0.334069 0.584000 0.054890
1 0.179500 0.276341 0.241000 0.060568
1 0.498500 0.418297 0.879000 0.113565
1 0.206500 0.334069 0.295000 0.054890
1 0.906500 0.502524 0.063000 0.054890
1 0.467000 0.502524 0.816000 0.054890
1 0.498500 0.615773 0.879000 0.171609
1 0.700000 0.729968 0.476000 0.056782
1 0.260500 0.729968 0.403000 0.056782
1 0.498500 0.845426 0.879000 0.174132
0 0.329500 0.282019 0.051000 0.035331
0 0.596000 0.164353 0.056000 0.037224
0 0.382000 0.336593 0.054000 0.035962
0 0.491500 0.734385 0.055000 0.036593
0 0.902000 0.508202 0.052000 0.035962
0 0.095500 0.903470 0.053000 0.036593