1 0.911000 0.221136 0.062000 0.058675
1 0.503000 0.131546 0.878000 0.120505
1 0.472000 0.221136 0.816000 0.058675
1 0.862000 0.278233 0.160000 0.055521
1 0.625000 0.391483 0.634000 0.058675
1 0.503000 0.334069 0.878000 0.056151
1 0.423000 0.278233 0.718000 0.055521
1 0.911500 0.506940 0.061000 0.056151
1 0.503000 0.449842 0.878000 0.058044
1 0.186000 0.391483 0.244000 0.058675
1 0.503000 0.563091 0.878000 0.056151
1 0.472500 0.506940 0.817000 0.056151
1 0.829500 0.731230 0.225000 0.054259
1 0.503000 0.647634 0.878000 0.112934
1 0.756000 0.844164 0.372000 0.056782
1 0.503000 0.787066 0.878000 0.057413
1 0.390500 0.731230 0.653000 0.054259
1 0.317000 0.844164 0.506000 0.056782
1 0.503000 0.903155 0.878000 0.061199
0 0.743000 0.735962 0.048000 0.034700
0 0.907000 0.226183 0.050000 0.034700
0 0.358000 0.395899 0.048000 0.033438
0 0.098500 0.904732 0.049000 0.034069
0 0.595000 0.848580 0.048000 0.034069
0 0.810000 0.284227 0.052000 0.033438
0 0.906500 0.510726 0.051000 0.034700
0 0.102500 0.565300 0.049000 0.035331