1 0.726500 0.156782 0.431000 0.058675
1 0.503000 0.099369 0.878000 0.056151
1 0.503000 0.300631 0.878000 0.229022
1 0.645500 0.445426 0.593000 0.060568
1 0.287500 0.156782 0.447000 0.058675
1 0.206500 0.445426 0.285000 0.060568
1 0.503000 0.560252 0.878000 0.169085
1 0.535000 0.673817 0.814000 0.058044
1 0.544000 0.732177 0.796000 0.058675
1 0.096000 0.673817 0.064000 0.058044
1 0.503000 0.848896 0.878000 0.174763
1 0.105000 0.732177 0.082000 0.058675
0 0.537500 0.162461 0.049000 0.033438
0 0.153000 0.683912 0.048000 0.031546
0 0.172000 0.740063 0.048000 0.034069
0 0.097000 0.911356 0.048000 0.034700
0 0.374000 0.450789 0.050000 0.034700