1 0.532000 0.274448 0.818000 0.058044
1 0.502000 0.158675 0.878000 0.173502
1 0.093000 0.274448 0.060000 0.058044
1 0.502000 0.418612 0.878000 0.230284
1 0.794500 0.561830 0.293000 0.056151
1 0.355500 0.561830 0.585000 0.056151
1 0.502000 0.616719 0.878000 0.053628
1 0.542000 0.674448 0.798000 0.061830
1 0.103000 0.674448 0.080000 0.061830
1 0.502000 0.763722 0.878000 0.116719
1 0.795500 0.849527 0.291000 0.054890
1 0.502000 0.906625 0.878000 0.059306
1 0.356500 0.849527 0.587000 0.054890
0 0.149500 0.277603 0.051000 0.037855
0 0.167500 0.679495 0.049000 0.036593
0 0.678000 0.851735 0.052000 0.036593
0 0.675500 0.564353 0.051000 0.037224
0 0.106500 0.910095 0.053000 0.037224