1 0.499000 0.103785 0.878000 0.064984
1 0.579500 0.164669 0.717000 0.056782
1 0.499000 0.220189 0.878000 0.054259
1 0.140500 0.164669 0.161000 0.056782
1 0.835500 0.276656 0.205000 0.058675
1 0.499000 0.334069 0.878000 0.056151
1 0.778500 0.390852 0.319000 0.057413
1 0.396500 0.276656 0.673000 0.058675
1 0.339500 0.390852 0.559000 0.057413
1 0.730500 0.448265 0.415000 0.057413
1 0.291500 0.448265 0.463000 0.057413
1 0.499000 0.504732 0.878000 0.055521
1 0.784500 0.559937 0.307000 0.054890
1 0.345500 0.559937 0.571000 0.054890
1 0.499000 0.617350 0.878000 0.059937
1 0.845500 0.675710 0.185000 0.056782
1 0.406500 0.675710 0.693000 0.056782
1 0.499000 0.732177 0.878000 0.056151
1 0.643000 0.842902 0.590000 0.056782
1 0.499000 0.787382 0.878000 0.054259
1 0.204000 0.842902 0.288000 0.056782
1 0.499000 0.902524 0.878000 0.062461
0 0.644000 0.394637 0.050000 0.033438
0 0.659000 0.565300 0.050000 0.035331
0 0.757500 0.282019 0.049000 0.032808
0 0.779000 0.679811 0.050000 0.033438
0 0.575000 0.451420 0.048000 0.035962
0 0.247000 0.168770 0.050000 0.033438
0 0.374000 0.849842 0.050000 0.035331
0 0.089000 0.735331 0.050000 0.033438
0 0.095000 0.906625 0.050000 0.034069