1 0.502500 0.159937 0.879000 0.177287
1 0.909500 0.277603 0.065000 0.058044
1 0.470000 0.277603 0.814000 0.058044
1 0.502500 0.332808 0.879000 0.052366
1 0.675500 0.388013 0.533000 0.058044
1 0.236000 0.388013 0.346000 0.058044
1 0.502500 0.446688 0.879000 0.059306
1 0.810000 0.501893 0.264000 0.051104
1 0.370500 0.501893 0.615000 0.051104
1 0.553000 0.555521 0.778000 0.056151
1 0.113500 0.555521 0.101000 0.056151
1 0.502500 0.613880 0.879000 0.060568
1 0.742500 0.672871 0.399000 0.057413
1 0.303000 0.672871 0.480000 0.057413
1 0.502500 0.728391 0.879000 0.053628
1 0.783000 0.785489 0.318000 0.060568
1 0.502500 0.875079 0.879000 0.118612
1 0.343500 0.785489 0.561000 0.060568
0 0.567500 0.673186 0.049000 0.034069
0 0.703000 0.503155 0.052000 0.034700
0 0.434500 0.390536 0.051000 0.036593
0 0.188000 0.559937 0.048000 0.033438
0 0.902500 0.276656 0.047000 0.034700
0 0.648000 0.786435 0.050000 0.035962
0 0.100000 0.899054 0.050000 0.035331