1 0.502500 0.103470 0.879000 0.064353
1 0.640500 0.164038 0.603000 0.056782
1 0.201000 0.164038 0.276000 0.056782
1 0.502500 0.248896 0.879000 0.112934
1 0.605500 0.333754 0.673000 0.056782
1 0.166000 0.333754 0.206000 0.056782
1 0.502500 0.391167 0.879000 0.058044
1 0.911500 0.448265 0.061000 0.056151
1 0.472000 0.448265 0.818000 0.056151
1 0.599000 0.503155 0.686000 0.053628
1 0.159500 0.503155 0.193000 0.053628
1 0.502500 0.587382 0.879000 0.114826
1 0.851000 0.674132 0.182000 0.058675
1 0.502500 0.731546 0.879000 0.056151
1 0.411500 0.674132 0.697000 0.058675
1 0.595500 0.785804 0.693000 0.052366
1 0.156000 0.785804 0.186000 0.052366
1 0.788000 0.840694 0.308000 0.057413
1 0.502500 0.901262 0.879000 0.063722
1 0.348500 0.840694 0.571000 0.057413
0 0.281000 0.504416 0.050000 0.034700
0 0.363000 0.165300 0.050000 0.035331
0 0.906500 0.448896 0.051000 0.035962
0 0.659500 0.846372 0.049000 0.033438
0 0.786500 0.676025 0.047000 0.035962
0 0.098500 0.901893 0.049000 0.035962
0 0.292000 0.335962 0.052000 0.034700
0 0.273500 0.789905 0.051000 0.034069