1 0.501500 0.103470 0.877000 0.064353
1 0.804000 0.165300 0.272000 0.059306
1 0.365500 0.165300 0.605000 0.059306
1 0.501500 0.222397 0.877000 0.054890
1 0.911000 0.335962 0.058000 0.059937
1 0.501500 0.277918 0.877000 0.056151
1 0.759000 0.394637 0.362000 0.057413
1 0.472500 0.335962 0.819000 0.059937
1 0.501500 0.451104 0.877000 0.055521
1 0.320500 0.394637 0.515000 0.057413
1 0.592000 0.507886 0.696000 0.058044
1 0.501500 0.594322 0.877000 0.114826
1 0.910500 0.680442 0.059000 0.057413
1 0.153500 0.507886 0.181000 0.058044
1 0.747500 0.737855 0.385000 0.057413
1 0.472000 0.680442 0.818000 0.057413
1 0.910500 0.850789 0.059000 0.056151
1 0.501500 0.794637 0.877000 0.056151
1 0.309000 0.737855 0.492000 0.057413
1 0.472000 0.850789 0.818000 0.056151
1 0.501500 0.908833 0.877000 0.059937
0 0.629000 0.393691 0.048000 0.034069
0 0.907500 0.854574 0.049000 0.034700
0 0.907500 0.681703 0.049000 0.033438
0 0.909500 0.337855 0.051000 0.034700
0 0.581000 0.740694 0.048000 0.035331
0 0.095000 0.224921 0.050000 0.034700
0 0.109000 0.912618 0.048000 0.034700
0 0.692000 0.169085 0.050000 0.034069
0 0.099500 0.854574 0.049000 0.034700
0 0.269500 0.511041 0.049000 0.035331