1 0.498000 0.131230 0.876000 0.119874
1 0.550000 0.219874 0.772000 0.057413
1 0.498000 0.276656 0.876000 0.056151
1 0.702000 0.332808 0.468000 0.056151
1 0.112000 0.219874 0.104000 0.057413
1 0.264000 0.332808 0.408000 0.056151
1 0.577500 0.389274 0.717000 0.056782
1 0.723000 0.502839 0.426000 0.056782
1 0.498000 0.446057 0.876000 0.056782
1 0.139500 0.389274 0.159000 0.056782
1 0.719500 0.616088 0.433000 0.053628
1 0.498000 0.560252 0.876000 0.058044
1 0.285000 0.502839 0.450000 0.056782
1 0.498000 0.703155 0.876000 0.120505
1 0.908500 0.789590 0.055000 0.052366
1 0.281500 0.616088 0.443000 0.053628
1 0.470500 0.789590 0.821000 0.052366
1 0.498000 0.875394 0.876000 0.119243
0 0.189500 0.223975 0.045000 0.032808
0 0.525500 0.621767 0.047000 0.032177
0 0.493000 0.335962 0.048000 0.033438
0 0.242000 0.395268 0.048000 0.032177
0 0.554500 0.506625 0.049000 0.032808
0 0.904500 0.792429 0.047000 0.032808
0 0.094000 0.906309 0.046000 0.032177