1 0.906500 0.160883 0.063000 0.059306
1 0.498500 0.101262 0.879000 0.059937
1 0.734000 0.220505 0.408000 0.059937
1 0.467000 0.160883 0.816000 0.059306
1 0.546500 0.278549 0.783000 0.056151
1 0.294500 0.220505 0.471000 0.059937
1 0.662500 0.335331 0.551000 0.057413
1 0.107000 0.278549 0.096000 0.056151
1 0.848500 0.393691 0.179000 0.059306
1 0.223000 0.335331 0.328000 0.057413
1 0.703000 0.450789 0.470000 0.054890
1 0.409000 0.393691 0.700000 0.059306
1 0.670500 0.506309 0.535000 0.056151
1 0.263500 0.450789 0.409000 0.054890
1 0.568500 0.562461 0.739000 0.056151
1 0.231000 0.506309 0.344000 0.056151
1 0.610500 0.620189 0.655000 0.059306
1 0.129000 0.562461 0.140000 0.056151
1 0.684000 0.677918 0.508000 0.056151
1 0.171000 0.620189 0.224000 0.059306
1 0.801000 0.788959 0.274000 0.057413
1 0.498500 0.733123 0.879000 0.054259
1 0.244500 0.677918 0.371000 0.056151
1 0.463000 0.788959 0.402000 0.057413
1 0.769500 0.847003 0.337000 0.058675
1 0.160500 0.788959 0.203000 0.057413
1 0.837500 0.905363 0.201000 0.058044
1 0.330000 0.847003 0.542000 0.058675
1 0.398000 0.905363 0.678000 0.058044
0 0.691000 0.791483 0.052000 0.037224
0 0.289500 0.789905 0.051000 0.037855
0 0.456500 0.677603 0.051000 0.037855
0 0.763000 0.906940 0.052000 0.035962
0 0.413000 0.335016 0.054000 0.036593
0 0.903000 0.164669 0.052000 0.037855
0 0.428000 0.506625 0.052000 0.035331
0 0.628000 0.849211 0.052000 0.036593
0 0.307000 0.619874 0.052000 0.035962
0 0.781000 0.395268 0.050000 0.035962
0 0.226000 0.564038 0.052000 0.036593
0 0.557500 0.223028 0.051000 0.035962
0 0.180500 0.276656 0.049000 0.037224
0 0.494500 0.450789 0.051000 0.037224
0 0.097000 0.903785 0.052000 0.037224