1 0.561500 0.103785 0.753000 0.064984
1 0.738500 0.164669 0.399000 0.056782
1 0.122000 0.103785 0.126000 0.064984
1 0.299000 0.164669 0.480000 0.056782
1 0.797500 0.222082 0.281000 0.058044
1 0.400500 0.222082 0.513000 0.058044
1 0.498500 0.280757 0.879000 0.059306
1 0.906500 0.338801 0.063000 0.056782
1 0.101500 0.222082 0.085000 0.058044
1 0.467000 0.338801 0.816000 0.056782
1 0.832500 0.395268 0.211000 0.056151
1 0.393000 0.395268 0.668000 0.056151
1 0.740500 0.505994 0.395000 0.055521
1 0.498500 0.450789 0.879000 0.054890
1 0.835500 0.561830 0.205000 0.056151
1 0.301000 0.505994 0.484000 0.055521
1 0.825500 0.619558 0.225000 0.059306
1 0.396000 0.561830 0.674000 0.056151
1 0.840500 0.677287 0.195000 0.056151
1 0.386000 0.619558 0.654000 0.059306
1 0.833000 0.732177 0.210000 0.053628
1 0.401000 0.677287 0.684000 0.056151
1 0.671000 0.787697 0.534000 0.057413
1 0.393500 0.732177 0.669000 0.053628
1 0.231500 0.787697 0.345000 0.057413
1 0.609000 0.845426 0.658000 0.058044
1 0.169500 0.845426 0.221000 0.058044
1 0.498500 0.904101 0.879000 0.059306
0 0.750000 0.396530 0.048000 0.033438
0 0.208500 0.110726 0.049000 0.034700
0 0.769500 0.681703 0.049000 0.034700
0 0.900500 0.340694 0.051000 0.035331
0 0.565000 0.168770 0.048000 0.033438
0 0.757000 0.568454 0.050000 0.032808
0 0.681000 0.224606 0.048000 0.034069
0 0.304500 0.850789 0.049000 0.035962
0 0.737500 0.624290 0.049000 0.034700
0 0.168500 0.225237 0.049000 0.035331
0 0.430000 0.794006 0.048000 0.033438
0 0.568000 0.509779 0.048000 0.034069
0 0.754500 0.738170 0.049000 0.034069
0 0.096500 0.905678 0.049000 0.034700