1 0.771500 0.101262 0.333000 0.059937
1 0.446500 0.101262 0.317000 0.059937
1 0.173500 0.101262 0.229000 0.059937
1 0.877000 0.160568 0.122000 0.058675
1 0.688500 0.160568 0.255000 0.058675
1 0.375000 0.160568 0.372000 0.058675
1 0.804000 0.218612 0.268000 0.057413
1 0.124000 0.160568 0.130000 0.058675
1 0.478500 0.218612 0.383000 0.057413
1 0.693500 0.276972 0.489000 0.059306
1 0.173000 0.218612 0.228000 0.057413
1 0.254000 0.276972 0.390000 0.059306
1 0.907000 0.335647 0.062000 0.058044
1 0.467500 0.335647 0.817000 0.058044
1 0.698000 0.393375 0.480000 0.057413
1 0.258500 0.393375 0.399000 0.057413
1 0.629000 0.448265 0.618000 0.052366
1 0.189500 0.448265 0.261000 0.052366
1 0.838500 0.503470 0.199000 0.058044
1 0.542000 0.503470 0.394000 0.058044
1 0.820000 0.563091 0.236000 0.061199
1 0.202000 0.503470 0.286000 0.058044
1 0.380500 0.563091 0.643000 0.061199
1 0.845500 0.619874 0.185000 0.052366
1 0.426000 0.619874 0.654000 0.052366
1 0.560000 0.676656 0.756000 0.061199
1 0.079000 0.619874 0.040000 0.052366
1 0.728000 0.735016 0.420000 0.055521
1 0.120500 0.676656 0.123000 0.061199
1 0.907500 0.790536 0.061000 0.055521
1 0.288500 0.735016 0.459000 0.055521
1 0.468000 0.790536 0.818000 0.055521
1 0.498500 0.847634 0.879000 0.058675
1 0.907000 0.907886 0.062000 0.061830
1 0.467500 0.907886 0.817000 0.061830
0 0.903000 0.337539 0.052000 0.037855
0 0.542500 0.735331 0.053000 0.038486
0 0.585500 0.165300 0.049000 0.036593
0 0.091000 0.391798 0.052000 0.037855
0 0.207000 0.677603 0.050000 0.036593
0 0.371000 0.506309 0.052000 0.037224
0 0.902500 0.793060 0.053000 0.035331
0 0.099500 0.790852 0.053000 0.037224
0 0.727000 0.564669 0.050000 0.037855
0 0.480500 0.394006 0.049000 0.034700
0 0.839500 0.165615 0.049000 0.035962
0 0.764000 0.507571 0.048000 0.035962
0 0.095000 0.335962 0.052000 0.035962
0 0.901500 0.907571 0.053000 0.035962
0 0.632000 0.106625 0.048000 0.035331
0 0.313000 0.223028 0.052000 0.035962
0 0.343500 0.448896 0.051000 0.035962
0 0.696500 0.223659 0.051000 0.035962
0 0.214500 0.164984 0.051000 0.037224
0 0.101000 0.905994 0.052000 0.035331
0 0.315000 0.107571 0.052000 0.035962
0 0.121500 0.619874 0.047000 0.034700
0 0.475000 0.278864 0.052000 0.036593
0 0.777000 0.622082 0.050000 0.035331