1 0.692500 0.447634 0.487000 0.053628
1 0.497500 0.245741 0.877000 0.350158
1 0.497500 0.562776 0.877000 0.176656
1 0.718000 0.678864 0.436000 0.055521
1 0.254000 0.447634 0.390000 0.053628
1 0.279500 0.678864 0.441000 0.055521
1 0.690000 0.734700 0.492000 0.056151
1 0.251500 0.734700 0.385000 0.056151
1 0.684000 0.848580 0.504000 0.055521
1 0.497500 0.791798 0.877000 0.058044
1 0.245500 0.848580 0.373000 0.055521
1 0.497500 0.907571 0.877000 0.062461
0 0.477000 0.452050 0.054000 0.037224
0 0.527500 0.682019 0.051000 0.035331
0 0.459000 0.851735 0.052000 0.036593
0 0.471000 0.737539 0.052000 0.036593
0 0.092500 0.910095 0.053000 0.037224