1 0.542500 0.158360 0.797000 0.058044
1 0.502000 0.100631 0.878000 0.057413
1 0.103500 0.158360 0.081000 0.058044
1 0.502000 0.273186 0.878000 0.171609
1 0.502000 0.387697 0.878000 0.057413
1 0.908500 0.444479 0.065000 0.056151
1 0.502000 0.502524 0.878000 0.059937
1 0.910000 0.559937 0.062000 0.054890
1 0.469500 0.444479 0.813000 0.056151
1 0.471000 0.559937 0.816000 0.054890
1 0.502000 0.615457 0.878000 0.056151
1 0.797500 0.673186 0.287000 0.059306
1 0.358500 0.673186 0.591000 0.059306
1 0.581500 0.729653 0.719000 0.053628
1 0.502000 0.844479 0.878000 0.176025
1 0.142500 0.729653 0.159000 0.053628
0 0.275500 0.733123 0.051000 0.036593
0 0.680500 0.677918 0.049000 0.035962
0 0.904500 0.564353 0.051000 0.037224
0 0.100000 0.332808 0.054000 0.037224
0 0.097000 0.903470 0.052000 0.037855
0 0.170500 0.163091 0.051000 0.038486
0 0.903000 0.449211 0.052000 0.036593