1 0.620500 0.161830 0.643000 0.058675
1 0.502500 0.101893 0.879000 0.061199
1 0.840000 0.276025 0.204000 0.054890
1 0.502500 0.219874 0.879000 0.057413
1 0.181000 0.161830 0.236000 0.058675
1 0.400500 0.276025 0.675000 0.054890
1 0.540500 0.334385 0.803000 0.061830
1 0.502500 0.447319 0.879000 0.164038
1 0.101000 0.334385 0.076000 0.061830
1 0.911500 0.558360 0.061000 0.058044
1 0.472000 0.558360 0.818000 0.058044
1 0.644500 0.615457 0.595000 0.056151
1 0.859000 0.731861 0.166000 0.058044
1 0.502500 0.673186 0.879000 0.059306
1 0.205000 0.615457 0.284000 0.056151
1 0.802000 0.788013 0.280000 0.054259
1 0.419500 0.731861 0.713000 0.058044
1 0.766500 0.842271 0.351000 0.054259
1 0.362500 0.788013 0.599000 0.054259
1 0.327000 0.842271 0.528000 0.054259
1 0.502500 0.902524 0.879000 0.066246
0 0.804500 0.735962 0.049000 0.034700
0 0.323500 0.166246 0.049000 0.034700
0 0.688000 0.792744 0.048000 0.034700
0 0.374500 0.620189 0.051000 0.034069
0 0.763000 0.281073 0.048000 0.033438
0 0.907500 0.565615 0.049000 0.035962
0 0.163000 0.337539 0.048000 0.034069
0 0.616500 0.848896 0.049000 0.034700
0 0.094500 0.907256 0.051000 0.032808