1 0.502000 0.101577 0.878000 0.059306
1 0.911500 0.160252 0.059000 0.058044
1 0.472500 0.160252 0.819000 0.058044
1 0.768000 0.217981 0.346000 0.057413
1 0.329000 0.217981 0.532000 0.057413
1 0.502000 0.276341 0.878000 0.059306
1 0.910000 0.334700 0.062000 0.057413
1 0.471000 0.334700 0.816000 0.057413
1 0.502000 0.391483 0.878000 0.056151
1 0.502000 0.508202 0.878000 0.044795
1 0.873000 0.560883 0.136000 0.060568
1 0.514500 0.560883 0.581000 0.060568
1 0.693000 0.674132 0.496000 0.061199
1 0.502000 0.617350 0.878000 0.052366
1 0.143500 0.560883 0.161000 0.060568
1 0.819500 0.843533 0.243000 0.058044
1 0.502000 0.759621 0.878000 0.109779
1 0.254000 0.674132 0.382000 0.061199
1 0.380500 0.843533 0.635000 0.058044
1 0.502000 0.903470 0.878000 0.061830
0 0.248500 0.564984 0.051000 0.037224
0 0.905500 0.335962 0.051000 0.037224
0 0.471000 0.677918 0.050000 0.037224
0 0.725500 0.849527 0.051000 0.037224
0 0.622000 0.220505 0.052000 0.034700
0 0.907500 0.164353 0.051000 0.037224
0 0.105500 0.331230 0.051000 0.034069
0 0.104000 0.388013 0.052000 0.036593
0 0.097500 0.902208 0.051000 0.037855
0 0.830500 0.568139 0.051000 0.035962