1 0.503000 0.103785 0.878000 0.064984
1 0.806500 0.163722 0.271000 0.054890
1 0.631500 0.219558 0.621000 0.056782
1 0.367500 0.163722 0.607000 0.054890
1 0.503000 0.305678 0.878000 0.115457
1 0.192500 0.219558 0.257000 0.056782
1 0.503000 0.390536 0.878000 0.054259
1 0.840000 0.446688 0.204000 0.058044
1 0.401000 0.446688 0.674000 0.058044
1 0.811500 0.503155 0.261000 0.054890
1 0.372500 0.503155 0.617000 0.054890
1 0.824500 0.559937 0.235000 0.058675
1 0.385500 0.559937 0.643000 0.058675
1 0.820500 0.617981 0.243000 0.057413
1 0.784000 0.674763 0.316000 0.056151
1 0.381500 0.617981 0.635000 0.057413
1 0.377000 0.674763 0.498000 0.056151
1 0.096000 0.674763 0.064000 0.056151
1 0.608500 0.733123 0.667000 0.060568
1 0.710000 0.791167 0.464000 0.055521
1 0.169500 0.733123 0.211000 0.060568
1 0.271000 0.791167 0.414000 0.055521
1 0.503000 0.847319 0.878000 0.056782
1 0.503000 0.907256 0.878000 0.063091
0 0.706000 0.508833 0.050000 0.034700
0 0.695500 0.166562 0.049000 0.035331
0 0.763000 0.451735 0.048000 0.035331
0 0.501500 0.794322 0.049000 0.032808
0 0.097000 0.337855 0.050000 0.035962
0 0.756000 0.566246 0.050000 0.034700
0 0.652000 0.678233 0.050000 0.035331
0 0.105500 0.851104 0.047000 0.035331
0 0.152500 0.678549 0.047000 0.034700
0 0.724000 0.622713 0.048000 0.034069
0 0.103000 0.907886 0.050000 0.032808
0 0.349000 0.223344 0.050000 0.035331
0 0.299500 0.736593 0.049000 0.034700