1 0.789500 0.160883 0.297000 0.059306
1 0.498500 0.101262 0.879000 0.059937
1 0.474500 0.160883 0.333000 0.059306
1 0.183500 0.160883 0.249000 0.059306
1 0.746500 0.216404 0.383000 0.051735
1 0.382500 0.216404 0.345000 0.051735
1 0.134500 0.216404 0.151000 0.051735
1 0.870500 0.271924 0.135000 0.059306
1 0.585500 0.271924 0.435000 0.059306
1 0.213500 0.271924 0.309000 0.059306
1 0.810500 0.331546 0.255000 0.059937
1 0.520500 0.331546 0.325000 0.059937
1 0.208500 0.331546 0.299000 0.059937
1 0.769500 0.388013 0.337000 0.052997
1 0.484500 0.388013 0.233000 0.052997
1 0.250500 0.388013 0.235000 0.052997
1 0.096000 0.388013 0.074000 0.052997
1 0.817000 0.444164 0.242000 0.059306
1 0.594500 0.444164 0.203000 0.059306
1 0.276000 0.444164 0.434000 0.059306
1 0.760000 0.623344 0.356000 0.059306
1 0.498500 0.566877 0.879000 0.053628
1 0.443500 0.623344 0.277000 0.059306
1 0.907500 0.681388 0.061000 0.056782
1 0.182000 0.623344 0.246000 0.059306
1 0.713000 0.681388 0.328000 0.056782
1 0.390500 0.681388 0.317000 0.056782
1 0.145500 0.681388 0.173000 0.056782
1 0.843500 0.736909 0.189000 0.054259
1 0.469000 0.736909 0.560000 0.054259
1 0.848500 0.792114 0.179000 0.056151
1 0.124000 0.736909 0.130000 0.054259
1 0.572000 0.792114 0.374000 0.056151
1 0.222000 0.792114 0.326000 0.056151
1 0.787000 0.847950 0.302000 0.055521
1 0.442000 0.847950 0.388000 0.055521
1 0.153500 0.847950 0.189000 0.055521
1 0.814000 0.907256 0.248000 0.063091
1 0.546500 0.907256 0.287000 0.063091
1 0.231000 0.907256 0.344000 0.063091
0 0.214500 0.741009 0.051000 0.035962
0 0.900000 0.684543 0.048000 0.035331
0 0.775000 0.739748 0.050000 0.037224
0 0.275000 0.852681 0.052000 0.035962
0 0.092000 0.442587 0.054000 0.037224
0 0.830000 0.269401 0.050000 0.035331
0 0.721000 0.441956 0.050000 0.037224
0 0.664000 0.157098 0.052000 0.036593
0 0.408000 0.796215 0.050000 0.035331
0 0.090000 0.269085 0.050000 0.035962
0 0.329500 0.627445 0.049000 0.037224
0 0.256000 0.684543 0.052000 0.035331
0 0.660500 0.853628 0.051000 0.035331
0 0.091500 0.798107 0.051000 0.035331
0 0.575000 0.683912 0.050000 0.035331
0 0.782500 0.795584 0.049000 0.035331
0 0.236000 0.214511 0.050000 0.036593
0 0.426000 0.909464 0.050000 0.035962
0 0.518000 0.442271 0.050000 0.034069
0 0.577000 0.213249 0.046000 0.035331
0 0.092500 0.155836 0.053000 0.036593
0 0.393000 0.270347 0.046000 0.034700
0 0.606000 0.626814 0.050000 0.037224
0 0.091500 0.329022 0.053000 0.038486
0 0.715500 0.911356 0.051000 0.035962
0 0.707000 0.327445 0.048000 0.036593
0 0.382000 0.329022 0.046000 0.035962
0 0.157000 0.386751 0.048000 0.035331
0 0.333500 0.158675 0.051000 0.035962
0 0.093000 0.910095 0.052000 0.037224
0 0.623500 0.385174 0.047000 0.035962
0 0.391500 0.386751 0.047000 0.036593