1 0.504914 0.175791 0.823096 0.118905
1 0.622850 0.685201 0.592138 0.059880
1 0.731572 0.385372 0.374693 0.059025
1 0.629607 0.864842 0.578624 0.059880
1 0.210074 0.685201 0.233415 0.059880
1 0.217445 0.864842 0.245700 0.059880
1 0.320025 0.385800 0.450860 0.059880
1 0.334767 0.326347 0.480344 0.059025
1 0.506143 0.506416 0.820639 0.059880
1 0.426904 0.566296 0.667076 0.059880
1 0.746929 0.325920 0.343980 0.059880
1 0.506757 0.266039 0.821867 0.061591
1 0.620393 0.446108 0.597052 0.060736
1 0.504914 0.926005 0.820639 0.062447
1 0.425061 0.805389 0.660934 0.059025
1 0.506143 0.625749 0.823096 0.059025
1 0.530713 0.085971 0.773956 0.060736
1 0.208231 0.445680 0.227273 0.059880
1 0.836609 0.805389 0.162162 0.059025
1 0.504914 0.745509 0.825553 0.060736
1 0.840295 0.566296 0.154791 0.059880
1 0.118550 0.085971 0.047912 0.060736
0 0.343980 0.449957 0.044226 0.035928
0 0.569410 0.388366 0.045455 0.035928
0 0.128378 0.926005 0.045455 0.036784
0 0.785012 0.569718 0.044226 0.035928
0 0.131450 0.208725 0.046683 0.035928
0 0.364251 0.867408 0.045455 0.035928
0 0.350123 0.688623 0.044226 0.035928
0 0.164619 0.090248 0.044226 0.035073
0 0.779484 0.807956 0.045455 0.036784
0 0.597666 0.330197 0.045455 0.035928