1 0.692260 0.384944 0.453317 0.059880
1 0.390663 0.505988 0.592138 0.060736
1 0.245086 0.685201 0.300983 0.059880
1 0.205774 0.805389 0.224816 0.059025
1 0.281327 0.625749 0.373464 0.059025
1 0.718059 0.864842 0.401720 0.059880
1 0.618550 0.805389 0.600737 0.059025
1 0.574324 0.685201 0.359951 0.059880
1 0.522113 0.445252 0.528256 0.060736
1 0.836609 0.685201 0.164619 0.059880
1 0.305897 0.864842 0.422604 0.059880
1 0.189803 0.745509 0.190418 0.060736
1 0.238943 0.566296 0.291155 0.059880
1 0.802211 0.505988 0.233415 0.060736
1 0.280098 0.385372 0.371007 0.059025
1 0.762285 0.745509 0.315725 0.060736
1 0.727887 0.265612 0.379607 0.060736
1 0.507985 0.085971 0.821867 0.060736
1 0.550983 0.205731 0.735872 0.059025
1 0.692875 0.625749 0.449631 0.059025
1 0.651106 0.566296 0.533170 0.059880
1 0.558354 0.146279 0.726044 0.059880
1 0.444717 0.745509 0.319410 0.060736
1 0.475430 0.326347 0.761671 0.059025
1 0.476658 0.926005 0.764128 0.062447
1 0.316953 0.265612 0.444717 0.060736
1 0.851966 0.445252 0.131450 0.060736
1 0.175061 0.445252 0.163391 0.060736
1 0.144963 0.146279 0.103194 0.059880
1 0.889435 0.325920 0.058968 0.059880
1 0.138821 0.205731 0.088452 0.059025
1 0.888821 0.926005 0.060197 0.062447
0 0.123464 0.505988 0.047912 0.038494
0 0.779484 0.688623 0.047912 0.037639
0 0.342138 0.807528 0.047912 0.037639
0 0.135135 0.926433 0.049140 0.037639
0 0.128378 0.092814 0.047912 0.038494
0 0.628378 0.748503 0.047912 0.037639
0 0.541155 0.866125 0.047912 0.038494
0 0.240172 0.152267 0.047912 0.037639
0 0.491400 0.627032 0.046683 0.037639
0 0.409705 0.567579 0.047912 0.038494
0 0.490786 0.386655 0.047912 0.037639
0 0.282555 0.447391 0.049140 0.037639
0 0.710688 0.508127 0.047912 0.037639
0 0.419533 0.689906 0.047912 0.038494
0 0.130221 0.328058 0.049140 0.038494
0 0.810197 0.446963 0.047912 0.038494
0 0.883292 0.329769 0.046683 0.036784
0 0.882064 0.925577 0.046683 0.037639
0 0.563268 0.269033 0.047912 0.038494
0 0.309582 0.748503 0.049140 0.037639
0 0.207617 0.211292 0.049140 0.037639