1 0.495700 0.144140 0.824324 0.178785
1 0.681818 0.864414 0.452088 0.060736
1 0.404177 0.683918 0.638821 0.059025
1 0.726044 0.264328 0.363636 0.061591
1 0.495700 0.354577 0.824324 0.120616
1 0.797297 0.444825 0.223587 0.059880
1 0.269656 0.863986 0.369779 0.061591
1 0.703317 0.503849 0.409091 0.059880
1 0.385135 0.444825 0.600737 0.059880
1 0.314496 0.263901 0.459459 0.060736
1 0.366093 0.624465 0.562654 0.059880
1 0.496929 0.564157 0.824324 0.060736
1 0.777641 0.624465 0.260442 0.059880
1 0.291769 0.503849 0.414005 0.059880
1 0.468673 0.803251 0.767813 0.059880
1 0.496314 0.925150 0.825553 0.060736
1 0.815725 0.683490 0.186732 0.059880
1 0.497543 0.743370 0.823096 0.059880
1 0.881450 0.803678 0.055283 0.059025
0 0.121622 0.924294 0.049140 0.038494
0 0.671376 0.625749 0.047912 0.038494
0 0.479730 0.866125 0.047912 0.038494
0 0.748157 0.687340 0.049140 0.038494
0 0.568182 0.269033 0.047912 0.038494
0 0.877764 0.808383 0.047912 0.037639
0 0.524570 0.506843 0.049140 0.038494
0 0.712531 0.448674 0.049140 0.038494