1 0.732801 0.445252 0.377150 0.060736
1 0.505528 0.505988 0.824324 0.060736
1 0.183661 0.864842 0.178133 0.059880
1 0.248157 0.745509 0.307125 0.060736
1 0.225430 0.566296 0.264128 0.059880
1 0.504914 0.655261 0.823096 0.119760
1 0.505528 0.926005 0.819410 0.062447
1 0.319410 0.445252 0.449631 0.060736
1 0.278870 0.205731 0.368550 0.059025
1 0.691032 0.205731 0.455774 0.059025
1 0.207617 0.146279 0.226044 0.059880
1 0.505528 0.805389 0.819410 0.059025
1 0.506143 0.385372 0.823096 0.059025
1 0.660319 0.745937 0.514742 0.059880
1 0.292998 0.325920 0.396806 0.059880
1 0.596437 0.864842 0.644963 0.059880
1 0.505528 0.085971 0.819410 0.060736
1 0.507371 0.265612 0.818182 0.060736
1 0.638821 0.566296 0.560197 0.059880
1 0.705160 0.325920 0.427518 0.059880
1 0.618550 0.146279 0.595823 0.059880
0 0.425061 0.751069 0.046683 0.035928
0 0.487101 0.211719 0.045455 0.036784
0 0.590295 0.448246 0.045455 0.035928
0 0.344595 0.152267 0.045455 0.035928
0 0.516585 0.329341 0.045455 0.035928
0 0.128993 0.927288 0.046683 0.035928
0 0.380835 0.565868 0.046683 0.036784
0 0.297297 0.869119 0.046683 0.035928