1 0.288084 0.205304 0.386978 0.059880
1 0.614865 0.265612 0.610565 0.060736
1 0.700860 0.205731 0.438575 0.059025
1 0.200860 0.265612 0.214988 0.060736
1 0.505528 0.385372 0.819410 0.059025
1 0.250000 0.685201 0.313268 0.059880
1 0.556511 0.864842 0.719902 0.059880
1 0.571867 0.505988 0.689189 0.060736
1 0.584767 0.745937 0.665848 0.059880
1 0.504300 0.625749 0.819410 0.059025
1 0.504914 0.805389 0.820639 0.059025
1 0.504914 0.325920 0.820639 0.059880
1 0.504914 0.926005 0.823096 0.062447
1 0.590295 0.566296 0.652334 0.059880
1 0.195332 0.445252 0.203931 0.060736
1 0.660934 0.685201 0.511057 0.059880
1 0.474201 0.146279 0.761671 0.059880
1 0.507371 0.085971 0.825553 0.060736
1 0.144963 0.864842 0.103194 0.059880
1 0.606880 0.445680 0.616708 0.059880
1 0.178133 0.566296 0.169533 0.059880
1 0.174447 0.745509 0.159705 0.060736
1 0.160319 0.505988 0.133907 0.059025
1 0.886978 0.146279 0.061425 0.059880
0 0.505528 0.212147 0.045455 0.035928
0 0.430590 0.687767 0.045455 0.035928
0 0.322482 0.451240 0.045455 0.036784
0 0.125921 0.926433 0.045455 0.035928
0 0.880221 0.153122 0.045455 0.035928
0 0.278256 0.751069 0.045455 0.035928
0 0.287469 0.568435 0.044226 0.036784
0 0.219287 0.869974 0.045455 0.035928
0 0.253071 0.509410 0.046683 0.036784
0 0.129607 0.332335 0.045455 0.035073
0 0.333538 0.270744 0.045455 0.036784