1 0.495700 0.686056 0.824324 0.179641
1 0.496314 0.295552 0.825553 0.120616
1 0.337224 0.386228 0.504914 0.060736
1 0.496314 0.505560 0.823096 0.059880
1 0.246929 0.566296 0.326781 0.059880
1 0.221744 0.205304 0.276413 0.059880
1 0.601351 0.805389 0.610565 0.059025
1 0.748771 0.386228 0.318182 0.060736
1 0.495700 0.895637 0.824324 0.121471
1 0.191032 0.805389 0.212531 0.059025
1 0.745086 0.146279 0.325553 0.059880
1 0.659091 0.565868 0.497543 0.060736
1 0.332924 0.146279 0.498771 0.059880
1 0.704545 0.446108 0.406634 0.059025
1 0.293612 0.446108 0.417690 0.059025
1 0.634521 0.205304 0.546683 0.059880
1 0.497543 0.085971 0.828010 0.060736
0 0.606880 0.148417 0.049140 0.038494
0 0.614251 0.387511 0.049140 0.037639
0 0.321867 0.807100 0.049140 0.038494
0 0.124079 0.922583 0.049140 0.038494
0 0.385135 0.206587 0.047912 0.038494
0 0.523956 0.447819 0.045455 0.036784
0 0.434889 0.569718 0.049140 0.037639