1 0.297297 0.686912 0.427518 0.059880
1 0.315725 0.506843 0.461916 0.059025
1 0.710688 0.686912 0.396806 0.059880
1 0.727273 0.506843 0.361179 0.059025
1 0.812654 0.327203 0.190418 0.059025
1 0.227273 0.566724 0.285012 0.059025
1 0.264128 0.267322 0.361179 0.060736
1 0.401720 0.327203 0.633907 0.059025
1 0.550369 0.207015 0.719902 0.059880
1 0.358108 0.626604 0.546683 0.060736
1 0.676290 0.267322 0.465602 0.060736
1 0.496314 0.746364 0.828010 0.059025
1 0.608108 0.147990 0.599509 0.059880
1 0.770270 0.626604 0.277641 0.060736
1 0.417690 0.386655 0.665848 0.059880
1 0.195332 0.147990 0.223587 0.059880
1 0.285012 0.926005 0.402948 0.062447
1 0.525799 0.864842 0.648649 0.059880
1 0.637592 0.566296 0.535627 0.059880
1 0.495700 0.805389 0.824324 0.059025
1 0.514128 0.446963 0.671990 0.060736
1 0.697789 0.925577 0.422604 0.061591
1 0.830467 0.386655 0.157248 0.059880
1 0.131450 0.446963 0.093366 0.060736
1 0.496314 0.087682 0.825553 0.060736
1 0.142506 0.864842 0.117936 0.059880
1 0.137592 0.207015 0.108108 0.059880
1 0.880221 0.446963 0.057740 0.060736
1 0.880221 0.864842 0.055283 0.059880
0 0.333538 0.150556 0.047912 0.037639
0 0.535627 0.686056 0.049140 0.037639
0 0.122850 0.926861 0.049140 0.038494
0 0.573710 0.507271 0.049140 0.039350
0 0.510442 0.926861 0.047912 0.038494
0 0.394349 0.566724 0.049140 0.038494
0 0.216216 0.210436 0.049140 0.039350
0 0.121007 0.746792 0.047912 0.037639
0 0.777641 0.388794 0.049140 0.038494
0 0.468673 0.269889 0.047912 0.038494
0 0.226044 0.866553 0.049140 0.039350
0 0.741400 0.328486 0.047912 0.037639
0 0.877150 0.865269 0.049140 0.038494
0 0.200860 0.447391 0.047912 0.037639
0 0.657862 0.624038 0.047912 0.038494
0 0.875921 0.445252 0.049140 0.038494