1 0.506143 0.715997 0.825553 0.119760
1 0.381450 0.805389 0.571253 0.059025
1 0.719902 0.325920 0.398034 0.059880
1 0.268428 0.146279 0.347666 0.059880
1 0.307740 0.326347 0.426290 0.059025
1 0.506757 0.505988 0.819410 0.060736
1 0.406020 0.445680 0.622850 0.059880
1 0.681204 0.146279 0.475430 0.059880
1 0.228501 0.625749 0.267813 0.059025
1 0.793612 0.805817 0.250614 0.059880
1 0.504914 0.205304 0.825553 0.059880
1 0.506143 0.385372 0.823096 0.059025
1 0.817568 0.445252 0.200246 0.060736
1 0.476044 0.566296 0.762899 0.059880
1 0.474816 0.266039 0.762899 0.061591
1 0.640663 0.626176 0.556511 0.059880
1 0.506143 0.896065 0.825553 0.122327
1 0.505528 0.085971 0.821867 0.060736
1 0.888821 0.566296 0.060197 0.059880
1 0.889435 0.265612 0.058968 0.060736
0 0.123464 0.926433 0.050369 0.037639
0 0.466216 0.147562 0.047912 0.038494
0 0.742015 0.449530 0.049140 0.038494
0 0.544840 0.328914 0.047912 0.038494
0 0.386364 0.629170 0.047912 0.038494
0 0.882678 0.567151 0.047912 0.037639
0 0.692260 0.807956 0.047912 0.038494
0 0.883907 0.269461 0.047912 0.037639