1 0.444103 0.385372 0.308354 0.059025
1 0.297912 0.085971 0.426290 0.060736
1 0.753071 0.385372 0.309582 0.059025
1 0.186118 0.385372 0.205160 0.059025
1 0.686732 0.805389 0.442260 0.059025
1 0.251229 0.505988 0.332924 0.060736
1 0.262285 0.625749 0.355037 0.059025
1 0.635135 0.865269 0.545455 0.060736
1 0.267813 0.445252 0.368550 0.060736
1 0.518428 0.685201 0.410319 0.059880
1 0.603194 0.505988 0.368550 0.060736
1 0.222973 0.865269 0.281327 0.060736
1 0.649877 0.445252 0.393120 0.060736
1 0.710074 0.085971 0.398034 0.060736
1 0.686732 0.566296 0.321867 0.059880
1 0.274570 0.805389 0.382064 0.059025
1 0.696560 0.745509 0.304668 0.060736
1 0.496314 0.326775 0.825553 0.058169
1 0.752457 0.146279 0.313268 0.059880
1 0.411548 0.146279 0.371007 0.059880
1 0.581081 0.625749 0.282555 0.059025
1 0.747543 0.205731 0.323096 0.059025
1 0.313268 0.745509 0.459459 0.060736
1 0.453317 0.205731 0.265356 0.059025
1 0.198403 0.685201 0.229730 0.059880
1 0.815111 0.625749 0.185504 0.059025
1 0.815725 0.685201 0.186732 0.059880
1 0.375921 0.566296 0.297297 0.059880
1 0.155405 0.566296 0.143735 0.059880
1 0.202088 0.205304 0.237101 0.059880
1 0.877764 0.445252 0.062654 0.060736
1 0.878378 0.565868 0.058968 0.060736
1 0.878993 0.745509 0.057740 0.060736
1 0.154791 0.145851 0.142506 0.059025
1 0.847666 0.506416 0.120393 0.059880
0 0.444103 0.512831 0.047912 0.038494
0 0.335995 0.687767 0.047912 0.037639
0 0.533784 0.086399 0.047912 0.037639
0 0.120393 0.805389 0.049140 0.038494
0 0.463759 0.629170 0.047912 0.038494
0 0.747543 0.689050 0.047912 0.038494
0 0.609337 0.205304 0.046683 0.037639
0 0.251229 0.144568 0.047912 0.039350
0 0.251229 0.570573 0.047912 0.037639
0 0.622236 0.390505 0.047912 0.038494
0 0.119779 0.627459 0.047912 0.038494
0 0.312654 0.389222 0.047912 0.037639
0 0.811425 0.513259 0.047912 0.037639
0 0.386978 0.868263 0.046683 0.037639
0 0.343980 0.206587 0.046683 0.038494
0 0.568182 0.748075 0.047912 0.038494
0 0.477273 0.449102 0.047912 0.037639
0 0.118550 0.086826 0.047912 0.038494
0 0.490786 0.807100 0.047912 0.038494
0 0.550369 0.570573 0.046683 0.037639
0 0.746314 0.630453 0.047912 0.037639
0 0.620393 0.144568 0.046683 0.037639
0 0.119779 0.207015 0.047912 0.037639
0 0.874079 0.748931 0.047912 0.038494
0 0.871622 0.449102 0.047912 0.037639
0 0.873464 0.570145 0.049140 0.038494
0 0.117936 0.869119 0.046683 0.037639