1 0.505528 0.625749 0.821867 0.178785
1 0.505528 0.355432 0.824324 0.118905
1 0.380221 0.145851 0.571253 0.059025
1 0.403563 0.505988 0.620393 0.060736
1 0.773342 0.265612 0.288698 0.060736
1 0.474816 0.805389 0.765356 0.059025
1 0.390663 0.446108 0.594595 0.060736
1 0.791769 0.146279 0.254300 0.059880
1 0.507371 0.205304 0.825553 0.059880
1 0.474816 0.745509 0.762899 0.060736
1 0.361179 0.265612 0.535627 0.060736
1 0.803440 0.445252 0.230958 0.060736
1 0.506143 0.896065 0.823096 0.122327
1 0.506757 0.085971 0.824324 0.060736
1 0.815725 0.505988 0.206388 0.060736
1 0.888206 0.745509 0.061425 0.060736
1 0.888206 0.805389 0.061425 0.059025
0 0.124079 0.925150 0.049140 0.038494
0 0.715602 0.447819 0.047912 0.038494
0 0.689803 0.149273 0.047912 0.038494
0 0.654791 0.269889 0.049140 0.038494
0 0.764128 0.509410 0.049140 0.038494
0 0.881450 0.747220 0.047912 0.038494
0 0.883907 0.806245 0.047912 0.038494