1 0.495086 0.536356 0.823096 0.119760
1 0.495700 0.115483 0.826781 0.119760
1 0.291769 0.385372 0.414005 0.059025
1 0.544226 0.685201 0.729730 0.059880
1 0.703317 0.385372 0.411548 0.059025
1 0.410934 0.805389 0.654791 0.059025
1 0.318796 0.205304 0.468059 0.059880
1 0.417690 0.326347 0.665848 0.059025
1 0.830467 0.325492 0.157248 0.059025
1 0.496314 0.625749 0.820639 0.059025
1 0.496314 0.265612 0.825553 0.060736
1 0.495700 0.745509 0.824324 0.060736
1 0.730344 0.205304 0.355037 0.059880
1 0.495700 0.445680 0.824324 0.061591
1 0.495700 0.925150 0.826781 0.062447
1 0.530098 0.864414 0.753071 0.059025
1 0.130835 0.685201 0.094595 0.059880
1 0.823096 0.805389 0.169533 0.059025
1 0.117936 0.864842 0.068796 0.059880
0 0.576781 0.213858 0.045455 0.035928
0 0.119779 0.450385 0.045455 0.036784
0 0.124693 0.927716 0.045455 0.036784
0 0.521499 0.391788 0.045455 0.035928
0 0.175676 0.869119 0.046683 0.035928
0 0.200246 0.691617 0.044226 0.035073
0 0.775799 0.331052 0.045455 0.035928
0 0.116093 0.570573 0.045455 0.035928
0 0.761057 0.810094 0.045455 0.035928