1 0.495700 0.385372 0.821867 0.059025
1 0.733415 0.805817 0.348894 0.059880
1 0.321253 0.805389 0.475430 0.059025
1 0.496314 0.445252 0.823096 0.060736
1 0.213145 0.864842 0.259214 0.059880
1 0.231572 0.505988 0.293612 0.060736
1 0.496314 0.685201 0.823096 0.059880
1 0.624693 0.864842 0.566339 0.059880
1 0.262899 0.566296 0.356265 0.059880
1 0.230344 0.325920 0.293612 0.059880
1 0.674447 0.566296 0.466830 0.059880
1 0.642506 0.505988 0.528256 0.060736
1 0.494472 0.265612 0.821867 0.060736
1 0.362408 0.745509 0.555283 0.060736
1 0.495700 0.925577 0.826781 0.061591
1 0.543612 0.205731 0.730958 0.059025
1 0.495700 0.625749 0.821867 0.059025
1 0.495700 0.085971 0.824324 0.060736
1 0.237101 0.146707 0.309582 0.059025
1 0.775184 0.745509 0.267813 0.060736
1 0.642506 0.325920 0.530713 0.059880
1 0.650491 0.146279 0.514742 0.059880
1 0.130835 0.206159 0.094595 0.059880
0 0.665233 0.750214 0.045455 0.035928
0 0.119779 0.629598 0.045455 0.035928
0 0.417690 0.150128 0.046683 0.036784
0 0.123464 0.927716 0.045455 0.036784
0 0.464988 0.570573 0.045455 0.035928
0 0.400491 0.328058 0.046683 0.036784
0 0.401106 0.509837 0.045455 0.035928
0 0.582310 0.810950 0.046683 0.035928
0 0.365479 0.869974 0.045455 0.035928
0 0.118550 0.385800 0.045455 0.035928
0 0.201474 0.208725 0.046683 0.035928