1 0.506143 0.386228 0.825553 0.180496
1 0.505528 0.715997 0.824324 0.119760
1 0.257371 0.265612 0.325553 0.060736
1 0.505528 0.205731 0.821867 0.059025
1 0.476658 0.505988 0.764128 0.060736
1 0.505528 0.896065 0.824324 0.122327
1 0.566339 0.805389 0.700246 0.059025
1 0.669533 0.266039 0.496314 0.061591
1 0.505528 0.145851 0.821867 0.060736
1 0.713145 0.625749 0.411548 0.059025
1 0.507985 0.566296 0.826781 0.059880
1 0.300369 0.625749 0.411548 0.059025
1 0.155405 0.805389 0.121622 0.059025
1 0.890049 0.506416 0.057740 0.059880
0 0.126536 0.926861 0.049140 0.038494
0 0.445332 0.270744 0.047912 0.038494
0 0.131450 0.151839 0.049140 0.038494
0 0.531327 0.628315 0.047912 0.038494
0 0.238943 0.809666 0.047912 0.038494
0 0.885135 0.510265 0.047912 0.038494