1 0.506757 0.236527 0.826781 0.120616
1 0.506143 0.505133 0.825553 0.301967
1 0.505528 0.836185 0.824324 0.243798
1 0.374079 0.325920 0.558968 0.058169
1 0.624693 0.685201 0.585995 0.059880
1 0.812039 0.146279 0.211302 0.059880
1 0.786855 0.325920 0.266585 0.059880
1 0.213145 0.685201 0.239558 0.059880
1 0.399877 0.146279 0.613022 0.059880
1 0.506143 0.085971 0.823096 0.060736
0 0.732187 0.150128 0.049140 0.038494
0 0.128378 0.928571 0.047912 0.038494
0 0.698403 0.328058 0.045455 0.036784
0 0.356265 0.687767 0.049140 0.037639