1 0.496314 0.535073 0.823096 0.118905
1 0.496929 0.265612 0.824324 0.178785
1 0.496314 0.804534 0.823096 0.301967
1 0.262285 0.385372 0.355037 0.059025
1 0.257371 0.445252 0.345209 0.060736
1 0.674447 0.384944 0.466830 0.059880
1 0.669533 0.445680 0.476658 0.059880
1 0.270885 0.146279 0.372236 0.059880
1 0.683047 0.146279 0.452088 0.059880
1 0.526413 0.624038 0.765356 0.059025
1 0.496929 0.085971 0.824324 0.060736
0 0.121622 0.923439 0.049140 0.038494
0 0.481572 0.150128 0.049140 0.038494
0 0.463759 0.389222 0.047912 0.037639
0 0.453931 0.449102 0.047912 0.037639
0 0.187961 0.624038 0.049140 0.038494
1 0.113022 0.624038 0.061425 0.060736