1 0.496314 0.446108 0.823096 0.180496
1 0.495700 0.115911 0.824324 0.120616
1 0.495700 0.805389 0.824324 0.059025
1 0.346437 0.205731 0.523342 0.059025
1 0.406634 0.864842 0.646192 0.059880
1 0.759214 0.205731 0.299754 0.059025
1 0.596437 0.325920 0.622850 0.059880
1 0.184275 0.325492 0.199017 0.059025
1 0.679975 0.745509 0.455774 0.060736
1 0.304668 0.566296 0.439803 0.059880
1 0.496314 0.625749 0.823096 0.059025
1 0.222973 0.265612 0.278870 0.060736
1 0.598280 0.685201 0.616708 0.059880
1 0.186732 0.685201 0.206388 0.059880
1 0.267813 0.745509 0.368550 0.060736
1 0.716216 0.566296 0.383292 0.059880
1 0.495700 0.925577 0.826781 0.061591
1 0.635749 0.265612 0.546683 0.060736
1 0.818182 0.864842 0.179361 0.059880
0 0.633907 0.213003 0.049140 0.037639
0 0.313882 0.688195 0.047912 0.038494
0 0.308354 0.328058 0.049140 0.038494
0 0.754300 0.867836 0.049140 0.038494
0 0.122236 0.923439 0.047912 0.038494
0 0.387592 0.270317 0.047912 0.037639
0 0.549140 0.565868 0.049140 0.038494
0 0.477887 0.747220 0.049140 0.038494