1 0.496314 0.535928 0.825553 0.120616
1 0.496314 0.295552 0.825553 0.120616
1 0.495086 0.115911 0.825553 0.120616
1 0.786855 0.625749 0.242015 0.059025
1 0.375921 0.625749 0.582310 0.059025
1 0.531327 0.805389 0.750614 0.059025
1 0.249386 0.205731 0.334152 0.059025
1 0.495086 0.896493 0.823096 0.121471
1 0.762899 0.385372 0.289926 0.059025
1 0.350737 0.385372 0.531941 0.059025
1 0.701474 0.445252 0.415233 0.060736
1 0.494472 0.685201 0.826781 0.059880
1 0.662162 0.205731 0.491400 0.059025
1 0.468059 0.745509 0.766585 0.060736
1 0.289926 0.445680 0.407862 0.059880
1 0.879607 0.745509 0.056511 0.060736
1 0.119165 0.805389 0.071253 0.059025
0 0.127764 0.926005 0.049140 0.038494
0 0.641892 0.389222 0.047912 0.037639
0 0.519042 0.448246 0.047912 0.039350
0 0.178747 0.806672 0.047912 0.037639
0 0.691032 0.628315 0.047912 0.038494
0 0.875921 0.746364 0.049140 0.038494
0 0.440418 0.210009 0.047912 0.038494