1 0.506757 0.866125 0.824324 0.180496
1 0.506143 0.145423 0.825553 0.179641
1 0.506143 0.475620 0.825553 0.121471
1 0.428747 0.685201 0.668305 0.059880
1 0.330467 0.266039 0.474201 0.061591
1 0.505528 0.625749 0.824324 0.059025
1 0.506757 0.745509 0.821867 0.060736
1 0.380835 0.566296 0.574939 0.059880
1 0.792998 0.566296 0.249386 0.059880
1 0.840909 0.685201 0.153563 0.059880
1 0.743243 0.265612 0.351351 0.060736
1 0.539312 0.385800 0.756757 0.058169
1 0.506143 0.326775 0.823096 0.059880
1 0.127150 0.387938 0.067568 0.055603
0 0.788698 0.689478 0.046683 0.035928
0 0.592138 0.269461 0.046683 0.035928
0 0.133292 0.748503 0.045455 0.035928
0 0.131450 0.927288 0.046683 0.035928
0 0.184889 0.391788 0.045455 0.035928
0 0.692875 0.572284 0.046683 0.035928