1 0.506143 0.266039 0.825553 0.179641
1 0.427518 0.385372 0.668305 0.059025
1 0.652948 0.685201 0.529484 0.059880
1 0.668305 0.566296 0.501229 0.059880
1 0.738943 0.505988 0.359951 0.060736
1 0.326781 0.505988 0.464373 0.060736
1 0.505528 0.896065 0.824324 0.122327
1 0.241400 0.685201 0.293612 0.059880
1 0.507371 0.445252 0.823096 0.060736
1 0.314496 0.805389 0.439803 0.059025
1 0.256143 0.566296 0.323096 0.059880
1 0.726044 0.805389 0.383292 0.059025
1 0.439803 0.625749 0.690418 0.059025
1 0.505528 0.745509 0.821867 0.060736
1 0.852580 0.625749 0.130221 0.059025
1 0.509214 0.085971 0.829238 0.060736
1 0.839681 0.385372 0.156020 0.059025
1 0.477887 0.145851 0.764128 0.059025
1 0.890049 0.146279 0.057740 0.059880
0 0.412162 0.687767 0.045455 0.035928
0 0.785627 0.391788 0.045455 0.035928
0 0.585381 0.511548 0.045455 0.035928
0 0.125921 0.926005 0.045455 0.036784
0 0.810197 0.630881 0.045455 0.035073
0 0.558354 0.810094 0.045455 0.035928
0 0.440418 0.571001 0.045455 0.035073
0 0.886364 0.152267 0.045455 0.035928