1 0.505528 0.385800 0.824324 0.179641
1 0.506143 0.655689 0.825553 0.240376
1 0.506143 0.115911 0.825553 0.120616
1 0.390663 0.205731 0.592138 0.059025
1 0.415848 0.805389 0.642506 0.059025
1 0.250000 0.265612 0.310811 0.060736
1 0.802211 0.205304 0.233415 0.059880
1 0.506143 0.896065 0.823096 0.122327
1 0.661548 0.265612 0.514742 0.060736
1 0.542998 0.505988 0.746929 0.060736
1 0.827396 0.805817 0.180590 0.059880
1 0.132678 0.505988 0.076167 0.060736
0 0.124693 0.928999 0.045455 0.035928
0 0.428747 0.270744 0.046683 0.036784
0 0.193489 0.510693 0.045455 0.035928
0 0.710074 0.212147 0.046683 0.035928
0 0.760442 0.810094 0.044226 0.035928