1 0.269042 0.385372 0.348894 0.059025
1 0.304054 0.146279 0.418919 0.059880
1 0.732187 0.685201 0.371007 0.059880
1 0.591523 0.505988 0.654791 0.060736
1 0.239558 0.805389 0.292383 0.059025
1 0.335381 0.625749 0.481572 0.059025
1 0.504914 0.896065 0.823096 0.122327
1 0.746929 0.625749 0.341523 0.059025
1 0.320639 0.685201 0.452088 0.059880
1 0.680590 0.384944 0.474201 0.059880
1 0.505528 0.445680 0.821867 0.061591
1 0.507371 0.566296 0.823096 0.059880
1 0.504914 0.745937 0.820639 0.059880
1 0.716216 0.146279 0.405405 0.059880
1 0.506757 0.326347 0.819410 0.059025
1 0.506757 0.205731 0.824324 0.059025
1 0.651720 0.805389 0.529484 0.059025
1 0.164005 0.265612 0.138821 0.060736
1 0.178747 0.506416 0.170762 0.059880
1 0.575553 0.265612 0.684275 0.060736
1 0.508600 0.085971 0.825553 0.060736
0 0.539312 0.150556 0.049140 0.037639
0 0.122850 0.926861 0.049140 0.038494
0 0.468673 0.389649 0.047912 0.038494
0 0.411548 0.809666 0.046683 0.038494
0 0.572482 0.689906 0.049140 0.038494
0 0.259214 0.266467 0.049140 0.038494
0 0.601351 0.624038 0.047912 0.038494
0 0.291769 0.506843 0.047912 0.038494