1 0.506143 0.566296 0.820639 0.059880
1 0.278870 0.385372 0.368550 0.059025
1 0.237101 0.505560 0.287469 0.061591
1 0.504914 0.896493 0.823096 0.121471
1 0.391278 0.625749 0.593366 0.059025
1 0.690418 0.385372 0.454545 0.059025
1 0.504914 0.685201 0.820639 0.059880
1 0.200860 0.266039 0.212531 0.061591
1 0.504914 0.325920 0.820639 0.059880
1 0.371622 0.745509 0.556511 0.060736
1 0.505528 0.445252 0.821867 0.060736
1 0.648034 0.505988 0.536855 0.060736
1 0.803440 0.625749 0.230958 0.059025
1 0.504914 0.805389 0.820639 0.059025
1 0.612408 0.265612 0.610565 0.060736
1 0.504914 0.205304 0.823096 0.059880
1 0.783784 0.745937 0.267813 0.059880
1 0.157248 0.146279 0.127764 0.059880
1 0.505528 0.085971 0.821867 0.060736
1 0.570639 0.146279 0.694103 0.059880
0 0.711916 0.629170 0.047912 0.038494
0 0.127764 0.810522 0.049140 0.038494
0 0.127764 0.927288 0.049140 0.037639
0 0.246314 0.148417 0.047912 0.038494
0 0.487101 0.390505 0.047912 0.038494
0 0.404791 0.509410 0.047912 0.038494
0 0.674447 0.748931 0.049140 0.038494
0 0.331695 0.272455 0.049140 0.038494