1 0.662776 0.385372 0.490172 0.059025
1 0.251229 0.385372 0.332924 0.059025
1 0.248157 0.625749 0.329238 0.059025
1 0.598894 0.805389 0.617936 0.059025
1 0.672604 0.685201 0.470516 0.059880
1 0.771499 0.325920 0.275184 0.059880
1 0.495700 0.864842 0.821867 0.059880
1 0.186118 0.805389 0.205160 0.059025
1 0.260442 0.685201 0.353808 0.059880
1 0.207617 0.566296 0.245700 0.059880
1 0.355651 0.745937 0.544226 0.059880
1 0.660319 0.625749 0.495086 0.059025
1 0.597666 0.445680 0.620393 0.059880
1 0.358722 0.325920 0.547912 0.059880
1 0.768428 0.745509 0.281327 0.060736
1 0.544226 0.505988 0.727273 0.060736
1 0.495086 0.146279 0.825553 0.059880
1 0.608722 0.085971 0.600737 0.060736
1 0.404791 0.925577 0.642506 0.061591
1 0.402948 0.205731 0.641278 0.059025
1 0.619779 0.566296 0.576167 0.059880
1 0.377764 0.265612 0.588452 0.060736
1 0.790541 0.265612 0.237101 0.060736
1 0.815111 0.205731 0.185504 0.059025
1 0.184889 0.445680 0.200246 0.061591
1 0.195946 0.085971 0.224816 0.060736
1 0.816339 0.926005 0.183047 0.062447
1 0.132064 0.505988 0.094595 0.059025
0 0.121622 0.926861 0.049140 0.038494
0 0.749386 0.925150 0.049140 0.038494
0 0.310811 0.450385 0.049140 0.038494
0 0.462531 0.689478 0.050369 0.037639
0 0.443489 0.391788 0.049140 0.037639
0 0.697174 0.273738 0.047912 0.037639
0 0.356880 0.569290 0.047912 0.038494
0 0.658477 0.331908 0.049140 0.037639
0 0.437346 0.627459 0.049140 0.038494
0 0.652334 0.748931 0.049140 0.038494
0 0.331695 0.092814 0.049140 0.038494
0 0.312654 0.807528 0.047912 0.037639
0 0.205160 0.510265 0.049140 0.038494
0 0.745700 0.214713 0.046683 0.037639