1 0.495700 0.686912 0.824324 0.181352
1 0.496314 0.446963 0.823096 0.178785
1 0.496314 0.177502 0.825553 0.242087
1 0.467445 0.807100 0.765356 0.059025
1 0.176904 0.327203 0.186732 0.059025
1 0.495700 0.897348 0.824324 0.121471
1 0.727887 0.566724 0.359951 0.059025
1 0.315725 0.566724 0.461916 0.059025
1 0.879607 0.807100 0.056511 0.059025
0 0.122236 0.928571 0.047912 0.038494
1 0.590909 0.327203 0.638821 0.059025
0 0.571867 0.571001 0.047912 0.038494
0 0.875921 0.808811 0.049140 0.038494
0 0.296069 0.329769 0.049140 0.038494