1 0.506143 0.715569 0.825553 0.120616
1 0.338452 0.384944 0.487715 0.059880
1 0.506757 0.115911 0.826781 0.120616
1 0.666462 0.865269 0.500000 0.059025
1 0.417690 0.805389 0.646192 0.059025
1 0.750614 0.385372 0.336609 0.059025
1 0.256143 0.865269 0.323096 0.059025
1 0.727887 0.505988 0.382064 0.060736
1 0.504914 0.445680 0.823096 0.061591
1 0.205774 0.625749 0.222359 0.059025
1 0.315725 0.505988 0.442260 0.060736
1 0.505528 0.926005 0.821867 0.062447
1 0.506143 0.325920 0.825553 0.059880
1 0.506143 0.206159 0.828010 0.059880
1 0.478501 0.266039 0.765356 0.061591
1 0.617322 0.626176 0.600737 0.059880
1 0.786241 0.566296 0.262899 0.059880
1 0.374079 0.566296 0.561425 0.059880
1 0.829238 0.805817 0.176904 0.059880
1 0.891892 0.265612 0.056511 0.060736
0 0.607494 0.389649 0.045455 0.035073
0 0.763514 0.812233 0.045455 0.035073
0 0.339066 0.632592 0.044226 0.035073
0 0.677518 0.569718 0.045455 0.035928
0 0.128378 0.926861 0.045455 0.035073
0 0.137592 0.147990 0.044226 0.035928
0 0.559582 0.507699 0.045455 0.035073
0 0.441032 0.869974 0.044226 0.035928
0 0.886364 0.272455 0.045455 0.035073