1 0.496314 0.385800 0.825553 0.179641
1 0.361179 0.685201 0.380835 0.059880
1 0.496314 0.895637 0.825553 0.121471
1 0.211302 0.505560 0.255528 0.059880
1 0.729730 0.685201 0.356265 0.059880
1 0.414619 0.805389 0.662162 0.059025
1 0.623464 0.505988 0.571253 0.060736
1 0.189803 0.265612 0.212531 0.060736
1 0.602580 0.265612 0.610565 0.060736
1 0.164619 0.625749 0.162162 0.059025
1 0.497543 0.085971 0.825553 0.060736
1 0.495086 0.745937 0.823096 0.059880
1 0.576781 0.625749 0.664619 0.059025
1 0.467445 0.145851 0.765356 0.059025
1 0.493857 0.205304 0.825553 0.059880
1 0.495086 0.566296 0.820639 0.059880
1 0.126536 0.685629 0.085995 0.060736
1 0.825553 0.805389 0.164619 0.059025
1 0.878993 0.145851 0.057740 0.059025
0 0.121007 0.927716 0.045455 0.036784
0 0.872850 0.150128 0.045455 0.035073
0 0.193489 0.691189 0.045455 0.035928
0 0.269042 0.627887 0.046683 0.035928
0 0.768428 0.810950 0.045455 0.035928
0 0.320025 0.269889 0.045455 0.036784
0 0.575553 0.692044 0.045455 0.035928
0 0.385135 0.507699 0.045455 0.036784