1 0.399877 0.385372 0.630221 0.059025
1 0.228501 0.805389 0.292383 0.059025
1 0.248157 0.265612 0.326781 0.060736
1 0.378993 0.505988 0.588452 0.060736
1 0.207617 0.625749 0.248157 0.059025
1 0.640663 0.805389 0.531941 0.059025
1 0.677518 0.205304 0.463145 0.059880
1 0.757371 0.685201 0.303440 0.059880
1 0.646192 0.085971 0.523342 0.060736
1 0.264742 0.205731 0.362408 0.059025
1 0.659705 0.265612 0.496314 0.060736
1 0.496314 0.445680 0.820639 0.059880
1 0.776413 0.325920 0.265356 0.059880
1 0.791155 0.505988 0.235872 0.060736
1 0.364865 0.325920 0.560197 0.059880
1 0.710074 0.864842 0.395577 0.059880
1 0.298526 0.864842 0.429975 0.059880
1 0.599509 0.566296 0.616708 0.059880
1 0.811425 0.385372 0.195332 0.059025
1 0.344595 0.685201 0.519656 0.059880
1 0.619779 0.625749 0.576167 0.059025
1 0.409705 0.926005 0.652334 0.062447
1 0.496314 0.145851 0.825553 0.059025
1 0.537469 0.745937 0.613022 0.059880
1 0.186732 0.566296 0.208845 0.059880
1 0.821253 0.926005 0.173219 0.062447
1 0.234029 0.085971 0.300983 0.060736
1 0.157862 0.745509 0.146192 0.060736
1 0.875921 0.745509 0.063882 0.060736
0 0.410319 0.087682 0.049140 0.038494
0 0.337224 0.566724 0.047912 0.038494
0 0.354423 0.627887 0.047912 0.037639
0 0.737715 0.387938 0.047912 0.038494
0 0.628993 0.687340 0.046683 0.038494
0 0.119779 0.505133 0.047912 0.038494
0 0.121622 0.147562 0.049140 0.038494
0 0.667690 0.328486 0.047912 0.037639
0 0.697174 0.505988 0.047912 0.038494
0 0.536241 0.863559 0.047912 0.038494
0 0.398649 0.805389 0.047912 0.038494
0 0.119165 0.923439 0.049140 0.038494
0 0.471744 0.207442 0.049140 0.038494
0 0.759214 0.924294 0.049140 0.038494
0 0.255528 0.744654 0.049140 0.038494
0 0.437346 0.269033 0.049140 0.038494
0 0.867936 0.745937 0.047912 0.037639