1 0.505528 0.355432 0.826781 0.240376
1 0.505528 0.805817 0.824324 0.302823
1 0.254300 0.625749 0.319410 0.059025
1 0.506143 0.115911 0.825553 0.120616
1 0.506143 0.505988 0.825553 0.060736
1 0.665848 0.625749 0.503686 0.059025
1 0.762285 0.205731 0.313268 0.059025
1 0.816953 0.566296 0.201474 0.059880
1 0.404791 0.566296 0.622850 0.059880
1 0.350123 0.205731 0.511057 0.059025
0 0.629607 0.213858 0.045455 0.035928
0 0.439189 0.632164 0.045455 0.035928
0 0.128378 0.448246 0.045455 0.035928
0 0.132678 0.927288 0.046683 0.035928
0 0.738943 0.572284 0.045455 0.035928