1 0.345209 0.385372 0.503686 0.059025
1 0.507371 0.115911 0.825553 0.120616
1 0.758600 0.385372 0.320639 0.059025
1 0.696560 0.445252 0.444717 0.060736
1 0.437961 0.205731 0.691646 0.059025
1 0.698403 0.745509 0.441032 0.060736
1 0.507371 0.265612 0.825553 0.060736
1 0.632678 0.864842 0.572482 0.059880
1 0.285627 0.745509 0.382064 0.060736
1 0.283170 0.445252 0.377150 0.060736
1 0.732801 0.325920 0.372236 0.059880
1 0.320639 0.325920 0.452088 0.059880
1 0.504300 0.506416 0.824324 0.059880
1 0.504914 0.926005 0.820639 0.062447
1 0.504300 0.805389 0.819410 0.059025
1 0.505528 0.655689 0.824324 0.118905
1 0.220516 0.865269 0.254300 0.059025
1 0.476044 0.566296 0.757985 0.059880
1 0.851966 0.205304 0.133907 0.059880
1 0.886978 0.566296 0.061425 0.059880
0 0.571253 0.330197 0.046683 0.037639
0 0.127764 0.924722 0.049140 0.037639
0 0.501843 0.750214 0.047912 0.037639
0 0.621007 0.388794 0.047912 0.038494
0 0.373464 0.867836 0.049140 0.038494
0 0.496929 0.449530 0.047912 0.038494
0 0.878993 0.575706 0.045455 0.035928
0 0.808354 0.211719 0.046683 0.038494