1 0.495700 0.866553 0.824324 0.181352
1 0.495700 0.115911 0.824324 0.120616
1 0.245700 0.745509 0.324324 0.060736
1 0.702703 0.506416 0.410319 0.059880
1 0.406020 0.385372 0.642506 0.059025
1 0.639435 0.685201 0.539312 0.059880
1 0.649263 0.205304 0.514742 0.059880
1 0.226658 0.685201 0.286241 0.059880
1 0.237715 0.205731 0.308354 0.059025
1 0.291155 0.505560 0.412776 0.059880
1 0.281941 0.445680 0.394349 0.061591
1 0.496314 0.625749 0.823096 0.059025
1 0.658477 0.745509 0.501229 0.060736
1 0.495700 0.265612 0.821867 0.060736
1 0.693489 0.445680 0.428747 0.061591
1 0.468059 0.325920 0.769042 0.059880
1 0.496929 0.566296 0.824324 0.059880
1 0.818796 0.385372 0.180590 0.059025
1 0.880221 0.325920 0.055283 0.059880
0 0.393735 0.687340 0.045455 0.038494
0 0.431204 0.745509 0.046683 0.038494
0 0.751843 0.384517 0.046683 0.038494
0 0.502457 0.446108 0.046683 0.038494
0 0.520885 0.509837 0.046683 0.037639
0 0.122236 0.567579 0.045455 0.038494
0 0.119165 0.922156 0.046683 0.037639
0 0.414619 0.207015 0.045455 0.037639
0 0.876536 0.325920 0.047912 0.037639