1 0.495086 0.775021 0.823096 0.119760
1 0.379607 0.865269 0.592138 0.059025
1 0.496314 0.505988 0.823096 0.060736
1 0.215602 0.205731 0.264128 0.059025
1 0.777641 0.385372 0.260442 0.059025
1 0.792383 0.865269 0.233415 0.059025
1 0.215602 0.566296 0.261671 0.059880
1 0.365479 0.384944 0.561425 0.059880
1 0.495700 0.655261 0.824324 0.119760
1 0.495086 0.926005 0.825553 0.062447
1 0.627150 0.205304 0.561425 0.059880
1 0.207002 0.445252 0.244472 0.060736
1 0.627150 0.566296 0.561425 0.059880
1 0.619165 0.445252 0.579853 0.060736
1 0.168305 0.265612 0.169533 0.060736
1 0.497543 0.085971 0.823096 0.060736
1 0.188575 0.146279 0.207617 0.059880
1 0.495700 0.325920 0.821867 0.059880
1 0.580467 0.265612 0.652334 0.060736
1 0.600123 0.146279 0.615479 0.059880
0 0.119779 0.926005 0.045455 0.035073
0 0.371622 0.208725 0.045455 0.035928
0 0.124693 0.689906 0.045455 0.035073
0 0.698403 0.869547 0.045455 0.035073
0 0.351966 0.446536 0.045455 0.035928
0 0.370393 0.567579 0.045455 0.035073
0 0.671376 0.389222 0.045455 0.035928
0 0.315111 0.148417 0.045455 0.035073
0 0.277027 0.268178 0.045455 0.035073