1 0.275184 0.805389 0.361179 0.059025
1 0.686732 0.805389 0.461916 0.059025
1 0.326781 0.445680 0.466830 0.061591
1 0.707617 0.384944 0.425061 0.059880
1 0.629607 0.566296 0.453317 0.059880
1 0.710074 0.685201 0.417690 0.059880
1 0.702088 0.205304 0.433661 0.059880
1 0.188575 0.745509 0.187961 0.060736
1 0.672604 0.505988 0.490172 0.060736
1 0.332310 0.384944 0.325553 0.059880
1 0.738329 0.445252 0.358722 0.060736
1 0.828010 0.745509 0.179361 0.060736
1 0.359951 0.325920 0.334152 0.059880
1 0.261671 0.505988 0.334152 0.060736
1 0.665233 0.265612 0.377150 0.060736
1 0.249386 0.566296 0.309582 0.059880
1 0.297912 0.685201 0.406634 0.059880
1 0.391278 0.864842 0.450860 0.059880
1 0.289312 0.205304 0.391892 0.059880
1 0.477273 0.625749 0.480344 0.059025
1 0.692260 0.325492 0.332924 0.059025
1 0.332924 0.146279 0.341523 0.059880
1 0.510442 0.745509 0.455774 0.060736
1 0.292383 0.085971 0.395577 0.060736
1 0.312654 0.926005 0.436118 0.062447
1 0.725430 0.926005 0.386978 0.062447
1 0.768428 0.864842 0.300983 0.059880
1 0.704545 0.085971 0.428747 0.060736
1 0.285012 0.265612 0.380835 0.060736
1 0.143120 0.325492 0.097052 0.059025
1 0.711302 0.145851 0.412776 0.059025
1 0.818796 0.625749 0.200246 0.059025
1 0.165233 0.625749 0.143735 0.059025
1 0.131450 0.385372 0.076167 0.059025
1 0.129607 0.864842 0.072482 0.059880
1 0.888206 0.566296 0.061425 0.059880
1 0.886364 0.265612 0.062654 0.060736
1 0.888821 0.325492 0.060197 0.059025
1 0.127764 0.146279 0.068796 0.058169
0 0.513514 0.090248 0.044226 0.035073
0 0.765971 0.627887 0.045455 0.035928
0 0.528256 0.150128 0.046683 0.035073
0 0.306511 0.751069 0.045455 0.035928
0 0.480344 0.810522 0.044226 0.035073
0 0.583538 0.449102 0.044226 0.035928
0 0.185504 0.150128 0.044226 0.035073
0 0.554668 0.928999 0.045455 0.035928
0 0.878993 0.273311 0.045455 0.035073
0 0.498771 0.272455 0.044226 0.035073
0 0.641892 0.867836 0.045455 0.035073
0 0.215602 0.329769 0.045455 0.035073
0 0.130835 0.447819 0.045455 0.035073
0 0.262285 0.627032 0.045455 0.035928
0 0.509828 0.210009 0.044226 0.035073
0 0.549140 0.330624 0.044226 0.035073
0 0.124693 0.928144 0.045455 0.035928
0 0.133292 0.090248 0.045455 0.035073
0 0.517199 0.389649 0.044226 0.035073
0 0.427518 0.568435 0.044226 0.035073
0 0.190418 0.390077 0.041769 0.034217
0 0.883292 0.331480 0.044226 0.035073
0 0.450246 0.508127 0.042998 0.034217
0 0.762285 0.752352 0.045455 0.035073
0 0.880835 0.569718 0.044226 0.035928
0 0.524570 0.693328 0.044226 0.035073
0 0.189189 0.867836 0.044226 0.035073