1 0.176904 0.207442 0.186732 0.059025
1 0.695946 0.147990 0.423833 0.059880
1 0.230958 0.864842 0.292383 0.059880
1 0.621622 0.386655 0.572482 0.059880
1 0.802211 0.327203 0.213759 0.059025
1 0.487715 0.507271 0.717445 0.059880
1 0.588452 0.207015 0.636364 0.059880
1 0.388821 0.327203 0.613022 0.059025
1 0.496314 0.806245 0.825553 0.057314
1 0.216216 0.626604 0.265356 0.060736
1 0.210074 0.386655 0.253071 0.059880
1 0.283170 0.147990 0.399263 0.059880
1 0.503071 0.864842 0.249386 0.059880
1 0.768428 0.864842 0.281327 0.059880
1 0.496314 0.267322 0.823096 0.060736
1 0.766585 0.925577 0.285012 0.061591
1 0.197174 0.925577 0.227273 0.061591
1 0.466216 0.926005 0.313268 0.060736
1 0.363636 0.446963 0.557740 0.060736
1 0.775799 0.446963 0.266585 0.060736
1 0.627764 0.626604 0.557740 0.060736
1 0.218059 0.566724 0.269042 0.059025
1 0.496314 0.686056 0.825553 0.058169
1 0.630835 0.566724 0.556511 0.059025
1 0.496314 0.087682 0.823096 0.060736
1 0.877150 0.507271 0.061425 0.059880
0 0.372850 0.628315 0.047912 0.038494
0 0.358722 0.387511 0.046683 0.037639
0 0.646192 0.929855 0.044226 0.035928
1 0.106265 0.506843 0.045455 0.059025
0 0.377764 0.569718 0.047912 0.037639
0 0.333538 0.930282 0.045455 0.035073
0 0.508600 0.151839 0.049140 0.038494
0 0.665233 0.447391 0.045455 0.037639
0 0.721130 0.328914 0.049140 0.038494
0 0.401106 0.869547 0.047912 0.038494
0 0.652334 0.869974 0.049140 0.037639
0 0.111794 0.928999 0.049140 0.037639
0 0.117322 0.869974 0.047912 0.037639
0 0.292998 0.210009 0.047912 0.038494
0 0.115479 0.683918 0.049140 0.038494
0 0.152948 0.508127 0.047912 0.037639
0 0.869779 0.508982 0.046683 0.037639