1 0.495086 0.836185 0.823096 0.242087
1 0.496314 0.295552 0.823096 0.120616
1 0.496929 0.566296 0.819410 0.059880
1 0.351966 0.625749 0.534398 0.059025
1 0.578624 0.685201 0.660934 0.059880
1 0.375921 0.205731 0.584767 0.059025
1 0.644349 0.506416 0.527027 0.059880
1 0.762899 0.625749 0.289926 0.059025
1 0.788084 0.205304 0.239558 0.059880
1 0.469287 0.385372 0.766585 0.059025
1 0.233415 0.506843 0.297297 0.059025
1 0.165848 0.685201 0.164619 0.059880
1 0.495700 0.085971 0.824324 0.060736
1 0.495700 0.146279 0.824324 0.059880
1 0.495700 0.446108 0.821867 0.060736
1 0.880221 0.385372 0.055283 0.059025
0 0.122850 0.926433 0.046683 0.035928
0 0.643735 0.628743 0.046683 0.035928
0 0.271499 0.691189 0.046683 0.035928
0 0.115479 0.089393 0.046683 0.036784
0 0.406634 0.509410 0.046683 0.036784
0 0.876536 0.388794 0.045455 0.036784
0 0.692260 0.209581 0.045455 0.035928