1 0.506143 0.686056 0.825553 0.179641
1 0.505528 0.446108 0.824324 0.180496
1 0.188575 0.146279 0.187961 0.059880
1 0.310197 0.805389 0.431204 0.059025
1 0.504914 0.896065 0.823096 0.122327
1 0.573096 0.205731 0.691646 0.059025
1 0.721744 0.805817 0.391892 0.059880
1 0.506757 0.085971 0.821867 0.060736
1 0.475430 0.325920 0.761671 0.059880
1 0.506143 0.265612 0.825553 0.060736
1 0.600737 0.146279 0.636364 0.059880
1 0.160319 0.205731 0.133907 0.059025
1 0.539312 0.566296 0.751843 0.059880
1 0.887592 0.325920 0.062654 0.059880
1 0.128378 0.565868 0.067568 0.059025
0 0.306511 0.150984 0.047912 0.038494
0 0.127764 0.927716 0.049140 0.038494
0 0.881450 0.330624 0.047912 0.038494
0 0.251229 0.210009 0.047912 0.038494
0 0.551597 0.811377 0.049140 0.038494
0 0.186732 0.566724 0.049140 0.038494