1 0.506143 0.415740 0.825553 0.119760
1 0.505528 0.836612 0.824324 0.242943
1 0.506143 0.115911 0.825553 0.120616
1 0.734644 0.505988 0.371007 0.060736
1 0.506143 0.596236 0.825553 0.119760
1 0.746929 0.685201 0.343980 0.059880
1 0.321867 0.505988 0.457002 0.060736
1 0.189189 0.265612 0.189189 0.060736
1 0.204545 0.205731 0.222359 0.059025
1 0.616708 0.205731 0.601966 0.059025
1 0.334767 0.685201 0.480344 0.059880
1 0.590295 0.325920 0.654791 0.059880
1 0.179361 0.325920 0.169533 0.059880
1 0.600737 0.265612 0.633907 0.060736
0 0.127764 0.927716 0.049140 0.038494
0 0.288084 0.331480 0.047912 0.038494
0 0.342138 0.209153 0.047912 0.038494
0 0.307125 0.268606 0.049140 0.037639
0 0.600737 0.690761 0.049140 0.038494
0 0.597666 0.508554 0.047912 0.038494