1 0.531327 0.385372 0.475430 0.059025
1 0.730958 0.506416 0.375921 0.059880
1 0.762899 0.205731 0.312039 0.059025
1 0.372236 0.505988 0.339066 0.060736
1 0.506143 0.685201 0.823096 0.059880
1 0.438575 0.805389 0.690418 0.059025
1 0.396806 0.745509 0.604423 0.060736
1 0.193489 0.385372 0.200246 0.059025
1 0.277641 0.325492 0.366093 0.059025
1 0.689803 0.325920 0.458231 0.059880
1 0.409091 0.864842 0.631450 0.059880
1 0.507371 0.566296 0.825553 0.059880
1 0.423833 0.625749 0.656020 0.059025
1 0.350123 0.205731 0.513514 0.059025
1 0.389435 0.445680 0.592138 0.061591
1 0.507371 0.926005 0.823096 0.062447
1 0.705774 0.146279 0.423833 0.059880
1 0.808354 0.745509 0.218673 0.060736
1 0.437346 0.266039 0.687961 0.061591
1 0.834767 0.625749 0.165848 0.059025
1 0.802826 0.445252 0.234644 0.060736
1 0.821253 0.864842 0.192875 0.059880
1 0.708845 0.085971 0.420147 0.060736
1 0.296069 0.085971 0.402948 0.060736
1 0.844595 0.385800 0.148649 0.059880
1 0.294226 0.146279 0.399263 0.059880
1 0.851351 0.265612 0.135135 0.060736
1 0.851351 0.805389 0.135135 0.059025
1 0.148649 0.506416 0.108108 0.059880
0 0.522113 0.088109 0.046683 0.037639
0 0.317568 0.388366 0.047912 0.037639
0 0.126536 0.267750 0.049140 0.037639
0 0.485258 0.328914 0.049140 0.038494
0 0.722359 0.750642 0.046683 0.036784
0 0.749386 0.868691 0.049140 0.038494
0 0.128993 0.927716 0.049140 0.038494
0 0.123464 0.147562 0.047912 0.038494
0 0.124693 0.630026 0.047912 0.038494
0 0.792383 0.389649 0.046683 0.036784
0 0.519042 0.147562 0.047912 0.038494
0 0.808354 0.809666 0.046683 0.038494
0 0.806511 0.269461 0.045455 0.037639
0 0.566953 0.509410 0.047912 0.038494
0 0.227273 0.509410 0.046683 0.038494
0 0.775799 0.630026 0.047912 0.038494
0 0.632064 0.208298 0.047912 0.038494
0 0.709459 0.449102 0.047912 0.037639