1 0.506143 0.775021 0.825553 0.119760
1 0.538698 0.625749 0.441032 0.059025
1 0.378993 0.205731 0.571253 0.059025
1 0.624079 0.385372 0.587224 0.059025
1 0.791155 0.205731 0.255528 0.059025
1 0.211916 0.385372 0.237101 0.059025
1 0.544840 0.685629 0.743243 0.059025
1 0.205774 0.625749 0.224816 0.059025
1 0.506143 0.265612 0.823096 0.060736
1 0.507371 0.085971 0.820639 0.060736
1 0.364865 0.864842 0.542998 0.059880
1 0.777027 0.865269 0.281327 0.059025
1 0.504914 0.146279 0.820639 0.059880
1 0.504914 0.567151 0.823096 0.058169
1 0.506143 0.445680 0.823096 0.061591
1 0.474201 0.325920 0.759214 0.059880
1 0.505528 0.925150 0.824324 0.060736
1 0.839066 0.626176 0.157248 0.059880
1 0.133292 0.685201 0.079853 0.059880
1 0.886364 0.325920 0.062654 0.059880
0 0.341523 0.633020 0.046683 0.035928
0 0.878993 0.333618 0.045455 0.035928
0 0.687961 0.211292 0.044226 0.035928
0 0.124693 0.450385 0.045455 0.035073
0 0.660319 0.869974 0.045455 0.035928
0 0.356265 0.391788 0.046683 0.035928
0 0.784398 0.633447 0.045455 0.035073
0 0.124079 0.089820 0.046683 0.035928
0 0.195946 0.692472 0.045455 0.035073
0 0.135135 0.928144 0.046683 0.035928