1 0.504914 0.236099 0.825553 0.119760
1 0.506143 0.475620 0.825553 0.121471
1 0.721130 0.745509 0.395577 0.060736
1 0.475430 0.385372 0.764128 0.059025
1 0.214988 0.147134 0.243243 0.058169
1 0.505528 0.685201 0.826781 0.059880
1 0.474201 0.566296 0.761671 0.059880
1 0.476658 0.865269 0.764128 0.059025
1 0.474816 0.625749 0.762899 0.059025
1 0.504914 0.805817 0.825553 0.059880
1 0.508600 0.926005 0.828010 0.062447
1 0.627764 0.146707 0.582310 0.059025
1 0.308354 0.745937 0.427518 0.059880
1 0.506143 0.086399 0.820639 0.061591
1 0.505528 0.325920 0.824324 0.059880
1 0.886978 0.566296 0.061425 0.059880
1 0.888206 0.385372 0.058968 0.059025
1 0.887592 0.625749 0.060197 0.059025
1 0.890049 0.865269 0.057740 0.059025
0 0.360565 0.149701 0.045455 0.035928
0 0.122236 0.928999 0.045455 0.035928
0 0.880835 0.629598 0.046683 0.035928
0 0.125921 0.272027 0.045455 0.035928
0 0.879607 0.570573 0.046683 0.035928
0 0.882678 0.390077 0.045455 0.035928
0 0.546069 0.751925 0.045455 0.035928
0 0.883907 0.870830 0.045455 0.035928