1 0.495700 0.236527 0.824324 0.120616
1 0.496314 0.775021 0.823096 0.119760
1 0.495700 0.416168 0.824324 0.120616
1 0.323096 0.326347 0.479115 0.059025
1 0.495700 0.595808 0.824324 0.118905
1 0.735872 0.326347 0.346437 0.059025
1 0.216216 0.145851 0.265356 0.059025
1 0.657248 0.685201 0.503686 0.059880
1 0.379607 0.505988 0.589681 0.060736
1 0.777027 0.864842 0.261671 0.059880
1 0.364865 0.864842 0.560197 0.059880
1 0.244472 0.685201 0.321867 0.059880
1 0.496314 0.926005 0.825553 0.062447
1 0.791155 0.505988 0.233415 0.060736
1 0.495700 0.085971 0.824324 0.060736
1 0.628378 0.146279 0.558968 0.059880
0 0.374693 0.150556 0.046683 0.035928
0 0.587838 0.329769 0.045455 0.036784
0 0.429975 0.689478 0.046683 0.035928
0 0.698403 0.508982 0.045455 0.035928
0 0.135135 0.927288 0.046683 0.035928
0 0.670147 0.871257 0.045455 0.036784