1 0.734644 0.864842 0.348894 0.059880
1 0.610565 0.385372 0.594595 0.059025
1 0.322482 0.865269 0.477887 0.059025
1 0.496314 0.805389 0.823096 0.059025
1 0.391892 0.745937 0.614251 0.059880
1 0.804054 0.745509 0.210074 0.060736
1 0.421376 0.265612 0.673219 0.060736
1 0.496929 0.115911 0.821867 0.120616
1 0.495700 0.925577 0.824324 0.061591
1 0.469287 0.505988 0.771499 0.060736
1 0.198403 0.384944 0.232187 0.059880
1 0.495086 0.325920 0.825553 0.059880
1 0.497543 0.445252 0.825553 0.060736
1 0.496314 0.656116 0.825553 0.118050
1 0.468673 0.205731 0.770270 0.059025
1 0.834767 0.265612 0.146192 0.060736
1 0.881450 0.505988 0.052826 0.060736
1 0.880835 0.205304 0.054054 0.059880
0 0.118550 0.927288 0.045455 0.035928
0 0.787469 0.270317 0.046683 0.035928
0 0.724816 0.751069 0.046683 0.035928
0 0.123464 0.572284 0.045455 0.035928
0 0.363022 0.392216 0.045455 0.035073
0 0.878993 0.512404 0.045455 0.035928
0 0.878378 0.209581 0.046683 0.035928
0 0.585381 0.868263 0.045455 0.035928
1 0.494472 0.566724 0.819410 0.060736