1 0.682432 0.805389 0.450860 0.059025
1 0.731572 0.445252 0.352580 0.060736
1 0.738329 0.685201 0.339066 0.059880
1 0.714373 0.864842 0.386978 0.059880
1 0.463759 0.205304 0.757985 0.059880
1 0.466216 0.385372 0.762899 0.059025
1 0.389435 0.145851 0.609337 0.059025
1 0.224816 0.505988 0.280098 0.060736
1 0.372850 0.265612 0.576167 0.060736
1 0.725430 0.325920 0.367322 0.059880
1 0.327396 0.685201 0.485258 0.059880
1 0.801597 0.145851 0.212531 0.059025
1 0.721130 0.745509 0.373464 0.060736
1 0.320025 0.445680 0.470516 0.061591
1 0.608722 0.566296 0.598280 0.059880
1 0.637592 0.505988 0.542998 0.060736
1 0.269656 0.805389 0.369779 0.059025
1 0.495700 0.926005 0.824324 0.062447
1 0.302211 0.865269 0.437346 0.059025
1 0.313268 0.325920 0.459459 0.059880
1 0.496929 0.085971 0.826781 0.060736
1 0.310197 0.745509 0.450860 0.060736
1 0.495700 0.625749 0.824324 0.059025
1 0.785012 0.265612 0.248157 0.060736
1 0.195946 0.566296 0.224816 0.059880
1 0.877764 0.385372 0.060197 0.059025
1 0.875921 0.205304 0.063882 0.059880
0 0.390049 0.507699 0.047912 0.038494
0 0.122850 0.926433 0.049140 0.037639
0 0.480344 0.808383 0.049140 0.037639
0 0.594595 0.689906 0.049140 0.038494
0 0.559582 0.748931 0.047912 0.038494
0 0.581081 0.448674 0.049140 0.038494
0 0.333538 0.569290 0.047912 0.038494
0 0.546683 0.866980 0.049140 0.038494
0 0.566953 0.330624 0.047912 0.038494
0 0.721130 0.147562 0.049140 0.038494
0 0.686118 0.269033 0.047912 0.038494
0 0.872850 0.390077 0.047912 0.037639
0 0.868550 0.210009 0.049140 0.038494