1 0.506143 0.145423 0.825553 0.179641
1 0.506143 0.836185 0.825553 0.242087
1 0.506757 0.535500 0.826781 0.241232
1 0.590909 0.685201 0.653563 0.059880
1 0.654791 0.385372 0.530713 0.059025
1 0.506143 0.326347 0.820639 0.059025
1 0.242015 0.385372 0.294840 0.059025
1 0.269656 0.265612 0.350123 0.060736
1 0.681204 0.265612 0.475430 0.060736
1 0.178747 0.685201 0.168305 0.059880
0 0.286855 0.688195 0.047912 0.038494
0 0.413391 0.389649 0.047912 0.038494
0 0.131450 0.927288 0.049140 0.037639
0 0.468673 0.271600 0.047912 0.038494