1 0.496929 0.475620 0.824324 0.121471
1 0.361179 0.805389 0.552826 0.059025
1 0.632064 0.864842 0.554054 0.059880
1 0.382064 0.385372 0.594595 0.059025
1 0.682432 0.685629 0.450860 0.059025
1 0.773342 0.805817 0.269042 0.059880
1 0.269656 0.685201 0.369779 0.059880
1 0.793612 0.385372 0.228501 0.059025
1 0.495700 0.926005 0.826781 0.062447
1 0.727887 0.566296 0.359951 0.059880
1 0.379607 0.265612 0.589681 0.060736
1 0.496314 0.745509 0.823096 0.060736
1 0.316339 0.566296 0.463145 0.059880
1 0.219287 0.864842 0.271499 0.059880
1 0.792383 0.266039 0.233415 0.061591
1 0.495086 0.625749 0.820639 0.059025
1 0.494472 0.325920 0.824324 0.059880
1 0.495700 0.205731 0.821867 0.059025
1 0.146806 0.146279 0.124079 0.059880
1 0.558354 0.146279 0.699017 0.059880
1 0.497543 0.085971 0.823096 0.060736
0 0.479730 0.689050 0.047912 0.038494
0 0.232801 0.150556 0.047912 0.037639
0 0.119779 0.926433 0.047912 0.037639
0 0.662162 0.808811 0.046683 0.038494
0 0.703317 0.387511 0.047912 0.037639
0 0.571867 0.568435 0.047912 0.038494
0 0.378993 0.868263 0.047912 0.037639
0 0.701474 0.269889 0.049140 0.038494