1 0.506143 0.145423 0.825553 0.179641
1 0.506143 0.475620 0.825553 0.121471
1 0.506757 0.595381 0.824324 0.119760
1 0.387592 0.385372 0.588452 0.060736
1 0.401106 0.685201 0.610565 0.059880
1 0.507371 0.325920 0.823096 0.059880
1 0.590295 0.864842 0.654791 0.059880
1 0.392506 0.266039 0.598280 0.061591
1 0.505528 0.805389 0.821867 0.059025
1 0.568796 0.745509 0.695332 0.060736
1 0.506143 0.926005 0.823096 0.062447
1 0.800983 0.384944 0.238329 0.059880
1 0.804668 0.265612 0.228501 0.060736
1 0.178747 0.864842 0.168305 0.059880
1 0.811425 0.685201 0.212531 0.059880
1 0.157248 0.745509 0.125307 0.060736
0 0.286241 0.867836 0.046683 0.038494
0 0.730344 0.391360 0.047912 0.038494
0 0.716830 0.269889 0.047912 0.038494
0 0.131450 0.926433 0.049140 0.037639
0 0.133907 0.507271 0.049140 0.039350
0 0.244472 0.743798 0.049140 0.038494
0 0.729730 0.684773 0.046683 0.038494