1 0.772113 0.805817 0.296069 0.059880
1 0.359951 0.805817 0.530713 0.059880
1 0.506143 0.355432 0.825553 0.118905
1 0.665848 0.685201 0.503686 0.059880
1 0.375921 0.445680 0.562654 0.061591
1 0.254300 0.685629 0.319410 0.059025
1 0.505528 0.926005 0.821867 0.062447
1 0.590909 0.864842 0.658477 0.059880
1 0.611794 0.566296 0.614251 0.059880
1 0.547912 0.505988 0.737101 0.060736
1 0.577396 0.625749 0.678133 0.059025
1 0.477273 0.205731 0.765356 0.059025
1 0.506143 0.745509 0.823096 0.060736
1 0.443489 0.146279 0.700246 0.059880
1 0.199017 0.566296 0.211302 0.059880
1 0.787469 0.445252 0.260442 0.060736
1 0.541769 0.265612 0.751843 0.060736
1 0.178133 0.864842 0.167076 0.059880
1 0.167076 0.625749 0.144963 0.059025
1 0.506143 0.085971 0.825553 0.060736
1 0.129607 0.265612 0.070025 0.060736
1 0.856880 0.146279 0.124079 0.059880
1 0.888206 0.205731 0.061425 0.059025
1 0.135749 0.506416 0.084767 0.059880
0 0.264742 0.630881 0.047912 0.038494
0 0.818796 0.153122 0.047912 0.037639
0 0.308354 0.866980 0.046683 0.036784
0 0.680590 0.449957 0.046683 0.037639
0 0.133907 0.926861 0.049140 0.038494
0 0.201474 0.509410 0.049140 0.038494
0 0.881450 0.212147 0.047912 0.037639
0 0.438575 0.689906 0.049140 0.038494
0 0.648034 0.808811 0.047912 0.038494
0 0.330467 0.568862 0.049140 0.037639
0 0.189803 0.270744 0.047912 0.038494