1 0.505528 0.715569 0.824324 0.120616
1 0.506143 0.115911 0.825553 0.120616
1 0.581695 0.385372 0.669533 0.059025
1 0.716830 0.505988 0.406634 0.060736
1 0.302826 0.625749 0.416462 0.059025
1 0.304668 0.505560 0.422604 0.059880
1 0.286241 0.325920 0.383292 0.059880
1 0.555897 0.205304 0.723587 0.059880
1 0.699017 0.325920 0.439803 0.059880
1 0.714373 0.625749 0.406634 0.059025
1 0.506143 0.566296 0.823096 0.059880
1 0.506143 0.896065 0.823096 0.122327
1 0.505528 0.445252 0.821867 0.060736
1 0.507371 0.266039 0.815725 0.059880
1 0.477273 0.805817 0.767813 0.059880
1 0.170147 0.384944 0.151106 0.059880
1 0.143735 0.205731 0.100737 0.059025
1 0.890663 0.805389 0.056511 0.059025
0 0.216216 0.212147 0.044226 0.035928
0 0.267813 0.389649 0.044226 0.035073
0 0.128378 0.925150 0.045455 0.035073
0 0.501229 0.327630 0.044226 0.035928
0 0.533170 0.630026 0.044226 0.035073
0 0.563268 0.505560 0.045455 0.035928
0 0.886364 0.806245 0.045455 0.035073