1 0.565111 0.207442 0.705160 0.059025
1 0.218673 0.805389 0.248157 0.059025
1 0.638206 0.506843 0.561425 0.059025
1 0.754300 0.327203 0.329238 0.059025
1 0.543612 0.147990 0.630221 0.059880
1 0.353194 0.686912 0.517199 0.059880
1 0.381450 0.386655 0.573710 0.059880
1 0.601966 0.805389 0.518428 0.059025
1 0.765971 0.686912 0.305897 0.059880
1 0.612408 0.864842 0.610565 0.059880
1 0.734029 0.267322 0.369779 0.060736
1 0.785012 0.626604 0.270270 0.060736
1 0.242015 0.745937 0.294840 0.059880
1 0.226044 0.506843 0.262899 0.059025
1 0.654177 0.746364 0.529484 0.059025
1 0.792998 0.386655 0.251843 0.059880
1 0.367322 0.566724 0.547912 0.059025
1 0.342752 0.327203 0.496314 0.059025
1 0.424447 0.626604 0.448403 0.060736
1 0.321867 0.267322 0.454545 0.060736
1 0.780713 0.926005 0.273956 0.062447
1 0.391892 0.446963 0.597052 0.060736
1 0.780098 0.566296 0.277641 0.059880
1 0.369165 0.926005 0.549140 0.062447
1 0.200246 0.864842 0.213759 0.059880
1 0.160934 0.147990 0.135135 0.059880
1 0.152948 0.207015 0.119165 0.059880
1 0.146806 0.626604 0.106880 0.060736
1 0.804054 0.446963 0.227273 0.060736
1 0.507985 0.087682 0.824324 0.060736
1 0.888821 0.147562 0.060197 0.059025
1 0.890049 0.805817 0.057740 0.059880
0 0.413391 0.749358 0.045455 0.035928
0 0.380835 0.512831 0.046683 0.035073
0 0.714373 0.455090 0.045455 0.035928
0 0.572482 0.273738 0.044226 0.035928
0 0.667690 0.926433 0.045455 0.035928
0 0.236486 0.213858 0.045455 0.035928
0 0.665233 0.572284 0.045455 0.035928
0 0.253686 0.154405 0.045455 0.035073
0 0.132064 0.452524 0.045455 0.035928
0 0.128993 0.925577 0.046683 0.035928
0 0.367322 0.808383 0.044226 0.035928
0 0.613636 0.334046 0.045455 0.035073
0 0.331081 0.867408 0.045455 0.035928
0 0.692875 0.393926 0.044226 0.035073
0 0.884521 0.155689 0.046683 0.035928
0 0.635749 0.690334 0.045455 0.035928
0 0.224201 0.631309 0.045455 0.035928
0 0.884521 0.810522 0.046683 0.035073
0 0.673833 0.632164 0.045455 0.035928