1 0.761671 0.203165 0.294840 0.060736
1 0.753686 0.502566 0.310811 0.059025
1 0.728501 0.443114 0.361179 0.059880
1 0.229115 0.203165 0.288698 0.060736
1 0.342138 0.502566 0.512285 0.059025
1 0.808354 0.802823 0.199017 0.059025
1 0.493857 0.203165 0.240786 0.060736
1 0.700246 0.743370 0.417690 0.059880
1 0.332310 0.742943 0.315725 0.059025
1 0.497543 0.144140 0.828010 0.059025
1 0.404791 0.443114 0.286241 0.059880
1 0.495086 0.685201 0.825553 0.056459
1 0.450246 0.802395 0.519656 0.059880
1 0.498157 0.263473 0.819410 0.059880
1 0.496314 0.384944 0.823096 0.058169
1 0.171990 0.443114 0.176904 0.059880
1 0.493243 0.862703 0.829238 0.060736
1 0.496929 0.923011 0.826781 0.059880
1 0.498157 0.563302 0.816953 0.062447
1 0.137592 0.802395 0.105651 0.059880
1 0.128993 0.742943 0.090909 0.059025
0 0.217445 0.801967 0.049140 0.038494
0 0.516585 0.745081 0.050369 0.039350
0 0.734644 0.804534 0.049140 0.038494
0 0.253686 0.862703 0.050369 0.038494
0 0.573710 0.448674 0.049140 0.038494
0 0.286241 0.447819 0.049140 0.038494
0 0.640663 0.211292 0.047912 0.037639
0 0.622850 0.508127 0.049140 0.037639
0 0.318182 0.920445 0.049140 0.037639
0 0.397420 0.210436 0.047912 0.037639
0 0.135135 0.207015 0.049140 0.037639
0 0.130221 0.505133 0.049140 0.038494
0 0.200246 0.742515 0.049140 0.037639
0 0.296069 0.266039 0.049140 0.037639
0 0.294840 0.561163 0.049140 0.037639