1 0.495086 0.416168 0.823096 0.117194
1 0.353808 0.144996 0.540541 0.059025
1 0.465602 0.504277 0.444717 0.059025
1 0.667690 0.864842 0.359951 0.059880
1 0.728501 0.564157 0.358722 0.060736
1 0.417690 0.204021 0.668305 0.059025
1 0.633907 0.084260 0.552826 0.060736
1 0.797912 0.503849 0.219902 0.059880
1 0.468673 0.264328 0.767813 0.061591
1 0.766585 0.144568 0.285012 0.059880
1 0.632064 0.683918 0.549140 0.059025
1 0.316953 0.564157 0.464373 0.060736
1 0.285012 0.864414 0.402948 0.060736
1 0.792998 0.925150 0.229730 0.060736
1 0.829853 0.204021 0.156020 0.059025
1 0.496314 0.624038 0.823096 0.059025
1 0.221130 0.683918 0.272727 0.059025
1 0.219902 0.084688 0.272727 0.061591
1 0.496314 0.804106 0.823096 0.059880
1 0.426290 0.743798 0.685504 0.060736
1 0.381450 0.925150 0.593366 0.060736
1 0.163391 0.503849 0.157248 0.059880
1 0.880221 0.263901 0.055283 0.060736
1 0.877764 0.864414 0.060197 0.060736
1 0.838452 0.743798 0.141278 0.060736
0 0.379607 0.088537 0.046683 0.038494
0 0.702703 0.926861 0.046683 0.038494
0 0.774570 0.212147 0.045455 0.035928
0 0.124079 0.924294 0.049140 0.038494
0 0.877150 0.269461 0.049140 0.037639
0 0.267813 0.510265 0.049140 0.038494
0 0.572482 0.568007 0.046683 0.037639
0 0.647420 0.148845 0.046683 0.037639
0 0.380835 0.691189 0.044226 0.035928
0 0.512285 0.867408 0.046683 0.037639
0 0.711302 0.508554 0.046683 0.038494
0 0.872850 0.867408 0.047912 0.037639
0 0.792998 0.749786 0.047912 0.038494
0 0.129607 0.631309 0.047912 0.037639
0 0.118550 0.270317 0.047912 0.037639