1 0.506143 0.416168 0.825553 0.240376
1 0.506143 0.175791 0.825553 0.118905
1 0.506143 0.775021 0.825553 0.119760
1 0.269042 0.566296 0.351351 0.059880
1 0.635135 0.864842 0.565111 0.059880
1 0.421990 0.685201 0.654791 0.059880
1 0.506143 0.085971 0.820639 0.060736
1 0.504914 0.926005 0.820639 0.062447
1 0.181818 0.265612 0.174447 0.060736
1 0.681204 0.565868 0.475430 0.060736
1 0.222973 0.864842 0.259214 0.059880
1 0.506757 0.625749 0.821867 0.059025
1 0.592138 0.265612 0.646192 0.060736
1 0.833538 0.685201 0.168305 0.059880
0 0.773956 0.687767 0.046683 0.035928
0 0.123464 0.084260 0.045455 0.036784
0 0.467445 0.569290 0.045455 0.035073
0 0.132678 0.927288 0.046683 0.035928
0 0.376536 0.866980 0.045455 0.036784
0 0.292998 0.269033 0.045455 0.036784