1 0.506143 0.565013 0.825553 0.300257
1 0.506757 0.866553 0.824324 0.181352
1 0.506757 0.115911 0.826781 0.120616
1 0.718059 0.385372 0.401720 0.059025
1 0.535012 0.205731 0.652334 0.059025
1 0.506757 0.295552 0.824324 0.120616
1 0.305897 0.385372 0.422604 0.059025
1 0.461302 0.745509 0.738329 0.060736
1 0.150491 0.205731 0.114251 0.059025
1 0.875921 0.745509 0.088452 0.060736
1 0.890663 0.205731 0.058968 0.059025
0 0.542998 0.387938 0.049140 0.038494
0 0.232187 0.207442 0.049140 0.038494
0 0.133292 0.926433 0.050369 0.037639
0 0.885749 0.209153 0.049140 0.038494
0 0.880835 0.750642 0.049140 0.038494