1 0.496314 0.565441 0.823096 0.299401
1 0.496314 0.295552 0.823096 0.120616
1 0.387592 0.865269 0.605651 0.059025
1 0.798526 0.865697 0.218673 0.058169
1 0.495700 0.805817 0.824324 0.059880
1 0.214373 0.385372 0.261671 0.059025
1 0.626536 0.385372 0.562654 0.059025
1 0.425676 0.745509 0.684275 0.060736
1 0.467445 0.205304 0.757985 0.059880
1 0.495700 0.925577 0.824324 0.061591
1 0.686732 0.146279 0.442260 0.059880
1 0.275184 0.145851 0.380835 0.059025
1 0.496314 0.085971 0.823096 0.060736
1 0.877764 0.205304 0.060197 0.059880
1 0.837838 0.745509 0.140049 0.060736
0 0.791769 0.749358 0.045455 0.035928
0 0.119779 0.930282 0.045455 0.035073
0 0.714373 0.871685 0.045455 0.035928
0 0.488329 0.151411 0.045455 0.035928
0 0.369165 0.390077 0.045455 0.035928
0 0.871622 0.211292 0.045455 0.035928