1 0.257371 0.505988 0.325553 0.060736
1 0.668305 0.505988 0.498771 0.060736
1 0.816953 0.685201 0.201474 0.059880
1 0.404791 0.685201 0.622850 0.059880
1 0.265356 0.146279 0.341523 0.059880
1 0.637592 0.325492 0.272727 0.059025
1 0.589681 0.805389 0.540541 0.059025
1 0.297912 0.325920 0.406634 0.059880
1 0.231572 0.445252 0.273956 0.060736
1 0.206388 0.805389 0.226044 0.059025
1 0.644349 0.445252 0.546683 0.060736
1 0.428133 0.384944 0.504914 0.059880
1 0.661548 0.745509 0.399263 0.060736
1 0.493857 0.864842 0.385749 0.059880
1 0.798526 0.385372 0.238329 0.059025
1 0.802211 0.864842 0.230958 0.059880
1 0.452703 0.566296 0.590909 0.059880
1 0.506143 0.625749 0.825553 0.059025
1 0.677518 0.146279 0.482801 0.059880
1 0.278256 0.745509 0.367322 0.060736
1 0.581081 0.085971 0.673219 0.060736
1 0.438575 0.205731 0.687961 0.059025
1 0.733415 0.925577 0.371007 0.061591
1 0.846437 0.325920 0.142506 0.059880
1 0.320639 0.925577 0.454545 0.061591
1 0.575553 0.265612 0.686732 0.060736
1 0.197174 0.864842 0.207617 0.059880
1 0.169533 0.085543 0.149877 0.061591
1 0.833538 0.566296 0.168305 0.059880
1 0.163391 0.265612 0.137592 0.060736
1 0.135135 0.385800 0.083538 0.059880
1 0.852580 0.205731 0.135135 0.059025
1 0.125307 0.566296 0.063882 0.059880
1 0.890049 0.805389 0.057740 0.059025
1 0.890663 0.745509 0.056511 0.060736
0 0.485258 0.750214 0.044226 0.035928
0 0.574324 0.926433 0.047912 0.039350
0 0.444103 0.508554 0.047912 0.038494
0 0.460688 0.153122 0.046683 0.037639
0 0.807740 0.213003 0.047912 0.037639
0 0.126536 0.209581 0.049140 0.037639
0 0.393120 0.449102 0.046683 0.037639
0 0.713145 0.867836 0.047912 0.038494
0 0.883907 0.749786 0.045455 0.036784
0 0.125307 0.926005 0.049140 0.038494
0 0.268428 0.089393 0.047912 0.038494
0 0.324939 0.867836 0.047912 0.038494
0 0.179975 0.568435 0.045455 0.036784
0 0.199631 0.390505 0.045455 0.036784
0 0.739558 0.689478 0.046683 0.037639
0 0.343980 0.808811 0.049140 0.038494
0 0.523956 0.329769 0.045455 0.036784
0 0.771499 0.566724 0.046683 0.038494
0 0.254300 0.272883 0.044226 0.035928
0 0.797912 0.330624 0.047912 0.038494
0 0.702088 0.390505 0.042998 0.036784
0 0.884521 0.807528 0.046683 0.037639