1 0.746929 0.385372 0.324324 0.059025
1 0.592138 0.805389 0.633907 0.059025
1 0.582310 0.205731 0.648649 0.059025
1 0.335381 0.385372 0.501229 0.059025
1 0.496314 0.865269 0.820639 0.059025
1 0.496929 0.505988 0.826781 0.060736
1 0.179975 0.805389 0.190418 0.059025
1 0.580467 0.685201 0.549140 0.059880
1 0.595823 0.445252 0.515971 0.060736
1 0.496314 0.745509 0.823096 0.060736
1 0.183047 0.146279 0.199017 0.059880
1 0.418919 0.566296 0.665848 0.059880
1 0.194103 0.685201 0.221130 0.059880
1 0.497543 0.085971 0.823096 0.060736
1 0.211302 0.445252 0.253071 0.060736
1 0.423219 0.925577 0.679361 0.061591
1 0.595209 0.146279 0.627764 0.059880
1 0.169533 0.205731 0.174447 0.059025
1 0.496314 0.625749 0.823096 0.059025
1 0.831081 0.566296 0.153563 0.059880
1 0.834767 0.926005 0.146192 0.062447
1 0.881450 0.685629 0.052826 0.059025
1 0.881450 0.445252 0.055283 0.060736
1 0.496314 0.325920 0.823096 0.059880
1 0.496929 0.266039 0.824324 0.061591
0 0.361179 0.449957 0.046683 0.035928
0 0.127150 0.926433 0.045455 0.035928
0 0.304054 0.148845 0.045455 0.035928
0 0.879607 0.692900 0.046683 0.035928
0 0.613022 0.390932 0.046683 0.035928
0 0.281327 0.209581 0.046683 0.035928
0 0.299140 0.810094 0.045455 0.035928
0 0.787469 0.928999 0.046683 0.035928
0 0.329238 0.689050 0.046683 0.036784
0 0.878378 0.450385 0.046683 0.036784
0 0.130221 0.268606 0.046683 0.035928
0 0.778256 0.571856 0.045455 0.036784