1 0.506757 0.115483 0.826781 0.119760
1 0.738943 0.864842 0.359951 0.059880
1 0.761057 0.505560 0.315725 0.059880
1 0.710074 0.385372 0.417690 0.059025
1 0.757371 0.745509 0.320639 0.060736
1 0.302211 0.325920 0.415233 0.059880
1 0.733415 0.445680 0.368550 0.061591
1 0.587838 0.805389 0.325553 0.059025
1 0.321253 0.445252 0.455774 0.060736
1 0.400491 0.864842 0.319410 0.059880
1 0.297912 0.384944 0.404177 0.059880
1 0.259828 0.805389 0.330467 0.059025
1 0.714373 0.326347 0.409091 0.059025
1 0.348280 0.505988 0.507371 0.060736
1 0.189803 0.745509 0.190418 0.060736
1 0.506143 0.685629 0.823096 0.059025
1 0.433661 0.565013 0.683047 0.057314
1 0.364251 0.926005 0.539312 0.062447
1 0.441032 0.745509 0.312039 0.060736
1 0.504300 0.266895 0.821867 0.059880
1 0.775799 0.926005 0.288698 0.062447
1 0.167076 0.864842 0.147420 0.059880
1 0.834767 0.805389 0.168305 0.059025
1 0.847666 0.564585 0.142506 0.056459
0 0.128993 0.798546 0.044226 0.035073
0 0.679361 0.925150 0.044226 0.035073
0 0.264128 0.861848 0.044226 0.035073
0 0.123464 0.392216 0.045455 0.035073
0 0.627150 0.511121 0.045455 0.035073
0 0.573096 0.452096 0.045455 0.035073
0 0.533784 0.331908 0.045455 0.035928
0 0.449017 0.800257 0.045455 0.035073
0 0.622236 0.741232 0.045455 0.035073
0 0.127150 0.924294 0.045455 0.035073
0 0.774570 0.801112 0.045455 0.035073
0 0.582924 0.862703 0.045455 0.035073
0 0.127150 0.331480 0.045455 0.035073
0 0.122236 0.148417 0.045455 0.035073
0 0.310197 0.739521 0.045455 0.035073
0 0.525184 0.392643 0.045455 0.034217
0 0.800369 0.565868 0.045455 0.035073
0 0.202088 0.565868 0.045455 0.035073