1 0.263514 0.146279 0.359951 0.059880
1 0.531327 0.505988 0.637592 0.060736
1 0.333538 0.385372 0.497543 0.059025
1 0.728501 0.566296 0.358722 0.059880
1 0.649263 0.625749 0.517199 0.059025
1 0.500614 0.685201 0.445946 0.059880
1 0.180590 0.685201 0.194103 0.059880
1 0.391892 0.805389 0.402948 0.059025
1 0.676290 0.146279 0.465602 0.059880
1 0.498157 0.205731 0.824324 0.059025
1 0.745086 0.385372 0.325553 0.059025
1 0.685504 0.325920 0.326781 0.059880
1 0.356880 0.566296 0.384521 0.059880
1 0.745086 0.864842 0.325553 0.059880
1 0.750614 0.805389 0.314496 0.059025
1 0.237715 0.625749 0.305897 0.059025
1 0.300983 0.445680 0.432432 0.059880
1 0.332310 0.864842 0.497543 0.059880
1 0.692260 0.265612 0.315725 0.060736
1 0.712531 0.445680 0.393120 0.061591
1 0.496314 0.085971 0.825553 0.060736
1 0.815725 0.685201 0.184275 0.059880
1 0.808354 0.926005 0.199017 0.062447
1 0.434889 0.745509 0.380835 0.060736
1 0.766585 0.745509 0.282555 0.060736
1 0.303440 0.325920 0.439803 0.059880
1 0.396806 0.926005 0.626536 0.062447
1 0.309582 0.265612 0.449631 0.060736
1 0.137592 0.805389 0.108108 0.059025
1 0.878378 0.325492 0.058968 0.059025
1 0.124693 0.566296 0.079853 0.059880
1 0.164005 0.745509 0.160934 0.060736
1 0.148034 0.505988 0.128993 0.060736
1 0.878993 0.505988 0.057740 0.060736
1 0.878993 0.265612 0.057740 0.060736
0 0.268428 0.751069 0.045455 0.035928
0 0.467445 0.148845 0.045455 0.035928
0 0.605037 0.388366 0.045455 0.035928
0 0.648034 0.751069 0.045455 0.035928
0 0.122850 0.928144 0.046683 0.035928
0 0.130835 0.388794 0.045455 0.035073
0 0.746929 0.689478 0.044226 0.035928
0 0.214373 0.810094 0.045455 0.035928
0 0.125921 0.088965 0.045455 0.035928
0 0.301597 0.688623 0.045455 0.035928
0 0.572482 0.570573 0.044226 0.035928
0 0.606265 0.869119 0.045455 0.035928
0 0.539312 0.448246 0.044226 0.035928
0 0.412776 0.630453 0.044226 0.035928
0 0.234029 0.510693 0.042998 0.035928
0 0.731572 0.928571 0.045455 0.035073
0 0.616093 0.810522 0.045455 0.035073
0 0.557125 0.269461 0.045455 0.035928
0 0.546683 0.329341 0.044226 0.035928
0 0.872850 0.329769 0.045455 0.035073
0 0.188575 0.571429 0.045455 0.035928
0 0.874079 0.269889 0.045455 0.036784
0 0.872236 0.509837 0.044226 0.035928