1 0.495700 0.655689 0.824324 0.240376
1 0.494472 0.204876 0.824324 0.301967
1 0.338452 0.805389 0.509828 0.059025
1 0.703317 0.385372 0.411548 0.059025
1 0.750614 0.805389 0.314496 0.059025
1 0.290541 0.385372 0.414005 0.059025
1 0.495700 0.895637 0.824324 0.121471
1 0.218673 0.505988 0.267813 0.060736
1 0.629607 0.505988 0.554054 0.060736
1 0.496314 0.444825 0.823096 0.059880
0 0.522727 0.389222 0.047912 0.037639
0 0.377764 0.509410 0.047912 0.038494
0 0.619779 0.807100 0.047912 0.038494
0 0.116708 0.923011 0.049140 0.039350