1 0.506757 0.145423 0.824324 0.179641
1 0.506143 0.535073 0.825553 0.240376
1 0.266585 0.385372 0.343980 0.059025
1 0.728501 0.685201 0.380835 0.059880
1 0.677518 0.384944 0.480344 0.059880
1 0.304668 0.265612 0.422604 0.060736
1 0.316953 0.685201 0.444717 0.059880
1 0.718059 0.265612 0.404177 0.060736
1 0.580467 0.805389 0.674447 0.059025
1 0.505528 0.896065 0.824324 0.122327
1 0.505528 0.745509 0.821867 0.060736
1 0.504914 0.325920 0.823096 0.059880
1 0.168305 0.804534 0.149877 0.060736
0 0.268428 0.806245 0.047912 0.038494
0 0.463759 0.387938 0.050369 0.038494
0 0.124079 0.924722 0.049140 0.037639
0 0.538698 0.270744 0.045455 0.036784
0 0.565111 0.686484 0.049140 0.038494