1 0.506143 0.775021 0.825553 0.119760
1 0.593366 0.864842 0.648649 0.059880
1 0.506143 0.355860 0.825553 0.362703
1 0.472973 0.685201 0.759214 0.059880
1 0.506143 0.115911 0.825553 0.120616
1 0.505528 0.926005 0.819410 0.062447
1 0.181204 0.864842 0.175676 0.059880
1 0.725430 0.566296 0.386978 0.059880
1 0.506143 0.625749 0.825553 0.059025
1 0.313268 0.566296 0.439803 0.059880
1 0.885749 0.685201 0.066339 0.059880
0 0.124693 0.925577 0.050369 0.037639
0 0.127150 0.145851 0.050369 0.038494
0 0.557740 0.567579 0.049140 0.038494
0 0.292998 0.867408 0.047912 0.037639
0 0.882064 0.687340 0.049140 0.038494