1 0.496314 0.475620 0.823096 0.121471
1 0.230958 0.805389 0.294840 0.059025
1 0.689189 0.385372 0.437346 0.059025
1 0.201474 0.205731 0.235872 0.059025
1 0.579238 0.864842 0.657248 0.059880
1 0.644349 0.805389 0.529484 0.059025
1 0.213759 0.325920 0.260442 0.059880
1 0.546683 0.205304 0.452088 0.059880
1 0.379607 0.685201 0.589681 0.059880
1 0.167690 0.864842 0.168305 0.059880
1 0.729115 0.566296 0.357494 0.059880
1 0.277027 0.385372 0.384521 0.059025
1 0.791769 0.685201 0.232187 0.059880
1 0.804054 0.265612 0.210074 0.060736
1 0.495700 0.925577 0.826781 0.061591
1 0.317568 0.566296 0.465602 0.059880
1 0.654177 0.745509 0.509828 0.060736
1 0.625307 0.325920 0.565111 0.059880
1 0.241400 0.745509 0.315725 0.060736
1 0.496929 0.145851 0.824324 0.059025
1 0.552826 0.085971 0.714988 0.060736
1 0.495700 0.625749 0.821867 0.059025
1 0.391892 0.265612 0.614251 0.060736
1 0.138821 0.085971 0.110565 0.060736
1 0.840909 0.205304 0.133907 0.059880
0 0.343366 0.212147 0.045455 0.035928
0 0.423219 0.750214 0.045455 0.035928
0 0.699631 0.691189 0.045455 0.035928
0 0.218059 0.092814 0.045455 0.035073
0 0.574939 0.570145 0.046683 0.036784
0 0.117936 0.926433 0.046683 0.035928
0 0.369165 0.328058 0.045455 0.036784
0 0.797297 0.213858 0.046683 0.035928
0 0.401720 0.810094 0.046683 0.035928
0 0.275184 0.869119 0.046683 0.035928
0 0.493857 0.390932 0.046683 0.035928
0 0.722359 0.272883 0.046683 0.035928