1 0.496314 0.805389 0.823096 0.059025
1 0.280098 0.864842 0.393120 0.059880
1 0.347666 0.685201 0.525799 0.059880
1 0.758600 0.685201 0.298526 0.059880
1 0.495700 0.205731 0.821867 0.059025
1 0.683661 0.445680 0.448403 0.061591
1 0.376536 0.146279 0.583538 0.059880
1 0.496314 0.505988 0.828010 0.060736
1 0.496314 0.385372 0.823096 0.059025
1 0.230958 0.325920 0.294840 0.059880
1 0.788084 0.146279 0.239558 0.059880
1 0.295455 0.265612 0.421376 0.060736
1 0.270885 0.445252 0.374693 0.060736
1 0.643120 0.325920 0.529484 0.059880
1 0.495700 0.626176 0.824324 0.059880
1 0.707617 0.265612 0.402948 0.060736
1 0.453931 0.566296 0.743243 0.059880
1 0.193489 0.745509 0.219902 0.060736
1 0.692875 0.864842 0.432432 0.059880
1 0.496929 0.085971 0.824324 0.060736
1 0.606880 0.745509 0.604423 0.060736
1 0.496314 0.925577 0.825553 0.061591
1 0.867322 0.566296 0.083538 0.059880
0 0.122850 0.926861 0.049140 0.038494
0 0.484029 0.446963 0.049140 0.038494
0 0.693489 0.150128 0.047912 0.038494
0 0.501843 0.867408 0.047912 0.037639
0 0.633907 0.689478 0.049140 0.037639
0 0.401106 0.327203 0.047912 0.038494
0 0.326781 0.748931 0.046683 0.038494
0 0.529484 0.268178 0.049140 0.038494
0 0.872850 0.565441 0.047912 0.037639