1 0.496314 0.866125 0.823096 0.180496
1 0.495700 0.145423 0.824324 0.179641
1 0.496314 0.416595 0.823096 0.239521
1 0.496314 0.655689 0.825553 0.118905
1 0.383292 0.745509 0.597052 0.060736
1 0.794840 0.745509 0.228501 0.060736
1 0.327396 0.566296 0.487715 0.059880
1 0.739558 0.566296 0.336609 0.059880
1 0.468059 0.266039 0.764128 0.061591
1 0.879607 0.265612 0.056511 0.060736
0 0.118550 0.926861 0.047912 0.038494
0 0.704545 0.750214 0.047912 0.037639
0 0.877764 0.268606 0.050369 0.039350
0 0.596437 0.566724 0.047912 0.038494