1 0.506757 0.266039 0.824324 0.179641
1 0.506143 0.715569 0.825553 0.120616
1 0.765971 0.505988 0.305897 0.060736
1 0.432432 0.625749 0.678133 0.059025
1 0.437346 0.385372 0.685504 0.059025
1 0.506757 0.566296 0.824324 0.059880
1 0.353194 0.505988 0.519656 0.060736
1 0.765971 0.445252 0.305897 0.060736
1 0.391892 0.145851 0.594595 0.059025
1 0.474816 0.804962 0.762899 0.059880
1 0.505528 0.865269 0.821867 0.059025
1 0.803440 0.146279 0.228501 0.059880
1 0.506143 0.926433 0.823096 0.061591
1 0.352580 0.445680 0.518428 0.059880
1 0.507985 0.085971 0.826781 0.060736
1 0.844595 0.625749 0.146192 0.059025
1 0.849509 0.385372 0.136364 0.059025
1 0.888206 0.804534 0.058968 0.060736
0 0.711916 0.154405 0.045455 0.035073
0 0.637592 0.450813 0.046683 0.035928
0 0.804054 0.392643 0.045455 0.035928
0 0.125307 0.868263 0.046683 0.035928
0 0.125307 0.926861 0.046683 0.036784
0 0.881450 0.813516 0.045455 0.035928
0 0.796683 0.631309 0.045455 0.035928
0 0.635749 0.510693 0.045455 0.035928