1 0.506757 0.145423 0.824324 0.179641
1 0.506143 0.715569 0.825553 0.120616
1 0.395577 0.805389 0.601966 0.059025
1 0.742629 0.385372 0.352580 0.059025
1 0.331695 0.385372 0.471744 0.059025
1 0.391892 0.265612 0.597052 0.060736
1 0.506757 0.326347 0.821867 0.059025
1 0.476044 0.506416 0.765356 0.059880
1 0.410934 0.625749 0.632678 0.059025
1 0.807125 0.805817 0.221130 0.059880
1 0.823096 0.625749 0.191646 0.059025
1 0.506143 0.896493 0.823096 0.121471
1 0.423219 0.566296 0.659705 0.059880
1 0.803440 0.265612 0.228501 0.060736
1 0.506757 0.445680 0.826781 0.061591
1 0.835381 0.566296 0.164619 0.059880
1 0.889435 0.505988 0.058968 0.060736
0 0.750000 0.633447 0.045455 0.035073
0 0.720516 0.810950 0.045455 0.035928
0 0.882678 0.512404 0.045455 0.035928
0 0.126536 0.925577 0.046683 0.035928
0 0.712531 0.270317 0.044226 0.035928
0 0.590295 0.389649 0.045455 0.036784
0 0.777641 0.573139 0.046683 0.035928