1 0.506143 0.175791 0.825553 0.118905
1 0.235872 0.505560 0.282555 0.059880
1 0.380835 0.685201 0.572482 0.059880
1 0.506143 0.595381 0.825553 0.119760
1 0.335995 0.265612 0.485258 0.060736
1 0.257371 0.445252 0.325553 0.060736
1 0.793612 0.685201 0.253071 0.059880
1 0.506143 0.385372 0.820639 0.059025
1 0.648649 0.505560 0.540541 0.059880
1 0.507371 0.085971 0.823096 0.060736
1 0.668919 0.445252 0.497543 0.060736
1 0.749386 0.265612 0.339066 0.060736
1 0.476658 0.804534 0.764128 0.060736
1 0.505528 0.895637 0.824324 0.121471
1 0.538084 0.325920 0.761671 0.059880
1 0.507985 0.744654 0.829238 0.059025
1 0.125307 0.325920 0.061425 0.058169
1 0.890049 0.804534 0.057740 0.060736
0 0.444717 0.449530 0.046683 0.038494
0 0.124079 0.924294 0.049140 0.038494
0 0.129607 0.090676 0.047912 0.037639
0 0.180590 0.329769 0.049140 0.038494
0 0.603808 0.269461 0.047912 0.037639
0 0.401720 0.509837 0.049140 0.037639
0 0.885135 0.810094 0.047912 0.037639
0 0.690418 0.690334 0.044226 0.035928