1 0.506143 0.325920 0.825553 0.181352
1 0.358722 0.505988 0.530713 0.060736
1 0.355037 0.685201 0.520885 0.059880
1 0.770885 0.505988 0.296069 0.060736
1 0.766585 0.685201 0.302211 0.059880
1 0.506143 0.115483 0.825553 0.119760
1 0.407248 0.805389 0.627764 0.059025
1 0.211916 0.205731 0.237101 0.059025
1 0.819410 0.805389 0.196560 0.059025
1 0.476044 0.566296 0.760442 0.059880
1 0.505528 0.625749 0.821867 0.059025
1 0.506143 0.446536 0.823096 0.059880
1 0.623464 0.205304 0.588452 0.059880
1 0.504914 0.745081 0.823096 0.059880
1 0.505528 0.896065 0.824324 0.122327
1 0.888821 0.566296 0.057740 0.059880
0 0.640663 0.689050 0.047912 0.038494
0 0.124079 0.924294 0.049140 0.038494
0 0.127150 0.390505 0.047912 0.038494
0 0.126536 0.566724 0.049140 0.038494
0 0.378993 0.210009 0.047912 0.038494
0 0.648034 0.508554 0.047912 0.038494
0 0.746314 0.807100 0.047912 0.038494
0 0.884521 0.568435 0.049140 0.038494