1 0.506143 0.565441 0.825553 0.179641
1 0.320639 0.145851 0.452088 0.059025
1 0.396192 0.805389 0.603194 0.059025
1 0.732187 0.145851 0.371007 0.059025
1 0.461916 0.685201 0.737101 0.059880
1 0.505528 0.896065 0.824324 0.122327
1 0.298526 0.445252 0.410319 0.060736
1 0.711302 0.445252 0.412776 0.060736
1 0.506143 0.205731 0.823096 0.059025
1 0.504300 0.745081 0.821867 0.059880
1 0.476658 0.385372 0.761671 0.059025
1 0.542383 0.265612 0.750614 0.060736
1 0.807740 0.804534 0.222359 0.060736
1 0.505528 0.085971 0.821867 0.060736
1 0.506143 0.325920 0.823096 0.059880
1 0.874693 0.685201 0.088452 0.059880
1 0.888206 0.385372 0.058968 0.059025
1 0.130835 0.265612 0.072482 0.060736
0 0.884521 0.388366 0.049140 0.037639
0 0.123464 0.927716 0.050369 0.038494
0 0.571253 0.150128 0.049140 0.038494
0 0.529484 0.446108 0.049140 0.038494
0 0.191032 0.269461 0.047912 0.037639
0 0.877150 0.684773 0.049140 0.038494
0 0.722359 0.808811 0.049140 0.038494