1 0.505528 0.774594 0.824324 0.118905
1 0.505528 0.475620 0.824324 0.121471
1 0.506143 0.115911 0.823096 0.120616
1 0.382064 0.864842 0.577396 0.059880
1 0.505528 0.685201 0.819410 0.059880
1 0.244472 0.625749 0.302211 0.059025
1 0.794840 0.864842 0.245700 0.059880
1 0.506757 0.926005 0.824324 0.062447
1 0.473587 0.205731 0.757985 0.059025
1 0.505528 0.566296 0.824324 0.059880
1 0.550983 0.384944 0.730958 0.059880
1 0.656020 0.625749 0.523342 0.059025
1 0.506143 0.325492 0.820639 0.059025
1 0.587838 0.265612 0.659705 0.060736
1 0.139435 0.385800 0.092138 0.059880
1 0.176290 0.266039 0.165848 0.061591
1 0.886364 0.205731 0.062654 0.059025
0 0.128378 0.688623 0.045455 0.035928
0 0.210074 0.389222 0.046683 0.035928
0 0.124079 0.512404 0.046683 0.035928
0 0.130835 0.926005 0.045455 0.036784
0 0.283170 0.272027 0.045455 0.035928
0 0.697789 0.867836 0.046683 0.036784
0 0.879607 0.212147 0.046683 0.035928
0 0.418305 0.628743 0.045455 0.035928