1 0.496314 0.145423 0.825553 0.179641
1 0.495700 0.866553 0.824324 0.181352
1 0.495700 0.536356 0.824324 0.119760
1 0.406020 0.685201 0.640049 0.059880
1 0.817568 0.685201 0.183047 0.059880
1 0.496314 0.355432 0.823096 0.118905
1 0.709459 0.745509 0.396806 0.060736
1 0.455774 0.625749 0.746929 0.059025
1 0.297297 0.745509 0.425061 0.060736
1 0.527027 0.445680 0.766585 0.059880
1 0.703931 0.265612 0.407862 0.060736
1 0.292998 0.265612 0.416462 0.060736
1 0.867322 0.626176 0.081081 0.059880
1 0.113636 0.445680 0.057740 0.061591
0 0.534398 0.748075 0.049140 0.038494
0 0.122850 0.689478 0.049140 0.037639
0 0.122850 0.926005 0.049140 0.038494
0 0.751229 0.689050 0.047912 0.038494
0 0.167690 0.449530 0.047912 0.038494
0 0.875307 0.630026 0.047912 0.038494
0 0.525184 0.269461 0.047912 0.037639