1 0.495700 0.866553 0.824324 0.181352
1 0.374079 0.385372 0.578624 0.059025
1 0.496929 0.595808 0.824324 0.118905
1 0.496314 0.115911 0.825553 0.120616
1 0.536855 0.205731 0.744472 0.059025
1 0.768428 0.685201 0.278870 0.059880
1 0.356880 0.685201 0.544226 0.059880
1 0.496929 0.505988 0.824324 0.060736
1 0.367322 0.445252 0.415233 0.060736
1 0.786855 0.385372 0.244472 0.059025
1 0.722359 0.745509 0.373464 0.060736
1 0.742015 0.445252 0.334152 0.060736
1 0.309582 0.745937 0.449631 0.059880
1 0.495700 0.265612 0.821867 0.060736
1 0.296683 0.325920 0.423833 0.059880
1 0.708231 0.326347 0.399263 0.059025
1 0.121007 0.445252 0.074939 0.060736
1 0.123464 0.205731 0.079853 0.059025
0 0.127764 0.512404 0.049140 0.037639
0 0.124079 0.925150 0.049140 0.038494
0 0.559582 0.748931 0.047912 0.038494
0 0.688575 0.389222 0.047912 0.037639
0 0.187961 0.211719 0.049140 0.038494
0 0.532555 0.330197 0.047912 0.037639
0 0.653563 0.689906 0.049140 0.038494
0 0.598894 0.449530 0.047912 0.038494
0 0.183047 0.448674 0.046683 0.038494