1 0.254300 0.325492 0.319410 0.059025
1 0.614865 0.385372 0.608108 0.060736
1 0.366708 0.265612 0.546683 0.060736
1 0.627764 0.864842 0.584767 0.059880
1 0.202088 0.385372 0.217445 0.059025
1 0.568182 0.685201 0.699017 0.059880
1 0.504914 0.445680 0.820639 0.061591
1 0.214988 0.864842 0.240786 0.059880
1 0.193489 0.805389 0.197789 0.059025
1 0.477273 0.566296 0.762899 0.059880
1 0.504914 0.926005 0.820639 0.062447
1 0.575553 0.625749 0.684275 0.059025
1 0.667076 0.325920 0.503686 0.059880
1 0.605037 0.805389 0.625307 0.059025
1 0.505528 0.205731 0.821867 0.059025
1 0.156020 0.685201 0.125307 0.059880
1 0.504914 0.506416 0.820639 0.059880
1 0.541769 0.745509 0.751843 0.060736
1 0.780098 0.265612 0.277641 0.060736
1 0.506757 0.085971 0.821867 0.060736
1 0.164005 0.625749 0.138821 0.059025
1 0.532555 0.146279 0.770270 0.059880
1 0.130221 0.745509 0.073710 0.060736
1 0.889435 0.566296 0.058968 0.059880
1 0.120393 0.146279 0.054054 0.059880
0 0.335381 0.388366 0.046683 0.035928
0 0.190418 0.750214 0.046683 0.035928
0 0.359337 0.868263 0.045455 0.035928
0 0.129607 0.450813 0.047912 0.035928
0 0.171376 0.150556 0.045455 0.035928
0 0.125307 0.927288 0.046683 0.035928
0 0.664005 0.269889 0.045455 0.036784
0 0.125307 0.568862 0.046683 0.035928
0 0.436732 0.328486 0.045455 0.035928
0 0.315725 0.809239 0.046683 0.035928
0 0.242015 0.690761 0.046683 0.036784
0 0.256757 0.631309 0.046683 0.035928
0 0.883907 0.569718 0.045455 0.035928