1 0.496314 0.265612 0.823096 0.178785
1 0.495086 0.505988 0.825553 0.060736
1 0.495700 0.896065 0.824324 0.120616
1 0.232801 0.385372 0.298526 0.059025
1 0.342752 0.625749 0.515971 0.059025
1 0.644963 0.385372 0.525799 0.059025
1 0.495700 0.805817 0.824324 0.059880
1 0.496314 0.445252 0.825553 0.060736
1 0.496314 0.685629 0.823096 0.060736
1 0.753686 0.625749 0.308354 0.059025
1 0.496929 0.566296 0.821867 0.059880
1 0.571867 0.745937 0.669533 0.059880
1 0.182432 0.146279 0.195332 0.059880
1 0.594595 0.146279 0.626536 0.059880
1 0.496314 0.085971 0.823096 0.060736
1 0.160319 0.745509 0.153563 0.060736
0 0.624079 0.631737 0.046683 0.038494
0 0.126536 0.926433 0.049140 0.037639
0 0.406020 0.387938 0.047912 0.038494
0 0.304054 0.150128 0.047912 0.038494
0 0.121622 0.447819 0.049140 0.038494
0 0.126536 0.508554 0.049140 0.038494
0 0.261057 0.748931 0.047912 0.038494
0 0.116708 0.806672 0.049140 0.037639