1 0.505528 0.715997 0.824324 0.239521
1 0.506143 0.475620 0.825553 0.121471
1 0.394349 0.864842 0.601966 0.059880
1 0.505528 0.295552 0.824324 0.120616
1 0.506143 0.115911 0.823096 0.120616
1 0.264742 0.566296 0.340295 0.059880
1 0.653563 0.384944 0.530713 0.059880
1 0.807125 0.864842 0.221130 0.059880
1 0.506143 0.926005 0.823096 0.062447
1 0.241400 0.385372 0.293612 0.059025
1 0.464988 0.206159 0.738329 0.059880
1 0.676904 0.566296 0.484029 0.059880
1 0.878378 0.206587 0.085995 0.059025
0 0.129607 0.924294 0.045455 0.036784
0 0.412162 0.390932 0.045455 0.035928
0 0.720516 0.867408 0.045455 0.035928
0 0.458845 0.571001 0.045455 0.036784
0 0.882678 0.214713 0.045455 0.035928