1 0.494472 0.806245 0.821867 0.301967
1 0.262899 0.385372 0.356265 0.059025
1 0.495700 0.115911 0.826781 0.120616
1 0.357494 0.205731 0.547912 0.059025
1 0.675061 0.384944 0.468059 0.059880
1 0.769656 0.205304 0.276413 0.059880
1 0.496929 0.505988 0.824324 0.060736
1 0.219902 0.625749 0.272727 0.059025
1 0.219287 0.445680 0.271499 0.059880
1 0.632678 0.445680 0.552826 0.059880
1 0.335995 0.566296 0.502457 0.059880
1 0.563268 0.265612 0.689189 0.060736
1 0.748157 0.566296 0.321867 0.059880
1 0.633292 0.625749 0.551597 0.059025
1 0.496314 0.325920 0.823096 0.059880
1 0.152334 0.266039 0.137592 0.059880
0 0.122850 0.925150 0.049140 0.038494
0 0.466216 0.387083 0.047912 0.038494
0 0.245700 0.264756 0.046683 0.038494
0 0.380835 0.625749 0.049140 0.038494
0 0.382064 0.449530 0.049140 0.038494
0 0.611794 0.570145 0.049140 0.038494
0 0.657248 0.207442 0.049140 0.038494