1 0.235872 0.805389 0.285012 0.059025
1 0.391892 0.205731 0.594595 0.059025
1 0.291769 0.685201 0.394349 0.059880
1 0.250614 0.566296 0.312039 0.059880
1 0.380221 0.445680 0.573710 0.059880
1 0.703931 0.685201 0.427518 0.059880
1 0.506757 0.505988 0.824324 0.060736
1 0.291769 0.326347 0.394349 0.059025
1 0.506757 0.385372 0.826781 0.059025
1 0.703931 0.325920 0.429975 0.059880
1 0.506143 0.146279 0.823096 0.059880
1 0.662162 0.566296 0.513514 0.059880
1 0.541769 0.085971 0.756757 0.060736
1 0.646806 0.805389 0.539312 0.059025
1 0.506143 0.266039 0.823096 0.061591
1 0.504914 0.745509 0.820639 0.060736
1 0.506143 0.625749 0.823096 0.059025
1 0.792383 0.445680 0.253071 0.061591
1 0.803440 0.205731 0.228501 0.059025
1 0.504914 0.926005 0.820639 0.062447
1 0.506143 0.864842 0.818182 0.059880
1 0.128378 0.085543 0.067568 0.061591
0 0.127764 0.927716 0.049140 0.038494
0 0.514128 0.687340 0.047912 0.038494
0 0.430590 0.569290 0.047912 0.038494
0 0.185504 0.086826 0.046683 0.038494
0 0.714988 0.209581 0.049140 0.037639
0 0.130221 0.868263 0.049140 0.037639
0 0.514128 0.328058 0.047912 0.038494
0 0.403563 0.809666 0.047912 0.038494
0 0.690418 0.446963 0.046683 0.038494