1 0.506757 0.866553 0.824324 0.181352
1 0.505528 0.295552 0.824324 0.120616
1 0.564496 0.505988 0.703931 0.060736
1 0.670762 0.205304 0.496314 0.059880
1 0.505528 0.445252 0.821867 0.060736
1 0.407248 0.625749 0.625307 0.059025
1 0.507371 0.566296 0.818182 0.059880
1 0.724201 0.745937 0.389435 0.059880
1 0.504914 0.685201 0.825553 0.059880
1 0.819410 0.625749 0.196560 0.059025
1 0.570639 0.385372 0.694103 0.059025
1 0.312039 0.745509 0.437346 0.060736
1 0.672604 0.146279 0.492629 0.059880
1 0.258600 0.205304 0.328010 0.059880
1 0.507371 0.085971 0.823096 0.060736
1 0.261057 0.145423 0.332924 0.059880
1 0.157862 0.384944 0.126536 0.059880
1 0.152334 0.505560 0.117936 0.061591
0 0.469902 0.211292 0.045455 0.035928
0 0.245700 0.388794 0.046683 0.036784
0 0.553440 0.748503 0.045455 0.035928
0 0.234644 0.508982 0.046683 0.035928
0 0.124079 0.926433 0.046683 0.035928
0 0.452088 0.148845 0.046683 0.035928
0 0.745086 0.630026 0.045455 0.036784