1 0.495086 0.836185 0.823096 0.242087
1 0.496314 0.115483 0.825553 0.119760
1 0.405405 0.685201 0.643735 0.059880
1 0.496929 0.505988 0.821867 0.060736
1 0.496314 0.385372 0.823096 0.059025
1 0.222973 0.205731 0.278870 0.059025
1 0.535012 0.445680 0.748157 0.061591
1 0.635135 0.205731 0.547912 0.059025
1 0.532555 0.566296 0.750614 0.059880
1 0.493857 0.625749 0.820639 0.059025
1 0.139435 0.325492 0.111794 0.059025
1 0.817568 0.685201 0.180590 0.059880
1 0.552211 0.325920 0.711302 0.059880
1 0.122236 0.444825 0.077396 0.061591
1 0.120393 0.566296 0.073710 0.059880
1 0.495086 0.265612 0.820639 0.060736
0 0.121622 0.926005 0.049140 0.038494
0 0.752457 0.687767 0.047912 0.037639
0 0.221130 0.326775 0.049140 0.037639
0 0.386364 0.207870 0.047912 0.037639
0 0.186118 0.446963 0.047912 0.038494
0 0.181818 0.568862 0.049140 0.037639