1 0.505528 0.536356 0.824324 0.119760
1 0.506757 0.835329 0.824324 0.118905
1 0.272113 0.385372 0.355037 0.059025
1 0.359951 0.745509 0.533170 0.060736
1 0.504914 0.685201 0.820639 0.059880
1 0.505528 0.115911 0.824324 0.120616
1 0.253686 0.625749 0.318182 0.059025
1 0.683661 0.385372 0.472973 0.059025
1 0.477887 0.205731 0.766585 0.059025
1 0.772727 0.745509 0.292383 0.060736
1 0.505528 0.445252 0.821867 0.060736
1 0.665233 0.626176 0.504914 0.058169
1 0.807740 0.925150 0.222359 0.062447
1 0.505528 0.295552 0.824324 0.120616
1 0.396192 0.926005 0.603194 0.062447
1 0.890049 0.205731 0.057740 0.059025
0 0.649877 0.750642 0.046683 0.036784
0 0.130835 0.450813 0.045455 0.035928
0 0.884521 0.212147 0.046683 0.035928
0 0.720516 0.927716 0.045455 0.036784
0 0.498157 0.391788 0.045455 0.035928
0 0.436118 0.632164 0.046683 0.035928
0 0.135749 0.928144 0.045455 0.035928