1 0.495700 0.476476 0.824324 0.241232
1 0.356880 0.685201 0.544226 0.059880
1 0.495700 0.895637 0.824324 0.121471
1 0.495700 0.115911 0.826781 0.120616
1 0.547297 0.805389 0.723587 0.059025
1 0.769042 0.685201 0.277641 0.059880
1 0.496929 0.745509 0.824324 0.060736
1 0.469287 0.205731 0.771499 0.060736
1 0.468673 0.325920 0.767813 0.059880
1 0.468059 0.625749 0.766585 0.059025
1 0.496314 0.266039 0.823096 0.061591
1 0.880221 0.625749 0.055283 0.059025
1 0.880221 0.326775 0.055283 0.056459
1 0.135135 0.805389 0.103194 0.059025
1 0.881450 0.205731 0.052826 0.060736
0 0.121622 0.926433 0.049140 0.037639
0 0.122236 0.330197 0.047912 0.037639
0 0.209459 0.808383 0.047912 0.037639
0 0.652948 0.689906 0.047912 0.038494
0 0.877150 0.331480 0.049140 0.038494
0 0.878993 0.213003 0.047912 0.037639
0 0.877150 0.629170 0.049140 0.038494