1 0.587224 0.385372 0.643735 0.059025
1 0.495086 0.895637 0.823096 0.121471
1 0.496929 0.685201 0.824324 0.059880
1 0.495086 0.115911 0.825553 0.120616
1 0.495700 0.295124 0.824324 0.119760
1 0.373464 0.625749 0.577396 0.059025
1 0.585995 0.805389 0.641278 0.059025
1 0.175676 0.804534 0.181818 0.060736
1 0.386364 0.205731 0.605651 0.059025
1 0.527027 0.505988 0.646192 0.060736
1 0.496314 0.566296 0.823096 0.059880
1 0.785627 0.625749 0.244472 0.059025
1 0.801597 0.745509 0.214988 0.060736
1 0.388821 0.745081 0.610565 0.059880
1 0.496314 0.445252 0.823096 0.060736
1 0.174447 0.385372 0.181818 0.059025
1 0.798526 0.206159 0.218673 0.058169
1 0.143735 0.505988 0.117936 0.060736
1 0.879607 0.506416 0.056511 0.059880
0 0.289926 0.387938 0.049140 0.038494
0 0.124079 0.928571 0.049140 0.038494
0 0.719287 0.748503 0.047912 0.037639
0 0.714988 0.211719 0.049140 0.038494
0 0.687961 0.629170 0.049140 0.038494
0 0.291155 0.807956 0.049140 0.038494
0 0.227273 0.507699 0.046683 0.038494
0 0.875307 0.505988 0.047912 0.038494