1 0.495700 0.595808 0.824324 0.118905
1 0.585381 0.864842 0.644963 0.059880
1 0.374079 0.685201 0.581081 0.059880
1 0.239558 0.385372 0.312039 0.059025
1 0.496929 0.805389 0.826781 0.059025
1 0.495086 0.205731 0.825553 0.059025
1 0.179975 0.146279 0.192875 0.059880
1 0.495700 0.925577 0.826781 0.061591
1 0.496314 0.505988 0.825553 0.060736
1 0.651720 0.385372 0.512285 0.059025
1 0.179975 0.745509 0.192875 0.060736
1 0.592138 0.745509 0.633907 0.060736
1 0.630221 0.445680 0.555283 0.059880
1 0.786241 0.685201 0.243243 0.059880
1 0.495086 0.326347 0.820639 0.059025
1 0.218673 0.445252 0.270270 0.060736
1 0.592138 0.146279 0.631450 0.059880
1 0.495086 0.266039 0.825553 0.061591
1 0.173219 0.864842 0.179361 0.059880
1 0.496929 0.085971 0.824324 0.060736
0 0.300369 0.153550 0.045455 0.035073
0 0.118550 0.211292 0.045455 0.035928
0 0.120393 0.504705 0.046683 0.035928
0 0.300983 0.748503 0.046683 0.035928
0 0.122850 0.928144 0.046683 0.035928
0 0.378378 0.446963 0.046683 0.036784
0 0.287469 0.869119 0.046683 0.035928
0 0.421376 0.389222 0.046683 0.035928
0 0.118550 0.808383 0.045455 0.035928
0 0.690418 0.691189 0.046683 0.035928
0 0.117936 0.269461 0.046683 0.035928