1 0.495700 0.236527 0.824324 0.120616
1 0.283170 0.385372 0.399263 0.059025
1 0.355037 0.805389 0.540541 0.059025
1 0.766585 0.805817 0.282555 0.059880
1 0.694717 0.385372 0.426290 0.059025
1 0.495700 0.925577 0.824324 0.061591
1 0.584152 0.864842 0.647420 0.059880
1 0.496314 0.445680 0.823096 0.061591
1 0.710074 0.685629 0.395577 0.059025
1 0.497543 0.505988 0.823096 0.060736
1 0.171990 0.864842 0.176904 0.059880
1 0.229115 0.146279 0.291155 0.059880
1 0.710074 0.745509 0.398034 0.060736
1 0.641278 0.146279 0.533170 0.059880
1 0.240172 0.325920 0.315725 0.059880
1 0.633292 0.566296 0.551597 0.059880
1 0.297912 0.686056 0.426290 0.059880
1 0.220516 0.566296 0.273956 0.059880
1 0.297297 0.745509 0.427518 0.060736
1 0.496314 0.085971 0.823096 0.060736
1 0.652948 0.325920 0.509828 0.059880
1 0.494472 0.626604 0.819410 0.060736
0 0.649263 0.811805 0.045455 0.035928
0 0.535012 0.751069 0.045455 0.035928
0 0.445332 0.331052 0.045455 0.035928
0 0.127150 0.451668 0.045455 0.035928
0 0.383292 0.574423 0.046683 0.035073
0 0.284398 0.869119 0.045455 0.035928
0 0.128993 0.928144 0.046683 0.035928
0 0.535627 0.693755 0.046683 0.035928
0 0.505528 0.391788 0.045455 0.035928
0 0.398649 0.154833 0.045455 0.035928