1 0.496314 0.475620 0.823096 0.121471
1 0.495700 0.115911 0.824324 0.120616
1 0.338452 0.205304 0.507371 0.059880
1 0.750000 0.205731 0.315725 0.059025
1 0.219902 0.385372 0.270270 0.059025
1 0.496929 0.836185 0.824324 0.120616
1 0.631450 0.385372 0.552826 0.059025
1 0.495700 0.325920 0.821867 0.059880
1 0.402948 0.745937 0.636364 0.059880
1 0.565111 0.265612 0.687961 0.060736
1 0.496314 0.655689 0.823096 0.118905
1 0.152334 0.265612 0.135135 0.062447
1 0.815725 0.745509 0.186732 0.060736
1 0.468059 0.566296 0.764128 0.059880
1 0.879607 0.565868 0.056511 0.060736
0 0.378993 0.387938 0.047912 0.038494
0 0.875921 0.571001 0.049140 0.038494
0 0.244472 0.269461 0.046683 0.037639
0 0.616708 0.208298 0.046683 0.038494
0 0.118550 0.866125 0.047912 0.038494
0 0.746314 0.748075 0.047912 0.038494