1 0.746929 0.685201 0.321867 0.059880
1 0.224816 0.505988 0.280098 0.060736
1 0.675676 0.805389 0.464373 0.059025
1 0.307125 0.865269 0.444717 0.060736
1 0.342752 0.205731 0.319410 0.059025
1 0.263514 0.805389 0.359951 0.059025
1 0.651106 0.625749 0.513514 0.059025
1 0.335381 0.685201 0.501229 0.059880
1 0.238329 0.625749 0.309582 0.059025
1 0.583538 0.385372 0.646192 0.059025
1 0.705774 0.205731 0.406634 0.059025
1 0.295455 0.445680 0.421376 0.061591
1 0.607494 0.505988 0.482801 0.060736
1 0.707002 0.445252 0.401720 0.060736
1 0.484029 0.265612 0.486486 0.060736
1 0.468059 0.566296 0.766585 0.059880
1 0.436118 0.326347 0.570025 0.059025
1 0.213759 0.146279 0.260442 0.059880
1 0.625307 0.146279 0.565111 0.059880
1 0.612408 0.085971 0.593366 0.060736
1 0.719287 0.865269 0.377150 0.060736
1 0.570639 0.745509 0.674447 0.060736
1 0.161548 0.265612 0.156020 0.060736
1 0.158477 0.745509 0.149877 0.060736
1 0.818796 0.265612 0.178133 0.060736
1 0.171376 0.385372 0.175676 0.059025
1 0.199631 0.085971 0.232187 0.060736
1 0.814496 0.325920 0.186732 0.059880
1 0.133292 0.205304 0.099509 0.059880
1 0.880221 0.565868 0.055283 0.060736
1 0.116708 0.326347 0.066339 0.059025
1 0.878378 0.506416 0.058968 0.059880
0 0.265971 0.263901 0.050369 0.038494
0 0.611794 0.687767 0.049140 0.037639
0 0.175676 0.328058 0.049140 0.038494
0 0.340909 0.089393 0.047912 0.038494
0 0.122850 0.863559 0.049140 0.038494
0 0.285627 0.391788 0.047912 0.037639
0 0.532555 0.449530 0.047912 0.038494
0 0.123464 0.568435 0.047912 0.038494
0 0.390663 0.510265 0.049140 0.038494
0 0.554054 0.863986 0.049140 0.037639
0 0.418305 0.627887 0.047912 0.037639
0 0.756143 0.265612 0.047912 0.038494
0 0.876536 0.570573 0.047912 0.037639
0 0.367936 0.147562 0.047912 0.038494
0 0.257985 0.745509 0.049140 0.038494
0 0.527641 0.207442 0.047912 0.038494
0 0.469902 0.805389 0.047912 0.038494
0 0.208231 0.207015 0.047912 0.037639
0 0.746314 0.330197 0.047912 0.037639
0 0.874079 0.510693 0.047912 0.037639