1 0.505528 0.415740 0.824324 0.119760
1 0.506143 0.864842 0.820639 0.059880
1 0.307125 0.685201 0.425061 0.059880
1 0.719287 0.685201 0.401720 0.059880
1 0.626536 0.205731 0.584767 0.059025
1 0.213759 0.205731 0.240786 0.059025
1 0.261057 0.505988 0.332924 0.060736
1 0.673833 0.505988 0.490172 0.060736
1 0.292383 0.325492 0.395577 0.059025
1 0.506143 0.745509 0.820639 0.060736
1 0.533784 0.805389 0.765356 0.059025
1 0.585995 0.566296 0.663391 0.059880
1 0.507985 0.265612 0.816953 0.060736
1 0.704545 0.325920 0.428747 0.059880
1 0.780098 0.926005 0.275184 0.062447
1 0.367936 0.926005 0.546683 0.062447
1 0.412776 0.146279 0.636364 0.059880
1 0.824324 0.146279 0.186732 0.059880
1 0.506143 0.085971 0.823096 0.060736
1 0.504914 0.625749 0.820639 0.059025
1 0.173833 0.566296 0.160934 0.059880
1 0.122850 0.805389 0.056511 0.059025
0 0.753686 0.149701 0.045455 0.035928
0 0.665233 0.925577 0.045455 0.035928
0 0.567568 0.686484 0.044226 0.035073
0 0.173833 0.805389 0.045455 0.035073
0 0.513514 0.327203 0.044226 0.035073
0 0.357494 0.208298 0.044226 0.035073
0 0.451474 0.504705 0.045455 0.035928
0 0.132064 0.927288 0.045455 0.035928
0 0.277641 0.568435 0.044226 0.035073