1 0.496314 0.476048 0.823096 0.120616
1 0.351351 0.685201 0.535627 0.059880
1 0.302826 0.205731 0.438575 0.059025
1 0.715602 0.205731 0.384521 0.059025
1 0.764128 0.685201 0.289926 0.059880
1 0.772113 0.625749 0.271499 0.059025
1 0.524570 0.864842 0.771499 0.059880
1 0.345823 0.566296 0.522113 0.059880
1 0.496314 0.926005 0.825553 0.062447
1 0.392506 0.805389 0.617936 0.059025
1 0.757985 0.566296 0.302211 0.059880
1 0.360565 0.625749 0.551597 0.059025
1 0.684889 0.265612 0.445946 0.060736
1 0.495086 0.745509 0.825553 0.060736
1 0.495086 0.145851 0.825553 0.060736
1 0.273342 0.265612 0.379607 0.060736
1 0.805283 0.805389 0.207617 0.059025
1 0.720516 0.325064 0.377150 0.058169
1 0.308354 0.325064 0.449631 0.058169
1 0.110565 0.864842 0.054054 0.059880
0 0.122236 0.926005 0.045455 0.035073
0 0.485258 0.265184 0.044226 0.035928
0 0.162162 0.866125 0.044226 0.035073
0 0.557125 0.324636 0.045455 0.035073
0 0.643120 0.688195 0.045455 0.035073
0 0.660319 0.629170 0.045455 0.035073
0 0.630221 0.567579 0.044226 0.035073
0 0.122850 0.567151 0.044226 0.035928
0 0.544226 0.207442 0.044226 0.035073
0 0.121622 0.206159 0.044226 0.035928
0 0.122236 0.323781 0.045455 0.035073
0 0.725430 0.804534 0.045455 0.035073