1 0.506757 0.536784 0.826781 0.118905
1 0.507371 0.148845 0.828010 0.179641
1 0.505528 0.806672 0.824324 0.301112
1 0.506143 0.357143 0.823096 0.118905
1 0.230958 0.268178 0.272727 0.059025
1 0.643120 0.268178 0.551597 0.059025
1 0.281941 0.447391 0.374693 0.059880
1 0.694103 0.446963 0.449631 0.060736
1 0.160319 0.626604 0.133907 0.060736
1 0.572482 0.626604 0.690418 0.060736
0 0.392506 0.271600 0.047912 0.038494
0 0.496929 0.452524 0.047912 0.037639
0 0.126536 0.926433 0.049140 0.037639
0 0.251229 0.630026 0.047912 0.038494