1 0.495700 0.115483 0.824324 0.119760
1 0.736486 0.385372 0.342752 0.059025
1 0.324939 0.385372 0.480344 0.059025
1 0.600123 0.505988 0.613022 0.060736
1 0.189189 0.505988 0.208845 0.060736
1 0.729115 0.864842 0.357494 0.059880
1 0.726044 0.745509 0.363636 0.060736
1 0.315111 0.745937 0.458231 0.059880
1 0.222359 0.205304 0.277641 0.059880
1 0.496929 0.685629 0.821867 0.060736
1 0.316339 0.865269 0.465602 0.059025
1 0.201474 0.625749 0.235872 0.059025
1 0.495700 0.925577 0.824324 0.061591
1 0.634521 0.205304 0.546683 0.059880
1 0.495086 0.805817 0.820639 0.059880
1 0.469902 0.325920 0.770270 0.059880
1 0.497543 0.444825 0.823096 0.059880
1 0.497543 0.566296 0.823096 0.059880
1 0.496314 0.265612 0.825553 0.060736
1 0.614251 0.625749 0.589681 0.059025
1 0.880835 0.325492 0.054054 0.059025
0 0.570025 0.749786 0.049140 0.038494
0 0.318796 0.506416 0.047912 0.037639
0 0.124693 0.926861 0.047912 0.038494
0 0.590295 0.389222 0.047912 0.037639
0 0.574939 0.868691 0.049140 0.038494
0 0.343366 0.629170 0.047912 0.038494
0 0.877764 0.330197 0.047912 0.037639
0 0.385749 0.211292 0.049140 0.037639