1 0.656634 0.385372 0.524570 0.059025
1 0.305897 0.325920 0.422604 0.059880
1 0.769042 0.864842 0.299754 0.059880
1 0.692260 0.505988 0.453317 0.060736
1 0.431204 0.805389 0.675676 0.059025
1 0.718059 0.325920 0.401720 0.059880
1 0.244472 0.385372 0.299754 0.059025
1 0.446560 0.685201 0.706388 0.059880
1 0.279484 0.505988 0.372236 0.060736
1 0.413391 0.146279 0.640049 0.059880
1 0.715602 0.445252 0.406634 0.060736
1 0.428133 0.745509 0.669533 0.060736
1 0.355651 0.864842 0.527027 0.059880
1 0.546683 0.205731 0.606880 0.059025
1 0.302826 0.445252 0.418919 0.060736
1 0.506143 0.926005 0.823096 0.062447
1 0.589066 0.265612 0.657248 0.060736
1 0.505528 0.566296 0.821867 0.059880
1 0.506757 0.085971 0.826781 0.060736
1 0.476044 0.626176 0.762899 0.059880
1 0.825553 0.146279 0.184275 0.059880
1 0.842752 0.805389 0.149877 0.059025
1 0.176904 0.265612 0.167076 0.060736
1 0.859337 0.685201 0.119165 0.059880
1 0.168919 0.205731 0.148649 0.059025
1 0.840295 0.745509 0.159705 0.060736
1 0.886978 0.625749 0.061425 0.059025
1 0.884521 0.205731 0.066339 0.059025
0 0.267199 0.211292 0.045455 0.035928
0 0.756757 0.148845 0.046683 0.035928
0 0.536241 0.447819 0.045455 0.035073
0 0.540541 0.330624 0.046683 0.035073
0 0.284398 0.271172 0.045455 0.035928
0 0.126536 0.448674 0.046683 0.036784
0 0.791155 0.810094 0.046683 0.035928
0 0.875921 0.211292 0.046683 0.035928
0 0.643120 0.869119 0.045455 0.035928
0 0.880221 0.630453 0.045455 0.035928
0 0.127764 0.927288 0.046683 0.035928
0 0.810197 0.751069 0.045455 0.035928
0 0.823096 0.689478 0.046683 0.035928
0 0.418919 0.389649 0.046683 0.035073
0 0.488943 0.509837 0.046683 0.035928