1 0.361179 0.207015 0.533170 0.059880
1 0.506143 0.896065 0.825553 0.120616
1 0.507371 0.117194 0.828010 0.119760
1 0.773342 0.207015 0.291155 0.059880
1 0.259828 0.266467 0.330467 0.059025
1 0.505528 0.805389 0.819410 0.059025
1 0.672604 0.266895 0.492629 0.059880
1 0.506143 0.505988 0.823096 0.060736
1 0.352580 0.566296 0.518428 0.059880
1 0.505528 0.655261 0.824324 0.119760
1 0.206388 0.745509 0.223587 0.060736
1 0.584767 0.446536 0.665848 0.059880
1 0.619165 0.745937 0.601966 0.059880
1 0.764742 0.566296 0.305897 0.059880
1 0.506143 0.386655 0.820639 0.059880
1 0.544226 0.326775 0.749386 0.059880
1 0.173219 0.446536 0.157248 0.059880
1 0.132678 0.326347 0.076167 0.060736
0 0.127764 0.924722 0.049140 0.037639
0 0.195332 0.323781 0.049140 0.038494
0 0.342138 0.748931 0.047912 0.038494
0 0.449631 0.266467 0.046683 0.038494
0 0.636364 0.567579 0.049140 0.038494
0 0.277641 0.448674 0.049140 0.038494
0 0.135749 0.807100 0.047912 0.038494
0 0.653563 0.208298 0.049140 0.038494