1 0.506757 0.806672 0.824324 0.301112
1 0.506757 0.176219 0.826781 0.241232
1 0.264128 0.505988 0.339066 0.060736
1 0.505528 0.415740 0.824324 0.119760
1 0.675676 0.505988 0.484029 0.060736
1 0.207002 0.625321 0.224816 0.059880
1 0.474816 0.325920 0.762899 0.059880
1 0.504914 0.565441 0.820639 0.058169
1 0.888821 0.325920 0.060197 0.059880
1 0.617322 0.624893 0.595823 0.060736
0 0.343366 0.626604 0.047912 0.038494
0 0.128378 0.927288 0.047912 0.037639
0 0.883292 0.328486 0.049140 0.039350
0 0.458845 0.509410 0.047912 0.038494