1 0.361794 0.805389 0.531941 0.059025
1 0.773956 0.805389 0.289926 0.059025
1 0.767199 0.384944 0.303440 0.059880
1 0.587838 0.505988 0.283784 0.060736
1 0.312039 0.566296 0.437346 0.059880
1 0.257371 0.864842 0.325553 0.059880
1 0.832310 0.925577 0.173219 0.061591
1 0.191646 0.265612 0.194103 0.060736
1 0.760442 0.146279 0.319410 0.059880
1 0.668919 0.864842 0.497543 0.059880
1 0.448403 0.385372 0.334152 0.059025
1 0.756757 0.325492 0.324324 0.059025
1 0.725430 0.566296 0.386978 0.059880
1 0.291769 0.205304 0.394349 0.059880
1 0.184275 0.146279 0.179361 0.059880
1 0.437346 0.146279 0.326781 0.059880
1 0.324324 0.925577 0.461916 0.061591
1 0.269656 0.505988 0.352580 0.060736
1 0.633292 0.205731 0.288698 0.059025
1 0.375307 0.325920 0.441032 0.058169
1 0.649877 0.925577 0.189189 0.061591
1 0.187961 0.385372 0.186732 0.059025
1 0.184889 0.446108 0.180590 0.060736
1 0.506143 0.746364 0.825553 0.059025
1 0.573096 0.265612 0.571253 0.060736
1 0.423219 0.445252 0.296069 0.060736
1 0.507371 0.085971 0.828010 0.060736
1 0.823710 0.506416 0.187961 0.059880
1 0.715602 0.445252 0.288698 0.060736
1 0.506143 0.625749 0.825553 0.059025
1 0.848894 0.205304 0.140049 0.059880
1 0.888821 0.265612 0.060197 0.060736
1 0.124079 0.325920 0.061425 0.059880
1 0.890049 0.445680 0.057740 0.061591
0 0.297912 0.449102 0.045455 0.035928
0 0.512285 0.211719 0.044226 0.035073
0 0.594595 0.448674 0.044226 0.035073
0 0.577396 0.926005 0.044226 0.035073
0 0.129607 0.924722 0.045455 0.035928
0 0.443489 0.863986 0.044226 0.035928
0 0.305283 0.390505 0.045455 0.035073
0 0.128378 0.510693 0.045455 0.035928
0 0.127150 0.805389 0.045455 0.035073
0 0.128378 0.624893 0.045455 0.035073
0 0.801597 0.211292 0.045455 0.035928
0 0.554668 0.567151 0.045455 0.035928
0 0.178747 0.329769 0.045455 0.035073
0 0.624693 0.152267 0.045455 0.035928
0 0.753071 0.507699 0.046683 0.035073
0 0.768428 0.928144 0.045455 0.035928
0 0.468673 0.509410 0.045455 0.035073
0 0.638821 0.389649 0.044226 0.035073
0 0.883292 0.449530 0.044226 0.035073
0 0.652334 0.805389 0.044226 0.035073
0 0.297297 0.152267 0.044226 0.035928
0 0.312654 0.269889 0.045455 0.035073
0 0.619779 0.329341 0.045455 0.035928
0 0.128378 0.568435 0.045455 0.035073
0 0.882678 0.268606 0.045455 0.035928