1 0.188575 0.205304 0.212531 0.059880
1 0.731572 0.505560 0.352580 0.059880
1 0.320639 0.505988 0.469287 0.060736
1 0.670147 0.864842 0.475430 0.059880
1 0.258600 0.864842 0.347666 0.059880
1 0.525799 0.805389 0.761671 0.059025
1 0.211916 0.386655 0.254300 0.059880
1 0.741400 0.146279 0.219902 0.059880
1 0.783170 0.326347 0.249386 0.060736
1 0.792383 0.926005 0.233415 0.062447
1 0.496929 0.685629 0.824324 0.059025
1 0.333538 0.265612 0.362408 0.060736
1 0.525184 0.326347 0.266585 0.060736
1 0.237101 0.326347 0.307125 0.060736
1 0.730958 0.386655 0.230958 0.059880
1 0.378993 0.925577 0.590909 0.061591
1 0.434275 0.446108 0.409091 0.059025
1 0.483415 0.145851 0.296069 0.059025
1 0.460074 0.085971 0.249386 0.060736
1 0.772727 0.446108 0.270270 0.059025
1 0.477273 0.386655 0.276413 0.059880
1 0.644349 0.205304 0.283784 0.059880
1 0.209459 0.145851 0.251843 0.059025
1 0.398649 0.205731 0.210074 0.059025
1 0.405405 0.565441 0.641278 0.058169
1 0.746314 0.085971 0.323096 0.060736
1 0.564496 0.745509 0.691646 0.060736
1 0.151106 0.745509 0.132678 0.060736
1 0.683661 0.265612 0.337838 0.060736
1 0.157248 0.446108 0.144963 0.059025
1 0.208845 0.085971 0.250614 0.060736
1 0.880221 0.146279 0.055283 0.059880
1 0.113636 0.805389 0.060197 0.059025
1 0.880835 0.265612 0.056511 0.060736
1 0.816339 0.564585 0.183047 0.058169
1 0.877150 0.386655 0.061425 0.059880
1 0.117936 0.266039 0.068796 0.061591
1 0.847052 0.205731 0.121622 0.059025
0 0.241400 0.750214 0.045455 0.037639
0 0.123464 0.927288 0.047912 0.037639
0 0.356880 0.086826 0.045455 0.038494
0 0.699017 0.928144 0.046683 0.037639
0 0.681818 0.324636 0.046683 0.038494
0 0.358722 0.145851 0.046683 0.038494
0 0.606265 0.088537 0.042998 0.035073
0 0.579853 0.502139 0.049140 0.037639
0 0.455160 0.868691 0.045455 0.038494
0 0.749386 0.562019 0.046683 0.037639
0 0.174447 0.264756 0.046683 0.038494
0 0.536855 0.265184 0.044226 0.035928
0 0.316339 0.205304 0.045455 0.037639
0 0.652948 0.148417 0.045455 0.036784
0 0.660934 0.443541 0.044226 0.036784
0 0.809582 0.207015 0.046683 0.037639
0 0.253686 0.441831 0.047912 0.038494
0 0.360565 0.382806 0.045455 0.036784
0 0.128993 0.560736 0.049140 0.038494
0 0.166462 0.808383 0.045455 0.037639
0 0.414619 0.322498 0.047912 0.037639
0 0.524570 0.205304 0.046683 0.037639
0 0.875307 0.267322 0.045455 0.036784
0 0.638821 0.383234 0.046683 0.037639
0 0.875921 0.147562 0.046683 0.038494
0 0.870393 0.383234 0.047912 0.037639