1 0.496314 0.565868 0.825553 0.178785
1 0.495700 0.115911 0.824324 0.120616
1 0.214988 0.805389 0.260442 0.059025
1 0.496929 0.445252 0.824324 0.060736
1 0.333538 0.205731 0.497543 0.059025
1 0.496314 0.895637 0.823096 0.121471
1 0.745086 0.205304 0.325553 0.059880
1 0.410319 0.685201 0.651106 0.059880
1 0.211302 0.265612 0.255528 0.060736
1 0.468673 0.385372 0.770270 0.059025
1 0.622236 0.265612 0.568796 0.060736
1 0.625921 0.804962 0.563882 0.059880
1 0.579238 0.745081 0.657248 0.059880
1 0.495086 0.325492 0.823096 0.059025
1 0.823096 0.685201 0.171990 0.059880
1 0.167076 0.745509 0.167076 0.060736
1 0.881450 0.385372 0.052826 0.059025
0 0.606265 0.208298 0.047912 0.038494
0 0.761671 0.687767 0.049140 0.037639
0 0.119165 0.925150 0.049140 0.038494
0 0.369165 0.806245 0.047912 0.038494
0 0.363636 0.266039 0.049140 0.039350
0 0.877764 0.386228 0.047912 0.038494
0 0.119779 0.445252 0.047912 0.038494
0 0.275799 0.744654 0.047912 0.038494
0 0.118550 0.384089 0.047912 0.037639