1 0.496314 0.385800 0.823096 0.179641
1 0.495700 0.145423 0.824324 0.179641
1 0.740786 0.864842 0.336609 0.059880
1 0.214988 0.505988 0.262899 0.060736
1 0.625921 0.505988 0.561425 0.060736
1 0.328010 0.864842 0.488943 0.059880
1 0.498157 0.805389 0.826781 0.059025
1 0.739558 0.566296 0.336609 0.059880
1 0.469902 0.685629 0.767813 0.059025
1 0.495700 0.926005 0.824324 0.062447
1 0.219902 0.265612 0.270270 0.060736
1 0.495086 0.625749 0.823096 0.059025
1 0.631450 0.265612 0.552826 0.060736
1 0.470516 0.745509 0.773956 0.060736
1 0.328010 0.566296 0.486486 0.059880
1 0.881450 0.685201 0.052826 0.059880
1 0.882678 0.745509 0.052826 0.060736
0 0.119779 0.925577 0.045455 0.035928
0 0.878993 0.748503 0.045455 0.035928
0 0.595823 0.570573 0.044226 0.035928
0 0.380835 0.271172 0.046683 0.035928
0 0.597666 0.866553 0.045455 0.035928
0 0.878378 0.689906 0.046683 0.036784
0 0.369165 0.510265 0.045455 0.035073