1 0.495086 0.715569 0.823096 0.120616
1 0.747543 0.505988 0.323096 0.060736
1 0.335381 0.505988 0.501229 0.060736
1 0.726658 0.325920 0.362408 0.059880
1 0.495086 0.115911 0.825553 0.120616
1 0.713145 0.625749 0.389435 0.059025
1 0.377150 0.445680 0.584767 0.061591
1 0.496314 0.385372 0.823096 0.059025
1 0.343980 0.805389 0.518428 0.059025
1 0.464988 0.205731 0.765356 0.059025
1 0.495700 0.896065 0.824324 0.120616
1 0.755528 0.804962 0.304668 0.059880
1 0.302826 0.625321 0.436118 0.059880
1 0.315111 0.325920 0.463145 0.059880
1 0.789312 0.445252 0.239558 0.060736
1 0.495700 0.265612 0.824324 0.060736
1 0.496929 0.566296 0.824324 0.059880
1 0.877764 0.205731 0.060197 0.059025
0 0.122236 0.928144 0.045455 0.035928
0 0.568796 0.328914 0.046683 0.036784
0 0.625921 0.808811 0.045455 0.036784
0 0.608722 0.508127 0.045455 0.035928
0 0.692260 0.448246 0.045455 0.035928
0 0.563268 0.631309 0.045455 0.035928
0 0.870393 0.211292 0.045455 0.035928