1 0.506143 0.295124 0.825553 0.237810
1 0.506143 0.896065 0.823096 0.122327
1 0.745086 0.445252 0.347666 0.060736
1 0.474816 0.566296 0.765356 0.059880
1 0.393735 0.625749 0.600737 0.059025
1 0.366093 0.805389 0.542998 0.059025
1 0.806511 0.625749 0.222359 0.059025
1 0.504914 0.505988 0.820639 0.060736
1 0.777641 0.805817 0.282555 0.059880
1 0.506757 0.685201 0.824324 0.059880
1 0.240172 0.146279 0.291155 0.059880
1 0.332924 0.445680 0.479115 0.059880
1 0.505528 0.745509 0.824324 0.060736
1 0.506143 0.085971 0.823096 0.060736
1 0.652334 0.146279 0.530713 0.059880
1 0.888821 0.566296 0.057740 0.059880
0 0.411548 0.149701 0.049140 0.037639
0 0.137592 0.687340 0.049140 0.038494
0 0.719902 0.627459 0.049140 0.038494
0 0.662162 0.807956 0.049140 0.038494
0 0.130221 0.926861 0.049140 0.038494
0 0.622236 0.446963 0.047912 0.038494
0 0.884521 0.569290 0.049140 0.038494