1 0.356265 0.505988 0.525799 0.060736
1 0.394349 0.685629 0.599509 0.060736
1 0.767813 0.505988 0.299754 0.060736
1 0.472973 0.385372 0.764128 0.059025
1 0.420762 0.445680 0.654791 0.061591
1 0.240786 0.266467 0.294840 0.059025
1 0.629607 0.745937 0.578624 0.059880
1 0.805897 0.685201 0.223587 0.059880
1 0.504914 0.625749 0.823096 0.059025
1 0.398034 0.566296 0.609337 0.059880
1 0.809582 0.566296 0.216216 0.059880
1 0.423833 0.206159 0.660934 0.059880
1 0.653563 0.266467 0.530713 0.060736
1 0.472973 0.865269 0.759214 0.059025
1 0.216216 0.746364 0.245700 0.059025
1 0.504300 0.805817 0.826781 0.059880
1 0.504300 0.145851 0.829238 0.060736
1 0.507985 0.926005 0.826781 0.062447
1 0.504300 0.325920 0.824324 0.059880
1 0.832924 0.445680 0.169533 0.061591
1 0.836609 0.205731 0.167076 0.059025
1 0.886978 0.385372 0.061425 0.059025
1 0.886364 0.864842 0.065111 0.059880
0 0.772113 0.448674 0.047912 0.038494
0 0.641892 0.509410 0.047912 0.038494
0 0.125307 0.922583 0.049140 0.038494
0 0.718059 0.689906 0.047912 0.038494
0 0.122850 0.567579 0.049140 0.038494
0 0.878378 0.868263 0.049140 0.039350
0 0.881450 0.390077 0.047912 0.037639
0 0.411548 0.270317 0.044226 0.035928
0 0.726044 0.570145 0.049140 0.038494
0 0.363022 0.748075 0.047912 0.038494
0 0.778870 0.210864 0.049140 0.038494