1 0.496929 0.265184 0.824324 0.179641
1 0.496314 0.475620 0.823096 0.121471
1 0.318182 0.805389 0.466830 0.059025
1 0.711302 0.384944 0.395577 0.059880
1 0.729730 0.805389 0.356265 0.059025
1 0.496314 0.896065 0.825553 0.120616
1 0.757985 0.625749 0.299754 0.059025
1 0.299140 0.384944 0.428747 0.059880
1 0.495700 0.685201 0.824324 0.059880
1 0.470516 0.566296 0.769042 0.059880
1 0.345823 0.625749 0.522113 0.059025
1 0.468673 0.745937 0.767813 0.059880
1 0.496314 0.085971 0.823096 0.060736
1 0.538698 0.146279 0.743243 0.059880
1 0.125307 0.145851 0.083538 0.059025
1 0.882064 0.566296 0.051597 0.059880
1 0.881450 0.745937 0.055283 0.059880
0 0.537469 0.387511 0.045455 0.035928
0 0.122236 0.927288 0.045455 0.035928
0 0.574939 0.809239 0.044226 0.035928
0 0.632064 0.630026 0.045455 0.035073
0 0.878993 0.748931 0.045455 0.035073
0 0.879607 0.570573 0.046683 0.035928
0 0.190418 0.147134 0.046683 0.035928