1 0.286855 0.265612 0.406634 0.060736
1 0.450860 0.864842 0.331695 0.059880
1 0.501843 0.805389 0.426290 0.059025
1 0.811425 0.805389 0.192875 0.059025
1 0.496314 0.205731 0.825553 0.059025
1 0.600737 0.266039 0.221130 0.061591
1 0.184889 0.864842 0.202703 0.059880
1 0.765356 0.745509 0.287469 0.060736
1 0.718673 0.445252 0.380835 0.060736
1 0.652948 0.565868 0.509828 0.059025
1 0.305283 0.445252 0.445946 0.060736
1 0.810197 0.265612 0.197789 0.060736
1 0.458231 0.745509 0.329238 0.060736
1 0.186118 0.805389 0.205160 0.059025
1 0.765356 0.925577 0.285012 0.061591
1 0.496929 0.686056 0.824324 0.058169
1 0.238943 0.505988 0.313268 0.060736
1 0.763514 0.864842 0.291155 0.059880
1 0.188575 0.745509 0.210074 0.060736
1 0.548526 0.385372 0.726044 0.059025
1 0.495086 0.325920 0.823096 0.059880
1 0.239558 0.565441 0.316953 0.058169
1 0.652334 0.505988 0.513514 0.060736
1 0.354423 0.925577 0.539312 0.061591
1 0.133907 0.385800 0.100737 0.059880
1 0.706388 0.085543 0.402948 0.059880
1 0.294226 0.085115 0.418919 0.059025
0 0.552826 0.450813 0.046683 0.035928
0 0.737101 0.809239 0.044226 0.035928
0 0.418919 0.510693 0.044226 0.035928
0 0.735258 0.272883 0.045455 0.035928
0 0.646806 0.921728 0.045455 0.035073
0 0.640049 0.869119 0.044226 0.034217
0 0.645577 0.755774 0.045455 0.035073
0 0.528870 0.088537 0.045455 0.035073
0 0.208231 0.388366 0.045455 0.035928
0 0.318182 0.754063 0.044226 0.035073
0 0.514128 0.272455 0.045455 0.035073
0 0.310811 0.810522 0.044226 0.035073
0 0.117322 0.088537 0.045455 0.035073
0 0.309582 0.868263 0.044226 0.035928
0 0.116708 0.447819 0.044226 0.035073
0 0.116708 0.508982 0.044226 0.035928
0 0.116093 0.921728 0.045455 0.035073
0 0.421990 0.571429 0.045455 0.034217
0 0.117936 0.271600 0.044226 0.035073
0 0.220516 0.571429 0.045455 0.034217
0 0.116093 0.329341 0.045455 0.035928