1 0.281941 0.805389 0.374693 0.059025
1 0.574324 0.685201 0.686732 0.059880
1 0.378378 0.566296 0.567568 0.059880
1 0.748771 0.146279 0.340295 0.059880
1 0.506143 0.896065 0.825553 0.122327
1 0.562039 0.385372 0.711302 0.059025
1 0.621007 0.625749 0.595823 0.059025
1 0.509828 0.205731 0.697789 0.059025
1 0.505528 0.505988 0.821867 0.060736
1 0.631450 0.326347 0.574939 0.059025
1 0.504914 0.745509 0.818182 0.060736
1 0.695332 0.805389 0.449631 0.059025
1 0.207617 0.625749 0.228501 0.059025
1 0.218673 0.325920 0.250614 0.059880
1 0.200860 0.445680 0.214988 0.061591
1 0.613022 0.445680 0.609337 0.061591
1 0.790541 0.566296 0.254300 0.059880
1 0.336609 0.146279 0.484029 0.059880
1 0.506143 0.265612 0.820639 0.060736
1 0.162162 0.685201 0.137592 0.059880
1 0.508600 0.085971 0.820639 0.060736
1 0.149263 0.385800 0.111794 0.059880
1 0.127150 0.205731 0.065111 0.059025
1 0.890049 0.205731 0.057740 0.059025
0 0.253686 0.686912 0.045455 0.035928
0 0.229730 0.389222 0.046683 0.035928
0 0.345209 0.626176 0.046683 0.035928
0 0.125307 0.927288 0.046683 0.035928
0 0.125307 0.268178 0.046683 0.036784
0 0.369165 0.327630 0.045455 0.035928
0 0.332310 0.448246 0.045455 0.035928
0 0.184275 0.210436 0.046683 0.035928
0 0.687346 0.568435 0.045455 0.036784
0 0.883907 0.210009 0.045455 0.036784
0 0.602580 0.147990 0.045455 0.035928
0 0.493857 0.807528 0.046683 0.035928