1 0.235872 0.566296 0.285012 0.059880
1 0.729730 0.385372 0.378378 0.059025
1 0.317568 0.385372 0.445946 0.059025
1 0.506143 0.115911 0.825553 0.120616
1 0.477887 0.685629 0.766585 0.060736
1 0.505528 0.805389 0.821867 0.059025
1 0.552826 0.865269 0.729730 0.059025
1 0.505528 0.506416 0.821867 0.059880
1 0.708231 0.205304 0.421376 0.059880
1 0.648034 0.566296 0.539312 0.059880
1 0.504914 0.926005 0.820639 0.062447
1 0.570025 0.745509 0.695332 0.060736
1 0.539312 0.266039 0.751843 0.061591
1 0.504914 0.445680 0.823096 0.061591
1 0.505528 0.625749 0.821867 0.059025
1 0.504300 0.325920 0.821867 0.059880
1 0.296069 0.205731 0.402948 0.059025
1 0.141278 0.864842 0.093366 0.059880
1 0.157248 0.745509 0.127764 0.060736
1 0.890049 0.685201 0.055283 0.059880
1 0.129607 0.265612 0.070025 0.060736
0 0.245086 0.749786 0.045455 0.036784
0 0.521499 0.213430 0.045455 0.035073
0 0.124693 0.691189 0.045455 0.035928
0 0.124079 0.449957 0.046683 0.035928
0 0.211302 0.868263 0.046683 0.035928
0 0.401106 0.571429 0.045455 0.035928
0 0.129607 0.927288 0.045455 0.035928
0 0.884521 0.691189 0.046683 0.035928
0 0.565111 0.390932 0.046683 0.035928
0 0.188575 0.272883 0.047912 0.035928