1 0.495700 0.175364 0.824324 0.119760
1 0.496314 0.355432 0.823096 0.118905
1 0.359337 0.445252 0.546683 0.060736
1 0.181818 0.265612 0.196560 0.060736
1 0.495700 0.655261 0.824324 0.119760
1 0.496314 0.505988 0.823096 0.060736
1 0.716830 0.745509 0.382064 0.060736
1 0.305283 0.745509 0.441032 0.060736
1 0.722973 0.864842 0.372236 0.059880
1 0.495086 0.926005 0.823096 0.062447
1 0.310197 0.865269 0.453317 0.059025
1 0.682432 0.566296 0.450860 0.059880
1 0.770885 0.445252 0.276413 0.060736
1 0.496314 0.805389 0.823096 0.059025
1 0.593980 0.265612 0.627764 0.060736
1 0.270885 0.566296 0.372236 0.059880
0 0.123464 0.925577 0.047912 0.037639
0 0.304054 0.266467 0.047912 0.038494
0 0.550369 0.747220 0.046683 0.038494
0 0.482187 0.568862 0.047912 0.037639
0 0.559582 0.864842 0.047912 0.037639
0 0.656020 0.445252 0.046683 0.038494