1 0.506143 0.866553 0.825553 0.181352
1 0.506143 0.175364 0.825553 0.119760
1 0.269042 0.265612 0.348894 0.060736
1 0.506143 0.654833 0.825553 0.118905
1 0.506143 0.355432 0.825553 0.118905
1 0.681204 0.265612 0.475430 0.060736
1 0.759214 0.445252 0.319410 0.060736
1 0.192260 0.566296 0.195332 0.059880
1 0.504914 0.505988 0.823096 0.060736
1 0.347052 0.445252 0.504914 0.060736
1 0.587224 0.745509 0.660934 0.060736
1 0.603808 0.566296 0.625307 0.059880
1 0.175061 0.745509 0.163391 0.060736
0 0.300983 0.748503 0.044226 0.035928
0 0.624079 0.450813 0.046683 0.035928
0 0.467445 0.272883 0.045455 0.035928
0 0.125307 0.925577 0.046683 0.035928
0 0.314496 0.570573 0.046683 0.035928