1 0.495700 0.866125 0.824324 0.180496
1 0.496314 0.117194 0.825553 0.119760
1 0.496929 0.655261 0.826781 0.119760
1 0.468673 0.207442 0.767813 0.059025
1 0.675061 0.326347 0.468059 0.060736
1 0.363636 0.446108 0.557740 0.059025
1 0.496314 0.505988 0.825553 0.060736
1 0.248771 0.745509 0.330467 0.060736
1 0.262899 0.326775 0.356265 0.059880
1 0.497543 0.386655 0.823096 0.059880
1 0.331695 0.566296 0.496314 0.059880
1 0.373464 0.266895 0.577396 0.059880
1 0.775799 0.446108 0.266585 0.059025
1 0.745086 0.565868 0.328010 0.060736
1 0.785627 0.266467 0.246929 0.059025
1 0.661548 0.745509 0.495086 0.060736
1 0.880835 0.207015 0.054054 0.059880
0 0.439189 0.750214 0.047912 0.037639
0 0.125921 0.926005 0.047912 0.038494
0 0.625307 0.567579 0.046683 0.038494
0 0.465602 0.330624 0.049140 0.038494
0 0.666462 0.449530 0.047912 0.038494
0 0.877764 0.209581 0.047912 0.037639
0 0.686118 0.270744 0.047912 0.038494