1 0.506143 0.325064 0.823096 0.179641
1 0.557740 0.505988 0.717445 0.060736
1 0.505528 0.685201 0.821867 0.059880
1 0.504914 0.805389 0.820639 0.059025
1 0.431818 0.865269 0.676904 0.059025
1 0.788084 0.625749 0.259214 0.059025
1 0.376536 0.625749 0.563882 0.059025
1 0.473587 0.445252 0.760442 0.060736
1 0.506143 0.566296 0.820639 0.059880
1 0.505528 0.926005 0.821867 0.062447
1 0.506757 0.116339 0.826781 0.121471
1 0.582310 0.745509 0.668305 0.060736
1 0.239558 0.206159 0.292383 0.058169
1 0.651720 0.205731 0.534398 0.059025
1 0.145577 0.505988 0.104423 0.059025
1 0.845209 0.864842 0.144963 0.059880
1 0.886364 0.445252 0.062654 0.060736
1 0.170762 0.745509 0.152334 0.060736
0 0.429975 0.212575 0.046683 0.038494
0 0.130221 0.925150 0.049140 0.038494
0 0.682432 0.628315 0.047912 0.038494
0 0.879607 0.448674 0.049140 0.038494
0 0.270885 0.746364 0.047912 0.038494
0 0.221130 0.507699 0.046683 0.038494
0 0.797297 0.866553 0.049140 0.037639