1 0.506757 0.445680 0.826781 0.179641
1 0.506757 0.866553 0.824324 0.181352
1 0.244472 0.265612 0.302211 0.060736
1 0.505528 0.205731 0.821867 0.059025
1 0.207002 0.146279 0.224816 0.059880
1 0.504300 0.325920 0.821867 0.059880
1 0.505528 0.655261 0.824324 0.119760
1 0.656634 0.265612 0.522113 0.060736
1 0.505528 0.085971 0.821867 0.060736
1 0.705160 0.566296 0.425061 0.059880
1 0.619165 0.146279 0.599509 0.059880
1 0.292998 0.566296 0.399263 0.059880
1 0.536241 0.745937 0.762899 0.059880
1 0.124079 0.745509 0.058968 0.060736
0 0.343980 0.153122 0.049140 0.037639
0 0.126536 0.924722 0.049140 0.037639
0 0.518428 0.567579 0.049140 0.038494
0 0.420147 0.270744 0.049140 0.038494
0 0.128378 0.328914 0.047912 0.038494
0 0.202703 0.749358 0.049140 0.037639