1 0.254914 0.505988 0.320639 0.060736
1 0.421990 0.385372 0.654791 0.059025
1 0.697174 0.445252 0.441032 0.060736
1 0.666462 0.505988 0.502457 0.060736
1 0.679975 0.685201 0.477887 0.059880
1 0.197789 0.625749 0.206388 0.059025
1 0.285012 0.445680 0.383292 0.061591
1 0.471744 0.805389 0.378378 0.059025
1 0.267199 0.685201 0.345209 0.059880
1 0.789926 0.805389 0.257985 0.059025
1 0.246929 0.326347 0.304668 0.059025
1 0.760442 0.864842 0.316953 0.059880
1 0.313882 0.205304 0.438575 0.059880
1 0.187961 0.805389 0.189189 0.059025
1 0.726658 0.205731 0.384521 0.059025
1 0.824324 0.925577 0.189189 0.061591
1 0.476658 0.145851 0.764128 0.059025
1 0.347666 0.865269 0.508600 0.059025
1 0.609337 0.625749 0.614251 0.059025
1 0.506143 0.745509 0.823096 0.060736
1 0.570639 0.566296 0.694103 0.059880
1 0.833538 0.385372 0.168305 0.059025
1 0.507985 0.085971 0.826781 0.060736
1 0.549754 0.266039 0.735872 0.061591
1 0.412776 0.926005 0.636364 0.062447
1 0.137592 0.265612 0.085995 0.060736
1 0.658477 0.326775 0.518428 0.058169
1 0.158477 0.566296 0.127764 0.059880
1 0.890049 0.145851 0.060197 0.059025
0 0.885135 0.150556 0.047912 0.037639
0 0.125307 0.925150 0.049140 0.038494
0 0.247543 0.568862 0.047912 0.037639
0 0.558354 0.212575 0.047912 0.038494
0 0.500614 0.449957 0.047912 0.037639
0 0.465602 0.686912 0.049140 0.037639
0 0.772113 0.391788 0.047912 0.037639
0 0.324324 0.627032 0.046683 0.037639
0 0.625921 0.867408 0.047912 0.037639
0 0.753686 0.926861 0.047912 0.038494
0 0.423219 0.329769 0.047912 0.038494
0 0.437961 0.509837 0.047912 0.037639
0 0.685504 0.807956 0.046683 0.038494
0 0.307740 0.806245 0.047912 0.038494
0 0.205160 0.269033 0.049140 0.038494