1 0.495700 0.145851 0.824324 0.180496
1 0.746314 0.685201 0.323096 0.059880
1 0.333538 0.685201 0.500000 0.059880
1 0.495700 0.895637 0.824324 0.121471
1 0.496314 0.505988 0.820639 0.060736
1 0.495700 0.355432 0.824324 0.118905
1 0.425061 0.566296 0.683047 0.059880
1 0.303440 0.445680 0.437346 0.059880
1 0.496929 0.745509 0.824324 0.060736
1 0.714373 0.445252 0.386978 0.060736
1 0.379607 0.625749 0.592138 0.059025
1 0.540541 0.805389 0.737101 0.059025
1 0.792383 0.625749 0.230958 0.059025
1 0.228501 0.266039 0.289926 0.059880
1 0.641278 0.265612 0.535627 0.060736
1 0.837224 0.566296 0.141278 0.059880
1 0.128378 0.805389 0.089681 0.059025
0 0.395577 0.274166 0.044226 0.035073
0 0.119165 0.925577 0.046683 0.035928
0 0.699631 0.632164 0.045455 0.035928
0 0.610565 0.692044 0.046683 0.035928
0 0.788698 0.571429 0.044226 0.035928
0 0.195946 0.808383 0.045455 0.035928
0 0.546069 0.451668 0.045455 0.035928