1 0.286855 0.386228 0.404177 0.060736
1 0.699631 0.386228 0.418919 0.060736
1 0.339066 0.745509 0.508600 0.060736
1 0.227887 0.625749 0.286241 0.059025
1 0.597666 0.685201 0.620393 0.059880
1 0.427518 0.505988 0.685504 0.060736
1 0.186118 0.685201 0.202703 0.059880
1 0.751229 0.745509 0.315725 0.060736
1 0.213145 0.566296 0.256757 0.059880
1 0.555897 0.805389 0.701474 0.059025
1 0.787469 0.205731 0.240786 0.059025
1 0.427518 0.146279 0.687961 0.059880
1 0.375307 0.205731 0.583538 0.059025
1 0.638821 0.625749 0.535627 0.059025
1 0.624693 0.566296 0.568796 0.059880
1 0.469287 0.446108 0.769042 0.059025
1 0.495700 0.896065 0.824324 0.120616
1 0.496929 0.085971 0.826781 0.060736
1 0.470516 0.325920 0.769042 0.059880
1 0.496314 0.265612 0.820639 0.060736
1 0.840909 0.146279 0.136364 0.059880
1 0.839681 0.505988 0.138821 0.059025
1 0.880835 0.446536 0.054054 0.059880
1 0.144963 0.805389 0.120393 0.059025
1 0.882678 0.326347 0.052826 0.059025
0 0.129607 0.211719 0.045455 0.035073
0 0.122236 0.925577 0.045455 0.035928
0 0.394349 0.628743 0.044226 0.035928
0 0.617322 0.749786 0.045455 0.036784
0 0.227887 0.809239 0.045455 0.035928
0 0.792998 0.511548 0.045455 0.035928
0 0.691032 0.213858 0.045455 0.035928
0 0.878993 0.331908 0.045455 0.035928
0 0.311425 0.690761 0.045455 0.035073
0 0.364251 0.569718 0.045455 0.035928
0 0.877764 0.452096 0.045455 0.035073
0 0.512285 0.392216 0.044226 0.035073
0 0.816339 0.152267 0.045455 0.035928