1 0.670147 0.804106 0.475430 0.059880
1 0.496314 0.114628 0.825553 0.119760
1 0.801597 0.204021 0.212531 0.059025
1 0.378378 0.263901 0.587224 0.060736
1 0.257371 0.803678 0.347666 0.059025
1 0.724816 0.503849 0.368550 0.059880
1 0.751229 0.683918 0.313268 0.059025
1 0.339681 0.683918 0.509828 0.059025
1 0.770270 0.384517 0.275184 0.060736
1 0.390663 0.204021 0.611794 0.059025
1 0.225430 0.743798 0.283784 0.060736
1 0.606880 0.564157 0.601966 0.060736
1 0.312039 0.503849 0.454545 0.059880
1 0.195332 0.564157 0.221130 0.060736
1 0.358722 0.384517 0.547912 0.060736
1 0.791155 0.264328 0.235872 0.061591
1 0.370393 0.444397 0.571253 0.059025
1 0.637592 0.743798 0.540541 0.060736
1 0.496929 0.624465 0.819410 0.059880
1 0.496314 0.324209 0.823096 0.059880
1 0.496929 0.863986 0.819410 0.059880
1 0.782555 0.444397 0.253071 0.059025
0 0.390663 0.746792 0.046683 0.035928
0 0.127764 0.865697 0.046683 0.035928
0 0.619165 0.688623 0.046683 0.035928
0 0.698403 0.269889 0.045455 0.036784
0 0.678747 0.451668 0.045455 0.035928
0 0.719902 0.209581 0.046683 0.035928
0 0.563268 0.510693 0.045455 0.035928
0 0.328624 0.569718 0.045455 0.035928
0 0.455160 0.806672 0.045455 0.035928
0 0.656634 0.391360 0.045455 0.035073