1 0.495700 0.866553 0.824324 0.181352
1 0.568182 0.205731 0.676904 0.059025
1 0.384521 0.506416 0.597052 0.059880
1 0.495700 0.595808 0.824324 0.118905
1 0.363022 0.145851 0.556511 0.059025
1 0.280713 0.325920 0.391892 0.059880
1 0.692260 0.325920 0.431204 0.059880
1 0.531941 0.385372 0.754300 0.059025
1 0.496929 0.085971 0.824324 0.060736
1 0.796069 0.505988 0.226044 0.060736
1 0.775184 0.145851 0.265356 0.059025
1 0.513514 0.745509 0.685504 0.060736
1 0.495700 0.445680 0.821867 0.059880
1 0.496314 0.685629 0.823096 0.059025
1 0.496314 0.265612 0.825553 0.060736
1 0.156020 0.205304 0.144963 0.059880
1 0.119165 0.385800 0.071253 0.059880
1 0.127150 0.745509 0.087224 0.060736
1 0.882064 0.745509 0.054054 0.060736
0 0.667076 0.149701 0.046683 0.035928
0 0.500000 0.330197 0.046683 0.035928
0 0.195332 0.746364 0.046683 0.036784
0 0.122850 0.923011 0.046683 0.035928
0 0.252457 0.210436 0.045455 0.035928
0 0.179361 0.393071 0.046683 0.035073
0 0.116708 0.627887 0.046683 0.035928
0 0.118550 0.268606 0.045455 0.035928
0 0.706388 0.510265 0.046683 0.036784
0 0.878993 0.745509 0.045455 0.036784