1 0.506757 0.745509 0.824324 0.178785
1 0.302826 0.864842 0.418919 0.059880
1 0.383907 0.505560 0.576167 0.059880
1 0.286241 0.625749 0.383292 0.059025
1 0.714988 0.864842 0.405405 0.059880
1 0.504914 0.263473 0.823096 0.424294
1 0.504914 0.926005 0.820639 0.062447
1 0.794840 0.505560 0.248157 0.059880
1 0.505528 0.565868 0.821867 0.060736
1 0.698403 0.625321 0.441032 0.059880
0 0.501229 0.625749 0.046683 0.035073
0 0.130835 0.923439 0.045455 0.035073
0 0.536855 0.863559 0.046683 0.035073
0 0.695332 0.502994 0.046683 0.035928