1 0.495700 0.145423 0.824324 0.179641
1 0.495700 0.775021 0.824324 0.119760
1 0.572482 0.864842 0.670762 0.059880
1 0.646192 0.685201 0.520885 0.059880
1 0.193489 0.325492 0.219902 0.059025
1 0.495700 0.926005 0.826781 0.062447
1 0.234029 0.685201 0.300983 0.059880
1 0.496929 0.265612 0.824324 0.060736
1 0.605651 0.325920 0.604423 0.059880
1 0.160934 0.864842 0.152334 0.059880
1 0.494472 0.505133 0.821867 0.301967
0 0.122236 0.926433 0.047912 0.037639
0 0.410319 0.688623 0.049140 0.039350
0 0.328624 0.330197 0.047912 0.037639
0 0.116708 0.211292 0.049140 0.037639
0 0.261057 0.867408 0.047912 0.037639