1 0.507371 0.145423 0.825553 0.179641
1 0.285627 0.864842 0.382064 0.059880
1 0.504300 0.805389 0.821867 0.059025
1 0.697789 0.864842 0.442260 0.059880
1 0.724201 0.745509 0.386978 0.060736
1 0.193489 0.625749 0.200246 0.059025
1 0.312654 0.745509 0.436118 0.060736
1 0.473587 0.566296 0.760442 0.059880
1 0.505528 0.355432 0.824324 0.118905
1 0.605037 0.625749 0.622850 0.059025
1 0.506143 0.685201 0.823096 0.059880
1 0.506757 0.505988 0.821867 0.060736
1 0.737101 0.266039 0.361179 0.059880
1 0.505528 0.926005 0.819410 0.062447
1 0.429361 0.445252 0.671990 0.060736
1 0.325553 0.266039 0.461916 0.059880
1 0.840909 0.445680 0.153563 0.061591
1 0.886978 0.566296 0.061425 0.059880
0 0.317568 0.630453 0.045455 0.035928
0 0.555897 0.749358 0.045455 0.035928
0 0.133292 0.925577 0.045455 0.035928
0 0.787469 0.454234 0.046683 0.035928
0 0.880835 0.572284 0.046683 0.035928
0 0.499386 0.868691 0.045455 0.036784
0 0.581081 0.272883 0.046683 0.035928