1 0.495700 0.716424 0.824324 0.118905
1 0.496314 0.117622 0.825553 0.120616
1 0.496314 0.507271 0.823096 0.059880
1 0.673219 0.446963 0.469287 0.060736
1 0.398034 0.207442 0.626536 0.059025
1 0.496314 0.296835 0.825553 0.119760
1 0.415233 0.805389 0.660934 0.059025
1 0.355651 0.566724 0.539312 0.059025
1 0.261671 0.446963 0.353808 0.060736
1 0.496929 0.387083 0.824324 0.059025
1 0.347052 0.864842 0.527027 0.059880
1 0.809582 0.207442 0.196560 0.059025
1 0.687346 0.626604 0.441032 0.060736
1 0.766585 0.566724 0.282555 0.059025
1 0.495700 0.926005 0.821867 0.062447
1 0.759214 0.864842 0.297297 0.059880
1 0.274570 0.626604 0.382064 0.060736
1 0.826781 0.805389 0.162162 0.059025
0 0.461302 0.449957 0.045455 0.035928
0 0.121622 0.925577 0.046683 0.035928
0 0.488943 0.627032 0.046683 0.035928
0 0.734029 0.213858 0.045455 0.035928
0 0.125307 0.330197 0.046683 0.035928
0 0.769042 0.805817 0.044226 0.035928
0 0.649263 0.568862 0.045455 0.035928
0 0.636978 0.864842 0.045455 0.035928