1 0.720516 0.864842 0.396806 0.059880
1 0.307740 0.864842 0.428747 0.059880
1 0.677518 0.566296 0.480344 0.059880
1 0.240172 0.505988 0.293612 0.060736
1 0.316953 0.805817 0.447174 0.059880
1 0.504914 0.446108 0.823096 0.060736
1 0.706388 0.205731 0.425061 0.059025
1 0.729115 0.805817 0.379607 0.059880
1 0.695332 0.265612 0.447174 0.060736
1 0.292998 0.205731 0.399263 0.059025
1 0.651720 0.505988 0.531941 0.060736
1 0.283170 0.265612 0.379607 0.060736
1 0.504914 0.926005 0.823096 0.062447
1 0.264742 0.566296 0.342752 0.059880
1 0.286241 0.325492 0.383292 0.059025
1 0.504300 0.145851 0.821867 0.060736
1 0.504300 0.747220 0.821867 0.057314
1 0.503686 0.626176 0.830467 0.059880
1 0.699017 0.325064 0.439803 0.058169
0 0.128993 0.810522 0.044226 0.035073
0 0.414005 0.507699 0.049140 0.038494
0 0.285012 0.926433 0.049140 0.037639
0 0.520885 0.210864 0.049140 0.038494
0 0.132678 0.867836 0.049140 0.038494
0 0.128993 0.210009 0.049140 0.038494
0 0.266585 0.628743 0.049140 0.037639
0 0.504914 0.330197 0.049140 0.037639
0 0.463145 0.571001 0.049140 0.038494
0 0.563268 0.809666 0.047912 0.038494
0 0.496929 0.272027 0.047912 0.037639
0 0.133292 0.330624 0.047912 0.036784
0 0.549140 0.869119 0.049140 0.037639
0 0.132678 0.270744 0.049140 0.038494