1 0.773342 0.864842 0.291155 0.059880
1 0.371622 0.205731 0.556511 0.059025
1 0.757371 0.325920 0.323096 0.059880
1 0.418919 0.685201 0.651106 0.059880
1 0.504914 0.505988 0.823096 0.060736
1 0.345209 0.325492 0.501229 0.059025
1 0.208845 0.445252 0.228501 0.060736
1 0.504914 0.145851 0.823096 0.060736
1 0.360565 0.865269 0.534398 0.059025
1 0.729730 0.265612 0.378378 0.060736
1 0.621622 0.445680 0.594595 0.059880
1 0.507371 0.805817 0.823096 0.059880
1 0.508600 0.626176 0.825553 0.059880
1 0.506757 0.926005 0.821867 0.062447
1 0.532555 0.745509 0.772727 0.060736
1 0.506143 0.385800 0.825553 0.059880
1 0.317568 0.265612 0.445946 0.060736
1 0.477887 0.566296 0.764128 0.059880
1 0.831695 0.685201 0.171990 0.059880
1 0.719287 0.205731 0.136364 0.059025
1 0.889435 0.565868 0.058968 0.060736
1 0.853194 0.205731 0.131450 0.059025
0 0.143735 0.926005 0.049140 0.038494
0 0.769656 0.687340 0.047912 0.038494
1 0.119779 0.745509 0.052826 0.060736
0 0.619779 0.326775 0.047912 0.037639
0 0.348894 0.449102 0.049140 0.037639
0 0.566339 0.266895 0.049140 0.037639
0 0.651720 0.866125 0.047912 0.038494
0 0.883907 0.568862 0.047912 0.037639
0 0.170147 0.745509 0.047912 0.038494
0 0.813268 0.210009 0.049140 0.038494
0 0.675676 0.210009 0.049140 0.038494