1 0.496314 0.625321 0.823096 0.179641
1 0.496314 0.446108 0.823096 0.180496
1 0.495086 0.866125 0.823096 0.180496
1 0.495086 0.115911 0.825553 0.120616
1 0.246314 0.205731 0.325553 0.059025
1 0.251843 0.325920 0.334152 0.059880
1 0.662776 0.325920 0.490172 0.059880
1 0.658477 0.205731 0.498771 0.059025
1 0.550983 0.265612 0.713759 0.060736
1 0.773342 0.745509 0.269042 0.060736
1 0.138206 0.265612 0.109337 0.060736
1 0.361794 0.745509 0.554054 0.060736
0 0.442875 0.327630 0.045455 0.035928
0 0.216830 0.268606 0.045455 0.035928
0 0.118550 0.925577 0.045455 0.035928
0 0.662776 0.748931 0.045455 0.035073
0 0.122236 0.508982 0.045455 0.035928
0 0.431818 0.209581 0.045455 0.035928