1 0.633292 0.385372 0.551597 0.059025
1 0.687961 0.685201 0.439803 0.059880
1 0.769042 0.505988 0.280098 0.060736
1 0.491400 0.566296 0.513514 0.059880
1 0.495700 0.836185 0.824324 0.120616
1 0.747543 0.445252 0.323096 0.060736
1 0.468059 0.505988 0.321867 0.060736
1 0.806511 0.205731 0.205160 0.059025
1 0.783784 0.325920 0.250614 0.059880
1 0.781327 0.626176 0.253071 0.059880
1 0.457002 0.205304 0.493857 0.059880
1 0.472359 0.745509 0.490172 0.060736
1 0.654177 0.085971 0.507371 0.060736
1 0.276413 0.685201 0.383292 0.059880
1 0.195946 0.505560 0.222359 0.059880
1 0.445946 0.325920 0.425061 0.059880
1 0.221130 0.385372 0.272727 0.059025
1 0.788084 0.146279 0.242015 0.059880
1 0.479730 0.146279 0.374693 0.059880
1 0.369779 0.625749 0.570025 0.059025
1 0.344595 0.265612 0.519656 0.060736
1 0.242015 0.085971 0.316953 0.060736
1 0.382678 0.445680 0.406634 0.061591
1 0.812654 0.745509 0.192875 0.060736
1 0.757985 0.266039 0.302211 0.061591
1 0.187961 0.146279 0.208845 0.059880
1 0.157862 0.326347 0.148649 0.059025
1 0.828624 0.566296 0.160934 0.059880
1 0.159705 0.565868 0.149877 0.060736
1 0.154791 0.745509 0.142506 0.060736
1 0.132064 0.445252 0.094595 0.060736
1 0.146806 0.205304 0.126536 0.059880
0 0.233415 0.211719 0.044226 0.035073
0 0.610565 0.449957 0.046683 0.035928
0 0.316339 0.152267 0.045455 0.035928
0 0.250614 0.751497 0.046683 0.035073
0 0.773956 0.571001 0.046683 0.036784
0 0.681818 0.331908 0.046683 0.035928
0 0.727273 0.211719 0.046683 0.036784
0 0.203931 0.449102 0.046683 0.035928
0 0.629607 0.272883 0.045455 0.035928
0 0.423219 0.092814 0.045455 0.035073
0 0.380221 0.390932 0.045455 0.035928
0 0.677518 0.633875 0.045455 0.035928
0 0.330467 0.508554 0.044226 0.036784
0 0.122850 0.867408 0.046683 0.035928
0 0.128378 0.632164 0.045455 0.035928
0 0.258600 0.570573 0.045455 0.035928
0 0.740786 0.751925 0.046683 0.035928
0 0.690418 0.152267 0.046683 0.035928
0 0.651106 0.508982 0.046683 0.035928
0 0.492015 0.691617 0.045455 0.035073
0 0.255528 0.331908 0.046683 0.035928