1 0.216216 0.805389 0.262899 0.059025
1 0.329853 0.864842 0.492629 0.059880
1 0.437961 0.505988 0.468059 0.060736
1 0.376536 0.685201 0.585995 0.059880
1 0.406020 0.445680 0.431204 0.061591
1 0.806511 0.146279 0.205160 0.059880
1 0.685504 0.385372 0.334152 0.059025
1 0.502457 0.205731 0.705160 0.059025
1 0.714373 0.864842 0.273956 0.059880
1 0.800983 0.566296 0.216216 0.059880
1 0.789926 0.505988 0.238329 0.060736
1 0.788084 0.685201 0.239558 0.059880
1 0.262899 0.745509 0.356265 0.060736
1 0.301597 0.385372 0.433661 0.059025
1 0.619165 0.625749 0.579853 0.059025
1 0.628378 0.805817 0.561425 0.059880
1 0.206388 0.625749 0.245700 0.059025
1 0.527027 0.566296 0.331695 0.059880
1 0.748157 0.265612 0.321867 0.060736
1 0.214988 0.146279 0.262899 0.059880
1 0.524570 0.146279 0.356265 0.059880
1 0.469902 0.926005 0.772727 0.062447
1 0.757985 0.325920 0.304668 0.059880
1 0.675061 0.745937 0.465602 0.059880
1 0.765356 0.445252 0.287469 0.060736
1 0.646192 0.085971 0.523342 0.060736
1 0.335995 0.265612 0.504914 0.060736
1 0.222359 0.566296 0.275184 0.059880
1 0.343980 0.325920 0.518428 0.059880
1 0.234029 0.085971 0.300983 0.060736
1 0.136364 0.445252 0.105651 0.060736
1 0.879607 0.385372 0.056511 0.059025
1 0.144349 0.505988 0.119165 0.060736
1 0.880835 0.205304 0.054054 0.059880
1 0.880221 0.864842 0.055283 0.059880
1 0.117936 0.205304 0.068796 0.059880
1 0.882064 0.925577 0.054054 0.061591
0 0.694103 0.512404 0.044226 0.035928
0 0.353194 0.630453 0.045455 0.035928
0 0.227887 0.511121 0.045455 0.035073
0 0.610565 0.272883 0.044226 0.035928
0 0.372850 0.811377 0.045455 0.035073
0 0.629607 0.331908 0.045455 0.035928
0 0.124079 0.930710 0.046683 0.035928
0 0.175061 0.214286 0.045455 0.035073
0 0.879607 0.929855 0.046683 0.035928
0 0.409091 0.090676 0.044226 0.035928
0 0.464988 0.751925 0.045455 0.035928
0 0.369779 0.153122 0.044226 0.035928
0 0.875921 0.392643 0.046683 0.035928
0 0.644963 0.451668 0.046683 0.035928
0 0.123464 0.693755 0.045455 0.035928
0 0.213759 0.452524 0.046683 0.035928
0 0.383907 0.570573 0.045455 0.035928
0 0.876536 0.213858 0.045455 0.035928
0 0.542383 0.391788 0.045455 0.035928
0 0.716830 0.570573 0.045455 0.035928
0 0.692260 0.692900 0.045455 0.035928
0 0.600123 0.869974 0.045455 0.035928
0 0.131450 0.752780 0.046683 0.035928
0 0.875921 0.870402 0.046683 0.036784
0 0.727273 0.152695 0.046683 0.036784