1 0.734029 0.265612 0.369779 0.060736
1 0.392506 0.506416 0.598280 0.059880
1 0.506757 0.896493 0.826781 0.121471
1 0.251229 0.685201 0.315725 0.059880
1 0.371622 0.205731 0.558968 0.059025
1 0.257371 0.625749 0.325553 0.059025
1 0.505528 0.355432 0.824324 0.118905
1 0.305897 0.745937 0.422604 0.059880
1 0.412776 0.146279 0.638821 0.059880
1 0.504914 0.445680 0.823096 0.059880
1 0.718059 0.745509 0.401720 0.060736
1 0.506757 0.566296 0.824324 0.059880
1 0.784398 0.205731 0.269042 0.059025
1 0.663391 0.685201 0.508600 0.059880
1 0.506757 0.805389 0.824324 0.059025
1 0.668305 0.625749 0.498771 0.059025
1 0.506757 0.085971 0.821867 0.060736
1 0.824324 0.146279 0.186732 0.059880
1 0.804668 0.505988 0.226044 0.060736
1 0.320639 0.265612 0.454545 0.060736
0 0.431818 0.688195 0.045455 0.036784
0 0.127150 0.391788 0.045455 0.035928
0 0.539926 0.748503 0.045455 0.035928
0 0.445332 0.628743 0.045455 0.035928
0 0.754300 0.153122 0.046683 0.035928
0 0.572482 0.270317 0.046683 0.035928
0 0.714988 0.508127 0.044226 0.035928
0 0.673833 0.211292 0.045455 0.035928
0 0.130221 0.927716 0.046683 0.036784
0 0.130221 0.810094 0.046683 0.035928
0 0.133907 0.569718 0.046683 0.035928