1 0.505528 0.595381 0.826781 0.239521
1 0.506757 0.866553 0.824324 0.181352
1 0.506143 0.176219 0.825553 0.241232
1 0.506757 0.384944 0.824324 0.059880
1 0.418919 0.325920 0.651106 0.058169
1 0.831695 0.325920 0.171990 0.059880
1 0.608108 0.445252 0.619165 0.060736
1 0.205160 0.745509 0.221130 0.060736
1 0.195332 0.445252 0.203931 0.060736
1 0.617322 0.745937 0.603194 0.059880
0 0.321867 0.450385 0.046683 0.036784
0 0.125307 0.922583 0.049140 0.038494
0 0.339681 0.746792 0.047912 0.037639
0 0.768428 0.332763 0.045455 0.035928