1 0.505528 0.446108 0.824324 0.180496
1 0.504914 0.896065 0.823096 0.122327
1 0.506143 0.115911 0.823096 0.120616
1 0.606880 0.805389 0.619165 0.059025
1 0.195332 0.805389 0.201474 0.059025
1 0.747543 0.265612 0.340295 0.060736
1 0.506757 0.325920 0.821867 0.059880
1 0.334767 0.265612 0.482801 0.060736
1 0.472973 0.685201 0.759214 0.059880
1 0.505528 0.626176 0.821867 0.059880
1 0.472359 0.205731 0.760442 0.059025
1 0.473587 0.566296 0.760442 0.059880
1 0.572482 0.745509 0.687961 0.060736
1 0.886364 0.566296 0.062654 0.059880
1 0.885135 0.685201 0.065111 0.059880
1 0.160319 0.745509 0.133907 0.060736
1 0.885749 0.205731 0.063882 0.059025
0 0.250614 0.749358 0.046683 0.035928
0 0.121622 0.329769 0.046683 0.036784
0 0.320025 0.808383 0.045455 0.035928
0 0.878378 0.211292 0.046683 0.035928
0 0.878378 0.686056 0.046683 0.035928
0 0.134521 0.929855 0.045455 0.035928
0 0.879607 0.569718 0.046683 0.035928
0 0.600737 0.271172 0.044226 0.035928