1 0.495700 0.715997 0.824324 0.119760
1 0.496929 0.475192 0.824324 0.120616
1 0.349509 0.805389 0.529484 0.059025
1 0.658477 0.325920 0.501229 0.059880
1 0.761057 0.805389 0.293612 0.059025
1 0.525184 0.385372 0.767813 0.059025
1 0.496314 0.896065 0.825553 0.120616
1 0.719287 0.146279 0.377150 0.059880
1 0.245700 0.325920 0.324324 0.059880
1 0.399877 0.566296 0.630221 0.059880
1 0.307125 0.146279 0.447174 0.059880
1 0.496929 0.206159 0.819410 0.059880
1 0.470516 0.265612 0.769042 0.060736
1 0.495700 0.625749 0.824324 0.059025
1 0.812039 0.566296 0.194103 0.059880
1 0.497543 0.085971 0.825553 0.060736
1 0.111794 0.384944 0.056511 0.059880
1 0.881450 0.265612 0.052826 0.060736
0 0.119779 0.627887 0.045455 0.035928
0 0.430590 0.329341 0.045455 0.035928
0 0.162776 0.388366 0.045455 0.035928
0 0.554668 0.152267 0.045455 0.035928
0 0.738329 0.569718 0.046683 0.035928
0 0.115479 0.928144 0.046683 0.035928
0 0.877764 0.271600 0.045455 0.036784
0 0.637592 0.810094 0.046683 0.035928