1 0.756143 0.805389 0.303440 0.059025
1 0.585995 0.685201 0.646192 0.059880
1 0.764742 0.625749 0.288698 0.059025
1 0.791769 0.385372 0.234644 0.059025
1 0.245086 0.384944 0.323096 0.059880
1 0.805897 0.864842 0.203931 0.059880
1 0.272113 0.325920 0.377150 0.059880
1 0.496314 0.266895 0.825553 0.059880
1 0.441646 0.805389 0.325553 0.059025
1 0.738329 0.505988 0.341523 0.060736
1 0.181204 0.805389 0.192875 0.059025
1 0.688575 0.445680 0.441032 0.061591
1 0.777641 0.745509 0.262899 0.060736
1 0.686118 0.325920 0.448403 0.059880
1 0.812654 0.926005 0.190418 0.062447
1 0.460688 0.745509 0.371007 0.060736
1 0.485258 0.625749 0.272727 0.059025
1 0.275799 0.445680 0.384521 0.061591
1 0.286241 0.145851 0.407862 0.059025
1 0.318796 0.085971 0.352580 0.060736
1 0.237715 0.864842 0.308354 0.059880
1 0.547912 0.864842 0.312039 0.059880
1 0.270885 0.926005 0.374693 0.062447
1 0.539926 0.385372 0.269042 0.059025
1 0.756143 0.566296 0.305897 0.059880
1 0.179975 0.745509 0.192875 0.060736
1 0.588452 0.925577 0.257985 0.061591
1 0.173833 0.685201 0.180590 0.059880
1 0.216216 0.625749 0.265356 0.059025
1 0.445332 0.505988 0.242015 0.060736
1 0.483415 0.566296 0.239558 0.059880
1 0.204545 0.505988 0.239558 0.060736
1 0.223587 0.566296 0.280098 0.059880
1 0.702088 0.085971 0.414005 0.060736
1 0.699631 0.146279 0.416462 0.059880
1 0.113022 0.085543 0.058968 0.061591
0 0.124693 0.152695 0.045455 0.035073
0 0.415233 0.865269 0.044226 0.035073
0 0.123464 0.326775 0.045455 0.035928
0 0.518428 0.091104 0.044226 0.035073
0 0.483415 0.924294 0.045455 0.035073
0 0.429361 0.386655 0.045455 0.034217
0 0.123464 0.504277 0.045455 0.035073
0 0.485258 0.328058 0.044226 0.035073
0 0.123464 0.627032 0.045455 0.035928
0 0.515356 0.153122 0.045455 0.035928
0 0.300369 0.745509 0.045455 0.035073
0 0.697789 0.387938 0.044226 0.035073
0 0.372236 0.628743 0.044226 0.035928
0 0.644349 0.628315 0.045455 0.035073
0 0.123464 0.564585 0.045455 0.035928
0 0.625307 0.567151 0.044226 0.035928
0 0.668305 0.747648 0.044226 0.035928
0 0.627764 0.807100 0.044226 0.035073
0 0.590909 0.505988 0.044226 0.035073
0 0.727887 0.862703 0.045455 0.035073
0 0.300369 0.805389 0.042998 0.035073
0 0.739558 0.925577 0.044226 0.035928
0 0.287469 0.683062 0.044226 0.035073
0 0.123464 0.924294 0.045455 0.035073
0 0.492629 0.446536 0.044226 0.035928
0 0.386978 0.565868 0.044226 0.035073
0 0.167076 0.091104 0.044226 0.035073
0 0.123464 0.385372 0.045455 0.035073
0 0.347666 0.505988 0.044226 0.035073
0 0.123464 0.446108 0.045455 0.035073