1 0.495700 0.835329 0.824324 0.118905
1 0.496314 0.475620 0.823096 0.121471
1 0.495700 0.115911 0.824324 0.120616
1 0.544226 0.385372 0.729730 0.059025
1 0.253071 0.205731 0.336609 0.059025
1 0.495700 0.685629 0.824324 0.060736
1 0.242629 0.746364 0.318182 0.059025
1 0.665233 0.325920 0.487715 0.059880
1 0.664619 0.205304 0.486486 0.059880
1 0.496314 0.925577 0.825553 0.061591
1 0.253071 0.325920 0.336609 0.059880
1 0.655405 0.745937 0.504914 0.059880
1 0.469287 0.566296 0.769042 0.059880
1 0.496314 0.266039 0.823096 0.061591
1 0.495700 0.626176 0.824324 0.059880
1 0.132064 0.385372 0.094595 0.060736
1 0.881450 0.566296 0.052826 0.059880
0 0.425061 0.748503 0.046683 0.035928
0 0.226658 0.389649 0.045455 0.036784
0 0.445332 0.331052 0.045455 0.035928
0 0.121007 0.629598 0.045455 0.035928
0 0.446560 0.210436 0.045455 0.035928
0 0.124693 0.869974 0.045455 0.035928
0 0.879607 0.571429 0.046683 0.035928
0 0.117322 0.929427 0.045455 0.035073