1 0.506757 0.775021 0.826781 0.119760
1 0.506143 0.175791 0.823096 0.118905
1 0.605037 0.505988 0.625307 0.060736
1 0.507371 0.385372 0.820639 0.059025
1 0.400491 0.265612 0.614251 0.060736
1 0.812654 0.265612 0.212531 0.060736
1 0.413391 0.864842 0.640049 0.059880
1 0.192875 0.505988 0.199017 0.060736
1 0.344595 0.325920 0.500000 0.058169
1 0.757371 0.325920 0.325553 0.059880
1 0.427518 0.445252 0.668305 0.060736
1 0.505528 0.926005 0.821867 0.062447
1 0.556511 0.685201 0.719902 0.059880
1 0.294226 0.625749 0.399263 0.059025
1 0.284398 0.085971 0.379607 0.060736
1 0.696560 0.085971 0.444717 0.060736
1 0.505528 0.566296 0.821867 0.059880
1 0.826167 0.864842 0.183047 0.059880
1 0.707002 0.625749 0.423833 0.059025
1 0.840295 0.445252 0.157248 0.060736
1 0.145577 0.685201 0.101966 0.059880
0 0.519042 0.625749 0.045455 0.036784
0 0.498157 0.088965 0.045455 0.035928
0 0.785627 0.449102 0.045455 0.035928
0 0.126536 0.927716 0.046683 0.036784
0 0.730344 0.268606 0.045455 0.035928
0 0.316339 0.508127 0.045455 0.035928
0 0.218673 0.685201 0.044226 0.035928
0 0.619165 0.328486 0.046683 0.035928
0 0.757371 0.869974 0.045455 0.035928