1 0.506143 0.715569 0.825553 0.120616
1 0.505528 0.385372 0.821867 0.059025
1 0.327396 0.506416 0.465602 0.059880
1 0.739558 0.505988 0.358722 0.060736
1 0.256757 0.445680 0.324324 0.061591
1 0.576167 0.865269 0.680590 0.060736
1 0.504914 0.805389 0.820639 0.059025
1 0.286855 0.265612 0.384521 0.060736
1 0.664005 0.146279 0.377150 0.059880
1 0.197789 0.326347 0.208845 0.059025
1 0.285012 0.145851 0.380835 0.059025
1 0.506143 0.595808 0.825553 0.118905
1 0.609951 0.325920 0.615479 0.059880
1 0.608722 0.265612 0.259214 0.060736
1 0.506757 0.205731 0.819410 0.059025
1 0.682432 0.085971 0.472973 0.060736
1 0.505528 0.926005 0.821867 0.062447
1 0.269042 0.085971 0.351351 0.060736
1 0.668305 0.445252 0.501229 0.060736
1 0.828624 0.265612 0.178133 0.060736
1 0.164619 0.865269 0.142506 0.059025
1 0.885135 0.145851 0.065111 0.059025
0 0.125921 0.749786 0.047912 0.038494
0 0.500000 0.148845 0.049140 0.037639
0 0.877150 0.148845 0.049140 0.037639
0 0.468673 0.090676 0.047912 0.037639
0 0.503686 0.268178 0.046683 0.038494
0 0.442875 0.448674 0.047912 0.038494
0 0.259828 0.869119 0.047912 0.037639
0 0.585381 0.511121 0.047912 0.038494
0 0.133907 0.628743 0.049140 0.037639
0 0.326167 0.330197 0.047912 0.037639
0 0.133292 0.928571 0.047912 0.038494
0 0.763514 0.267322 0.047912 0.038494