1 0.506143 0.507699 0.825553 0.180496
1 0.505528 0.239093 0.824324 0.120616
1 0.362408 0.149273 0.538084 0.059025
1 0.264742 0.388366 0.340295 0.059880
1 0.774570 0.149273 0.286241 0.059025
1 0.676904 0.388366 0.484029 0.059880
1 0.505528 0.806245 0.819410 0.060736
1 0.370393 0.746364 0.551597 0.059025
1 0.506757 0.089393 0.821867 0.060736
1 0.474816 0.328914 0.760442 0.059025
1 0.697174 0.865697 0.441032 0.058169
1 0.286241 0.865697 0.383292 0.058169
1 0.506143 0.926005 0.823096 0.062447
1 0.782555 0.746364 0.270270 0.059025
1 0.506143 0.657399 0.825553 0.118905
1 0.886978 0.328914 0.061425 0.059025
0 0.673219 0.749786 0.049140 0.038494
0 0.126536 0.926433 0.049140 0.037639
0 0.500614 0.869974 0.047912 0.037639
0 0.881450 0.328914 0.047912 0.038494
0 0.655405 0.154833 0.047912 0.037639
0 0.130221 0.567579 0.049140 0.038494
0 0.458231 0.390077 0.046683 0.037639