1 0.496314 0.866125 0.823096 0.180496
1 0.496314 0.475620 0.823096 0.121471
1 0.495700 0.205731 0.824324 0.059025
1 0.380221 0.685201 0.590909 0.059880
1 0.792998 0.685201 0.232187 0.059880
1 0.597052 0.385372 0.621622 0.059025
1 0.496314 0.745509 0.825553 0.060736
1 0.791155 0.325920 0.233415 0.059880
1 0.496929 0.085971 0.824324 0.060736
1 0.495086 0.265612 0.823096 0.060736
1 0.198403 0.146279 0.229730 0.059880
1 0.496314 0.626176 0.823096 0.059880
1 0.611179 0.146279 0.595823 0.059880
1 0.185504 0.385372 0.201474 0.059025
1 0.378993 0.325920 0.590909 0.059880
1 0.468059 0.566296 0.766585 0.059880
1 0.880221 0.566296 0.055283 0.059880
0 0.337224 0.150984 0.045455 0.036784
0 0.124079 0.751069 0.046683 0.035928
0 0.697174 0.330197 0.045455 0.035928
0 0.700860 0.690334 0.045455 0.035928
0 0.308968 0.390077 0.045455 0.035928
0 0.116708 0.927288 0.046683 0.035928
0 0.877150 0.571429 0.046683 0.035928
0 0.116093 0.209581 0.045455 0.035928