1 0.647420 0.385372 0.520885 0.059025
1 0.640663 0.685201 0.534398 0.059880
1 0.347666 0.505988 0.528256 0.060736
1 0.421376 0.205731 0.390663 0.059025
1 0.726044 0.625749 0.363636 0.059025
1 0.759828 0.505988 0.298526 0.060736
1 0.300369 0.265612 0.433661 0.060736
1 0.228501 0.685201 0.289926 0.059880
1 0.496314 0.864842 0.823096 0.059880
1 0.234644 0.385372 0.302211 0.059025
1 0.222359 0.445252 0.277641 0.060736
1 0.468059 0.805389 0.769042 0.059025
1 0.762899 0.205731 0.292383 0.059025
1 0.712531 0.265612 0.393120 0.060736
1 0.313882 0.625321 0.460688 0.059880
1 0.532555 0.326347 0.748157 0.059025
1 0.495086 0.565868 0.823096 0.059025
1 0.595823 0.085971 0.624079 0.060736
1 0.467445 0.925577 0.765356 0.061591
1 0.647420 0.146279 0.520885 0.059880
1 0.634521 0.445252 0.546683 0.060736
1 0.496314 0.745509 0.825553 0.060736
1 0.235258 0.146279 0.303440 0.059880
1 0.183661 0.085971 0.200246 0.060736
1 0.154791 0.205731 0.142506 0.059025
1 0.120393 0.325492 0.073710 0.059025
1 0.880835 0.805389 0.054054 0.059025
1 0.879607 0.925577 0.056511 0.061591
0 0.385135 0.449957 0.045455 0.035928
0 0.412162 0.149273 0.045455 0.035073
0 0.396192 0.690334 0.045455 0.035928
0 0.127150 0.926861 0.045455 0.035073
0 0.248771 0.209581 0.045455 0.035928
0 0.410934 0.391788 0.045455 0.035928
0 0.567568 0.628743 0.044226 0.035928
0 0.639435 0.208298 0.045455 0.035073
0 0.305897 0.090248 0.044226 0.035073
0 0.179975 0.330197 0.042998 0.034217
0 0.120393 0.508554 0.044226 0.035073
0 0.124693 0.807956 0.045455 0.035073
0 0.634521 0.509837 0.045455 0.035928
0 0.876536 0.809239 0.045455 0.035928
0 0.563268 0.268178 0.045455 0.035073
0 0.874693 0.926433 0.044226 0.035928