1 0.506143 0.115911 0.825553 0.120616
1 0.506757 0.715997 0.824324 0.119760
1 0.734029 0.385372 0.369779 0.059025
1 0.322482 0.385372 0.455774 0.059025
1 0.291769 0.325920 0.394349 0.059880
1 0.255528 0.265612 0.321867 0.060736
1 0.506757 0.205731 0.824324 0.059025
1 0.506757 0.505988 0.819410 0.060736
1 0.705160 0.326347 0.429975 0.059025
1 0.552826 0.566296 0.729730 0.059880
1 0.554054 0.805389 0.724816 0.059025
1 0.536855 0.625749 0.761671 0.059025
1 0.667690 0.266039 0.502457 0.061591
1 0.506143 0.445680 0.695332 0.059880
1 0.506143 0.896065 0.825553 0.120616
1 0.140049 0.566296 0.093366 0.059880
1 0.124693 0.625749 0.062654 0.059025
1 0.143120 0.805389 0.097052 0.059025
1 0.886978 0.445680 0.061425 0.061591
1 0.125307 0.445252 0.063882 0.060736
0 0.210688 0.570145 0.047912 0.038494
0 0.182432 0.450385 0.047912 0.038494
0 0.126536 0.152267 0.049140 0.037639
0 0.216216 0.807956 0.049140 0.038494
0 0.131450 0.925150 0.049140 0.038494
0 0.179361 0.630453 0.049140 0.037639
0 0.574324 0.390932 0.047912 0.037639
0 0.514128 0.331052 0.047912 0.037639
0 0.440418 0.272027 0.047912 0.037639
0 0.134521 0.510265 0.047912 0.038494
0 0.880221 0.451668 0.047912 0.037639