1 0.506143 0.446108 0.823096 0.180496
1 0.504914 0.715569 0.823096 0.120616
1 0.506143 0.176219 0.825553 0.241232
1 0.504914 0.805389 0.825553 0.059025
1 0.283784 0.625749 0.378378 0.059025
1 0.191646 0.325920 0.196560 0.059880
1 0.504914 0.566296 0.820639 0.059880
1 0.196560 0.864842 0.203931 0.059880
1 0.608108 0.864842 0.619165 0.059880
1 0.505528 0.925577 0.821867 0.061591
1 0.695946 0.625749 0.443489 0.059025
1 0.603194 0.326347 0.626536 0.059025
0 0.125307 0.925150 0.049140 0.038494
0 0.497543 0.627887 0.049140 0.039350
0 0.127150 0.505560 0.050369 0.039350
0 0.323096 0.868691 0.046683 0.038494
0 0.126536 0.747220 0.049140 0.038494
0 0.314496 0.328058 0.049140 0.038494