1 0.496314 0.656116 0.825553 0.239521
1 0.496314 0.385800 0.823096 0.179641
1 0.175061 0.505560 0.183047 0.059880
1 0.388206 0.805389 0.606880 0.059025
1 0.588452 0.505988 0.643735 0.060736
1 0.710074 0.145851 0.398034 0.059025
1 0.579238 0.205304 0.657248 0.059880
1 0.496314 0.896065 0.825553 0.120616
1 0.800369 0.805817 0.217445 0.059880
1 0.297297 0.146279 0.425061 0.059880
1 0.703931 0.265612 0.410319 0.060736
1 0.291769 0.265612 0.414005 0.060736
1 0.166462 0.205731 0.165848 0.059025
1 0.496929 0.085971 0.824324 0.060736
0 0.120393 0.925150 0.049140 0.038494
0 0.536241 0.150128 0.047912 0.038494
0 0.714988 0.809239 0.046683 0.037639
0 0.289926 0.508127 0.046683 0.037639
0 0.522727 0.269889 0.047912 0.038494
0 0.273342 0.209153 0.047912 0.038494