1 0.495086 0.113345 0.823096 0.118905
1 0.209459 0.203165 0.251843 0.060736
1 0.495700 0.352866 0.824324 0.120616
1 0.274570 0.683490 0.379607 0.059880
1 0.496314 0.893071 0.825553 0.121471
1 0.496929 0.562447 0.824324 0.060736
1 0.754914 0.502566 0.305897 0.059025
1 0.561425 0.263473 0.692875 0.059880
1 0.686732 0.683490 0.444717 0.059880
1 0.343366 0.502566 0.517199 0.059025
1 0.273956 0.802395 0.378378 0.059880
1 0.496314 0.623182 0.823096 0.060736
1 0.496929 0.742943 0.824324 0.059025
1 0.495086 0.443114 0.823096 0.059880
1 0.621622 0.203165 0.572482 0.060736
1 0.686118 0.802395 0.445946 0.059880
1 0.148649 0.263473 0.130221 0.059880
0 0.121622 0.923439 0.049140 0.038494
0 0.122236 0.564157 0.047912 0.038494
0 0.625921 0.506843 0.047912 0.038494
0 0.119165 0.387083 0.049140 0.038494
0 0.358108 0.207442 0.045455 0.036784
0 0.237101 0.265612 0.046683 0.036784
0 0.488329 0.686912 0.047912 0.037639
0 0.487101 0.807528 0.045455 0.035928