1 0.726658 0.325920 0.382064 0.059880
1 0.229730 0.805389 0.270270 0.059025
1 0.507371 0.115911 0.828010 0.120616
1 0.746929 0.625749 0.343980 0.059025
1 0.504914 0.896065 0.823096 0.122327
1 0.506143 0.685201 0.820639 0.059880
1 0.334767 0.625749 0.480344 0.059025
1 0.619779 0.505988 0.598280 0.060736
1 0.504914 0.745509 0.820639 0.060736
1 0.506757 0.385800 0.821867 0.059880
1 0.393735 0.205731 0.598280 0.059025
1 0.207002 0.505988 0.227273 0.060736
1 0.506143 0.566296 0.825553 0.059880
1 0.364251 0.445680 0.539312 0.059880
1 0.775799 0.445252 0.283784 0.060736
1 0.805897 0.205731 0.226044 0.059025
1 0.714373 0.265612 0.409091 0.060736
1 0.641278 0.805389 0.552826 0.059025
1 0.314496 0.325920 0.439803 0.059880
1 0.300983 0.265612 0.415233 0.060736
0 0.657862 0.449957 0.045455 0.035928
0 0.533170 0.271600 0.046683 0.036784
0 0.122236 0.691189 0.045455 0.035928
0 0.126536 0.927288 0.046683 0.035928
0 0.388821 0.809239 0.045455 0.035928
0 0.716216 0.213858 0.046683 0.035928
0 0.343366 0.508554 0.045455 0.036784
0 0.559582 0.331908 0.045455 0.035928
0 0.599509 0.632592 0.046683 0.035073