1 0.227887 0.505988 0.286241 0.060736
1 0.683047 0.445680 0.452088 0.059880
1 0.180590 0.385372 0.191646 0.059025
1 0.788698 0.205304 0.238329 0.059880
1 0.358722 0.805389 0.547912 0.059025
1 0.233415 0.685201 0.299754 0.059880
1 0.770270 0.805389 0.275184 0.059025
1 0.794226 0.385372 0.229730 0.059025
1 0.466830 0.265612 0.508600 0.060736
1 0.743857 0.325492 0.330467 0.059025
1 0.638821 0.505988 0.535627 0.060736
1 0.262899 0.926005 0.358722 0.062447
1 0.677518 0.625749 0.460688 0.059025
1 0.686732 0.566296 0.339066 0.059880
1 0.782555 0.685201 0.253071 0.059880
1 0.477887 0.385372 0.402948 0.059025
1 0.264742 0.625749 0.362408 0.059025
1 0.264128 0.145851 0.238329 0.059025
1 0.514128 0.146279 0.261671 0.059880
1 0.181204 0.745509 0.192875 0.060736
1 0.377764 0.205731 0.585995 0.059025
1 0.776413 0.146279 0.262899 0.059880
1 0.300983 0.566296 0.434889 0.059880
1 0.519042 0.685201 0.271499 0.059880
1 0.555283 0.864842 0.702703 0.059880
1 0.330467 0.325920 0.493857 0.059880
1 0.564496 0.745509 0.576167 0.060736
1 0.675061 0.926005 0.465602 0.062447
1 0.270270 0.445252 0.371007 0.060736
1 0.813882 0.265612 0.187961 0.060736
1 0.497543 0.085971 0.825553 0.060736
1 0.148034 0.265612 0.128993 0.060736
1 0.143735 0.864842 0.117936 0.059880
1 0.880835 0.745509 0.054054 0.060736
1 0.114251 0.146279 0.061425 0.059880
1 0.882678 0.566296 0.052826 0.059880
0 0.480344 0.449530 0.046683 0.036784
0 0.120393 0.927716 0.049140 0.038494
0 0.299140 0.748075 0.045455 0.036784
0 0.409091 0.688623 0.049140 0.037639
0 0.407248 0.150128 0.045455 0.036784
0 0.466216 0.926005 0.047912 0.038494
0 0.122236 0.571856 0.047912 0.038494
0 0.124079 0.806672 0.049140 0.037639
0 0.679361 0.687767 0.049140 0.037639
0 0.470516 0.629598 0.046683 0.035928
0 0.300369 0.391788 0.045455 0.035928
0 0.668305 0.149273 0.046683 0.036784
0 0.658477 0.807528 0.049140 0.037639
0 0.539926 0.569718 0.045455 0.035928
0 0.393735 0.509837 0.047912 0.037639
0 0.170147 0.151411 0.045455 0.037639
0 0.226044 0.864414 0.046683 0.036784
0 0.235872 0.268606 0.046683 0.035928
0 0.601351 0.331052 0.045455 0.035928
0 0.702088 0.392216 0.042998 0.033362
0 0.744472 0.268606 0.046683 0.037639
0 0.879607 0.570145 0.046683 0.036784
0 0.692875 0.209153 0.046683 0.036784
0 0.877764 0.746792 0.047912 0.037639