1 0.506143 0.385372 0.818182 0.059025
1 0.252457 0.505988 0.315725 0.060736
1 0.751843 0.685201 0.331695 0.059880
1 0.188575 0.325920 0.187961 0.059880
1 0.686732 0.745509 0.464373 0.060736
1 0.274570 0.745509 0.359951 0.060736
1 0.340295 0.685201 0.491400 0.059880
1 0.507371 0.805817 0.820639 0.059880
1 0.664005 0.505988 0.509828 0.060736
1 0.764742 0.625749 0.308354 0.059025
1 0.203931 0.205731 0.221130 0.059025
1 0.406634 0.866125 0.624079 0.060736
1 0.816953 0.865269 0.203931 0.059025
1 0.801597 0.266039 0.234644 0.061591
1 0.133292 0.085971 0.077396 0.060736
1 0.600737 0.325920 0.636364 0.059880
1 0.390049 0.265612 0.590909 0.060736
1 0.616093 0.205731 0.603194 0.059025
1 0.539926 0.445252 0.755528 0.060736
1 0.762285 0.566296 0.310811 0.059880
1 0.544840 0.085971 0.745700 0.060736
1 0.549140 0.145851 0.734644 0.059025
1 0.138206 0.146279 0.087224 0.059880
1 0.351966 0.625749 0.517199 0.059025
1 0.348894 0.566296 0.511057 0.059880
1 0.127150 0.446108 0.067568 0.060736
0 0.479115 0.749358 0.046683 0.035928
0 0.610565 0.689906 0.046683 0.036784
0 0.339066 0.211292 0.046683 0.035928
0 0.122236 0.388366 0.045455 0.035928
0 0.305283 0.329341 0.045455 0.035928
0 0.127764 0.866553 0.046683 0.035928
0 0.196560 0.091531 0.046683 0.035928
0 0.433661 0.510693 0.046683 0.035928
0 0.184889 0.447819 0.045455 0.036784
0 0.636364 0.631309 0.046683 0.035928
0 0.205160 0.151839 0.046683 0.036784
0 0.632064 0.572284 0.045455 0.035928
0 0.709459 0.271172 0.045455 0.035928
0 0.737715 0.867836 0.045455 0.035073