0 0.273342 0.446963 0.038084 0.029940
0 0.505528 0.554748 0.038084 0.029940
0 0.546069 0.448674 0.038084 0.029940
0 0.325553 0.398204 0.039312 0.029940
0 0.377150 0.345167 0.039312 0.029940
0 0.366708 0.502566 0.038084 0.029940
0 0.410319 0.657399 0.039312 0.029940
1 0.563882 0.502139 0.434889 0.051326
1 0.378993 0.449957 0.293612 0.053037
1 0.631450 0.553892 0.292383 0.052181
1 0.359337 0.553892 0.251843 0.052181
1 0.654177 0.450813 0.254300 0.051326
1 0.289312 0.502566 0.114251 0.050470
1 0.501229 0.630453 0.545455 0.102652
1 0.504300 0.398204 0.527027 0.050470
1 0.507371 0.348161 0.520885 0.049615