1 0.382678 0.685201 0.578624 0.059880
1 0.506143 0.805817 0.820639 0.059880
1 0.241400 0.385372 0.293612 0.059025
1 0.222359 0.325920 0.257985 0.059880
1 0.506143 0.745509 0.823096 0.060736
1 0.505528 0.505988 0.821867 0.060736
1 0.415233 0.146279 0.643735 0.059880
1 0.828624 0.146279 0.178133 0.059880
1 0.506757 0.085971 0.824324 0.060736
1 0.652948 0.385372 0.531941 0.059025
1 0.594595 0.445680 0.648649 0.061591
1 0.186118 0.265612 0.183047 0.060736
1 0.476044 0.625749 0.765356 0.059025
1 0.795455 0.685201 0.244472 0.059880
1 0.181818 0.445252 0.176904 0.060736
1 0.634521 0.325920 0.566339 0.059880
1 0.536241 0.205304 0.647420 0.059880
1 0.505528 0.566296 0.821867 0.059880
1 0.597052 0.265612 0.641278 0.060736
1 0.505528 0.866125 0.819410 0.060736
1 0.152334 0.205304 0.117936 0.059880
1 0.889435 0.626176 0.056511 0.059880
1 0.890049 0.206159 0.057740 0.059880
0 0.294840 0.450813 0.049140 0.037639
0 0.235258 0.213003 0.045455 0.037639
0 0.412162 0.390505 0.047912 0.038494
0 0.302211 0.273311 0.049140 0.036784
0 0.376536 0.331908 0.047912 0.037639
0 0.697174 0.687767 0.047912 0.037639
0 0.130221 0.508127 0.049140 0.037639
0 0.131450 0.748075 0.049140 0.038494
0 0.128993 0.865269 0.049140 0.038494
0 0.132678 0.804106 0.049140 0.037639
0 0.762899 0.153122 0.046683 0.037639
0 0.885135 0.215569 0.047912 0.037639
0 0.883907 0.628315 0.045455 0.035073