1 0.505528 0.866553 0.824324 0.181352
1 0.506757 0.595381 0.826781 0.119760
1 0.378993 0.685201 0.566339 0.059880
1 0.536241 0.385372 0.757985 0.059025
1 0.790541 0.685201 0.256757 0.059880
1 0.263514 0.505988 0.337838 0.060736
1 0.549754 0.745937 0.733415 0.059880
1 0.504914 0.445252 0.820639 0.060736
1 0.505528 0.205731 0.824324 0.059025
1 0.201474 0.265612 0.213759 0.060736
1 0.675676 0.505988 0.486486 0.060736
1 0.613022 0.265612 0.609337 0.060736
1 0.504914 0.326347 0.820639 0.059025
1 0.155405 0.146279 0.121622 0.059880
1 0.566953 0.146279 0.701474 0.059880
1 0.506143 0.085971 0.820639 0.060736
1 0.138206 0.745509 0.087224 0.060736
1 0.125307 0.384944 0.063882 0.059880
0 0.126536 0.925150 0.049140 0.038494
0 0.686732 0.687767 0.049140 0.037639
0 0.239558 0.149701 0.049140 0.037639
0 0.180590 0.389222 0.049140 0.037639
0 0.334767 0.269033 0.047912 0.038494
0 0.458231 0.507699 0.049140 0.038494
0 0.207617 0.748931 0.049140 0.038494