1 0.737101 0.864842 0.363636 0.059880
1 0.324939 0.864842 0.460688 0.059880
1 0.383907 0.385372 0.576167 0.059025
1 0.572482 0.685201 0.692875 0.059880
1 0.284398 0.805389 0.379607 0.059025
1 0.795455 0.385372 0.246929 0.059025
1 0.613636 0.566296 0.610565 0.059880
1 0.576167 0.505988 0.680590 0.060736
1 0.186118 0.445680 0.185504 0.061591
1 0.506757 0.088965 0.826781 0.066724
1 0.504914 0.745509 0.820639 0.060736
1 0.504914 0.625749 0.823096 0.059025
1 0.611179 0.205731 0.620393 0.059025
1 0.597666 0.445680 0.640049 0.061591
1 0.507985 0.926005 0.824324 0.062447
1 0.697174 0.805389 0.443489 0.059025
1 0.197174 0.205731 0.207617 0.059025
1 0.816953 0.149273 0.203931 0.053892
1 0.201474 0.566296 0.213759 0.059880
1 0.506143 0.266039 0.823096 0.061591
1 0.507371 0.326347 0.825553 0.059025
1 0.159705 0.685201 0.130221 0.059880
1 0.404791 0.149273 0.620393 0.053892
1 0.164005 0.506416 0.141278 0.059880
0 0.304054 0.449957 0.047912 0.037639
0 0.251229 0.686484 0.047912 0.038494
0 0.580467 0.863131 0.047912 0.037639
0 0.697174 0.389649 0.047912 0.038494
0 0.500614 0.803678 0.047912 0.038494
0 0.261057 0.506843 0.047912 0.038494
0 0.132064 0.272455 0.047912 0.038494
0 0.334767 0.567579 0.047912 0.038494
0 0.740786 0.153978 0.049140 0.037639
0 0.136364 0.922583 0.049140 0.038494
0 0.328010 0.214713 0.049140 0.037639