1 0.495700 0.775021 0.824324 0.119760
1 0.264128 0.205731 0.361179 0.059025
1 0.393120 0.566296 0.474201 0.059880
1 0.792998 0.385372 0.229730 0.059025
1 0.381450 0.385800 0.593366 0.059880
1 0.676904 0.205731 0.461916 0.059025
1 0.496929 0.505988 0.824324 0.060736
1 0.541769 0.685201 0.734644 0.059880
1 0.746929 0.146279 0.321867 0.059880
1 0.361794 0.326347 0.554054 0.059025
1 0.691032 0.445252 0.433661 0.060736
1 0.279484 0.445252 0.389435 0.060736
1 0.538084 0.864842 0.739558 0.059880
1 0.773342 0.325920 0.269042 0.059880
1 0.496314 0.926005 0.825553 0.062447
1 0.496929 0.265612 0.819410 0.060736
1 0.335381 0.146279 0.503686 0.059880
1 0.129607 0.685201 0.089681 0.059880
1 0.497543 0.625749 0.823096 0.059025
1 0.497543 0.085971 0.825553 0.060736
1 0.769042 0.566296 0.277641 0.059880
1 0.126536 0.864842 0.085995 0.059880
1 0.119779 0.566296 0.072482 0.059880
0 0.611179 0.149701 0.045455 0.035928
0 0.664619 0.329341 0.046683 0.035928
0 0.499386 0.449102 0.045455 0.035928
0 0.199631 0.690334 0.045455 0.035928
0 0.127764 0.926005 0.046683 0.036784
0 0.125921 0.390077 0.045455 0.035928
0 0.702703 0.390932 0.046683 0.035928
0 0.193489 0.866553 0.045455 0.035928
0 0.179361 0.572284 0.044226 0.035928
0 0.469287 0.207870 0.046683 0.035928
0 0.654177 0.571429 0.045455 0.035928