1 0.495700 0.715997 0.824324 0.119760
1 0.496929 0.115911 0.826781 0.120616
1 0.372236 0.385800 0.574939 0.059880
1 0.404791 0.506416 0.640049 0.059880
1 0.251229 0.625749 0.332924 0.059025
1 0.496314 0.926005 0.825553 0.062447
1 0.784398 0.385372 0.249386 0.059025
1 0.581081 0.864842 0.653563 0.059880
1 0.495700 0.445680 0.821867 0.059880
1 0.495086 0.805389 0.828010 0.059025
1 0.662776 0.625749 0.490172 0.059025
1 0.788698 0.265612 0.240786 0.060736
1 0.375921 0.265612 0.584767 0.060736
1 0.416462 0.205731 0.665848 0.059025
1 0.496929 0.566296 0.824324 0.059880
1 0.496929 0.325920 0.824324 0.059880
1 0.168919 0.864842 0.170762 0.059880
1 0.829238 0.205731 0.157248 0.059025
1 0.816339 0.505988 0.183047 0.060736
0 0.774570 0.212147 0.045455 0.035928
0 0.683661 0.388794 0.045455 0.036784
0 0.122236 0.751925 0.045455 0.035928
0 0.749386 0.506843 0.046683 0.036784
0 0.117322 0.928571 0.045455 0.035073
0 0.119779 0.809239 0.045455 0.035928
0 0.278256 0.869974 0.045455 0.035928
0 0.441646 0.633020 0.045455 0.035928
0 0.692260 0.270317 0.045455 0.035928