1 0.495700 0.836185 0.824324 0.242087
1 0.265356 0.384944 0.361179 0.059880
1 0.667076 0.566296 0.481572 0.059880
1 0.404791 0.685201 0.640049 0.059880
1 0.677518 0.384944 0.463145 0.059880
1 0.398034 0.146279 0.628993 0.059880
1 0.254914 0.566296 0.340295 0.059880
1 0.469287 0.505988 0.769042 0.060736
1 0.495700 0.206159 0.824324 0.059880
1 0.498157 0.625749 0.819410 0.059025
1 0.495700 0.295552 0.824324 0.118905
1 0.810811 0.146279 0.196560 0.059880
1 0.496929 0.085971 0.824324 0.060736
1 0.496314 0.445680 0.823096 0.061591
1 0.816953 0.685201 0.184275 0.059880
1 0.880835 0.505988 0.054054 0.060736
0 0.121622 0.925150 0.049140 0.038494
0 0.748157 0.687340 0.046683 0.038494
0 0.468059 0.389649 0.046683 0.036784
0 0.736486 0.151411 0.047912 0.037639
0 0.450860 0.567579 0.049140 0.038494
0 0.877150 0.511121 0.046683 0.036784
0 0.118550 0.209153 0.047912 0.038494