1 0.506757 0.145423 0.826781 0.179641
1 0.506143 0.715141 0.825553 0.119760
1 0.650491 0.385372 0.536855 0.059025
1 0.507371 0.566296 0.820639 0.059880
1 0.238329 0.385372 0.287469 0.059025
1 0.391278 0.625749 0.593366 0.059025
1 0.282555 0.265612 0.375921 0.060736
1 0.506143 0.895637 0.825553 0.121471
1 0.687346 0.805389 0.463145 0.060736
1 0.802826 0.625749 0.229730 0.059025
1 0.274570 0.804962 0.362408 0.059880
1 0.501843 0.505560 0.595823 0.061591
1 0.506143 0.325920 0.823096 0.059880
1 0.694717 0.265612 0.448403 0.060736
1 0.507985 0.445252 0.821867 0.060736
1 0.860565 0.505560 0.116708 0.059880
1 0.148034 0.505560 0.109337 0.059880
0 0.226658 0.500855 0.047912 0.038494
0 0.124693 0.925577 0.047912 0.037639
0 0.480958 0.809666 0.047912 0.038494
0 0.711302 0.627887 0.046683 0.037639
0 0.823710 0.504277 0.047912 0.038494
0 0.405405 0.386228 0.046683 0.038494
0 0.494472 0.267322 0.047912 0.038494