1 0.674447 0.205304 0.488943 0.059880
1 0.765971 0.385372 0.305897 0.059025
1 0.732801 0.685201 0.369779 0.059880
1 0.320639 0.685629 0.452088 0.060736
1 0.728501 0.325920 0.380835 0.059880
1 0.378378 0.385372 0.466830 0.059025
1 0.309582 0.146279 0.429975 0.059880
1 0.261671 0.205731 0.336609 0.059025
1 0.199631 0.506416 0.212531 0.059880
1 0.611179 0.505988 0.613022 0.060736
1 0.721744 0.146279 0.394349 0.059880
1 0.412162 0.864842 0.637592 0.059880
1 0.815725 0.745509 0.203931 0.060736
1 0.825553 0.625749 0.184275 0.059025
1 0.291155 0.566296 0.395577 0.059880
1 0.446560 0.745937 0.534398 0.059880
1 0.413391 0.625749 0.640049 0.059025
1 0.470516 0.265612 0.557740 0.060736
1 0.371007 0.325920 0.331695 0.059880
1 0.506143 0.805817 0.823096 0.059880
1 0.582924 0.085971 0.671990 0.060736
1 0.475430 0.926005 0.764128 0.062447
1 0.555897 0.445680 0.723587 0.061591
1 0.703317 0.566296 0.431204 0.059880
1 0.149263 0.325492 0.109337 0.059025
1 0.823710 0.864842 0.187961 0.059880
1 0.143735 0.445680 0.100737 0.061591
1 0.834767 0.265612 0.168305 0.060736
1 0.143120 0.265612 0.097052 0.060736
1 0.136364 0.745509 0.085995 0.060736
1 0.169533 0.085971 0.152334 0.060736
1 0.118550 0.385372 0.050369 0.060736
0 0.269656 0.087682 0.047912 0.038494
0 0.218059 0.449957 0.047912 0.037639
0 0.883907 0.926005 0.047912 0.038494
0 0.125307 0.149701 0.049140 0.037639
1 0.889435 0.925577 0.058968 0.061591
0 0.227887 0.330197 0.047912 0.037639
0 0.125307 0.926005 0.049140 0.038494
0 0.737715 0.749786 0.047912 0.038494
0 0.573096 0.689478 0.047912 0.037639
0 0.127764 0.628315 0.049140 0.038494
0 0.214988 0.270744 0.046683 0.038494
0 0.754300 0.867836 0.049140 0.038494
0 0.549754 0.151411 0.047912 0.037639
0 0.166462 0.389222 0.047912 0.037639
0 0.757371 0.629170 0.047912 0.038494
0 0.330467 0.509410 0.049140 0.038494
0 0.513514 0.569290 0.049140 0.038494
0 0.636364 0.390505 0.049140 0.038494
0 0.203931 0.748931 0.049140 0.038494
0 0.561425 0.331052 0.049140 0.037639
0 0.774570 0.272883 0.047912 0.037639
0 0.452703 0.210009 0.047912 0.038494