1 0.385135 0.085971 0.332924 0.060736
1 0.353808 0.864842 0.518428 0.059880
1 0.558968 0.384944 0.417690 0.059880
1 0.473587 0.205731 0.214988 0.059025
1 0.765356 0.625749 0.307125 0.059025
1 0.749386 0.205731 0.336609 0.059025
1 0.229115 0.205304 0.271499 0.059880
1 0.816953 0.566296 0.203931 0.059880
1 0.761057 0.505988 0.315725 0.060736
1 0.268428 0.325920 0.347666 0.059880
1 0.595823 0.146279 0.343980 0.059880
1 0.786855 0.685201 0.264128 0.059880
1 0.394963 0.805389 0.443489 0.059025
1 0.707617 0.926005 0.422604 0.062447
1 0.497543 0.685201 0.312039 0.059880
1 0.766585 0.864842 0.304668 0.059880
1 0.440418 0.625749 0.342752 0.059025
1 0.768428 0.805389 0.300983 0.059025
1 0.259214 0.146279 0.329238 0.059880
1 0.734644 0.086399 0.368550 0.059880
1 0.218673 0.685201 0.248157 0.059880
1 0.221744 0.385372 0.256757 0.059025
1 0.397420 0.745509 0.465602 0.060736
1 0.270270 0.265612 0.353808 0.060736
1 0.425061 0.505988 0.358722 0.060736
1 0.843366 0.385372 0.151106 0.060736
1 0.469287 0.566296 0.493857 0.059880
1 0.774570 0.745509 0.288698 0.060736
1 0.181204 0.625749 0.175676 0.059025
1 0.679975 0.325492 0.475430 0.059025
1 0.586609 0.445252 0.293612 0.060736
1 0.682432 0.265612 0.470516 0.060736
1 0.266585 0.445680 0.343980 0.061591
1 0.825553 0.445252 0.184275 0.060736
1 0.295455 0.926005 0.401720 0.062447
1 0.133907 0.805389 0.078624 0.059025
1 0.156634 0.085971 0.124079 0.060736
1 0.158477 0.566296 0.127764 0.059880
1 0.170147 0.506416 0.151106 0.059880
1 0.843366 0.146279 0.151106 0.059880
1 0.129607 0.745937 0.070025 0.059880
0 0.791155 0.150556 0.046683 0.035928
0 0.462531 0.449957 0.045455 0.035928
0 0.573710 0.087254 0.046683 0.035928
0 0.374079 0.387511 0.045455 0.035928
0 0.447174 0.147990 0.044226 0.035928
0 0.364251 0.686912 0.045455 0.035928
0 0.625921 0.512404 0.045455 0.035928
0 0.268428 0.510693 0.045455 0.035928
0 0.791155 0.389222 0.046683 0.035928
0 0.245700 0.569718 0.044226 0.035928
0 0.756143 0.451668 0.045455 0.035928
0 0.129607 0.449102 0.045455 0.035928
0 0.132678 0.148845 0.046683 0.035928
0 0.242629 0.087682 0.045455 0.036784
0 0.676904 0.688623 0.044226 0.035928
0 0.640663 0.809666 0.045455 0.036784
0 0.653563 0.745937 0.044226 0.035928
0 0.520270 0.928144 0.045455 0.035928
0 0.465602 0.328486 0.044226 0.035928
0 0.128378 0.926433 0.045455 0.035928
0 0.195946 0.810094 0.045455 0.035928
0 0.634521 0.628743 0.045455 0.035928
0 0.128378 0.868263 0.045455 0.035928
0 0.603194 0.208725 0.044226 0.035928
0 0.738943 0.570573 0.045455 0.035928
0 0.131450 0.270317 0.046683 0.035928
0 0.292998 0.628743 0.045455 0.035928
0 0.469902 0.270317 0.045455 0.035928
0 0.638206 0.870402 0.045455 0.036784
0 0.188575 0.745081 0.045455 0.035928
0 0.388821 0.209153 0.045455 0.036784