1 0.495700 0.863559 0.824324 0.178785
1 0.495700 0.115911 0.826781 0.120616
1 0.711916 0.744226 0.391892 0.059880
1 0.300983 0.744226 0.434889 0.059880
1 0.219287 0.205731 0.271499 0.059025
1 0.631450 0.205731 0.552826 0.059025
1 0.495700 0.414885 0.824324 0.360992
1 0.273342 0.624465 0.377150 0.059880
1 0.684889 0.624465 0.445946 0.059880
1 0.495700 0.683918 0.821867 0.060736
0 0.120393 0.922583 0.049140 0.038494
0 0.378378 0.208298 0.046683 0.038494
0 0.487101 0.627459 0.047912 0.038494
0 0.563882 0.745937 0.049140 0.037639