1 0.506143 0.836185 0.825553 0.242087
1 0.506757 0.475192 0.826781 0.120616
1 0.335381 0.685201 0.484029 0.059880
1 0.748157 0.685629 0.341523 0.059025
1 0.319410 0.385372 0.452088 0.059025
1 0.730958 0.385372 0.375921 0.059025
1 0.506757 0.625749 0.826781 0.059025
1 0.505528 0.326347 0.824324 0.059025
1 0.506757 0.085971 0.821867 0.060736
1 0.504914 0.205731 0.820639 0.059025
1 0.566339 0.266039 0.702703 0.059880
1 0.475430 0.566296 0.764128 0.059880
1 0.572482 0.146279 0.687961 0.059880
1 0.154791 0.265612 0.120393 0.060736
1 0.888821 0.565868 0.060197 0.060736
1 0.160319 0.146279 0.133907 0.059880
0 0.127764 0.924294 0.049140 0.038494
0 0.251843 0.145851 0.046683 0.038494
0 0.568182 0.390932 0.047912 0.037639
0 0.601351 0.684773 0.047912 0.038494
0 0.237715 0.270317 0.045455 0.035928
0 0.883907 0.568862 0.047912 0.037639