1 0.495700 0.145423 0.824324 0.179641
1 0.759828 0.805389 0.296069 0.059025
1 0.348894 0.805817 0.528256 0.059880
1 0.496314 0.895637 0.825553 0.121471
1 0.247543 0.385372 0.325553 0.059025
1 0.722973 0.685201 0.372236 0.059880
1 0.659091 0.385372 0.497543 0.059025
1 0.310197 0.685201 0.453317 0.059880
1 0.785012 0.505988 0.245700 0.060736
1 0.496929 0.745509 0.824324 0.060736
1 0.374079 0.505988 0.576167 0.060736
1 0.495086 0.625749 0.823096 0.059025
1 0.543612 0.566296 0.728501 0.059880
1 0.496314 0.445252 0.823096 0.060736
1 0.132064 0.565868 0.094595 0.060736
1 0.496314 0.325920 0.825553 0.059880
1 0.467445 0.266467 0.765356 0.060736
1 0.878993 0.266039 0.057740 0.059880
0 0.121622 0.925577 0.049140 0.037639
0 0.434889 0.390932 0.049140 0.037639
0 0.203931 0.570573 0.049140 0.037639
0 0.636364 0.807956 0.049140 0.038494
0 0.875307 0.271600 0.047912 0.038494
0 0.561425 0.689906 0.049140 0.038494
0 0.687961 0.509410 0.049140 0.038494