1 0.270885 0.322926 0.352580 0.059025
1 0.686732 0.562447 0.466830 0.060736
1 0.506143 0.382806 0.825553 0.060736
1 0.305897 0.443114 0.422604 0.059880
1 0.385135 0.862703 0.581081 0.060736
1 0.506143 0.802823 0.823096 0.059025
1 0.476044 0.742943 0.762899 0.059025
1 0.192260 0.143285 0.197789 0.059025
1 0.329853 0.502566 0.472973 0.059025
1 0.273956 0.562447 0.361179 0.060736
1 0.718059 0.443114 0.401720 0.059880
1 0.683047 0.322926 0.471744 0.059025
1 0.742629 0.502566 0.352580 0.059025
1 0.796683 0.862703 0.242015 0.060736
1 0.505528 0.263473 0.819410 0.059880
1 0.504914 0.203165 0.820639 0.060736
1 0.505528 0.083832 0.819410 0.059880
1 0.604423 0.143285 0.626536 0.059025
1 0.505528 0.623182 0.821867 0.060736
1 0.504914 0.683490 0.818182 0.059880
1 0.507985 0.923439 0.824324 0.060736
1 0.890049 0.742515 0.060197 0.059880
0 0.506143 0.563302 0.049140 0.038494
0 0.591523 0.505133 0.047912 0.038494
0 0.122850 0.920873 0.049140 0.038494
0 0.473587 0.326347 0.050369 0.038494
0 0.124693 0.204876 0.047912 0.038494
0 0.699631 0.865269 0.047912 0.038494
0 0.128993 0.743370 0.049140 0.037639
0 0.128378 0.624038 0.047912 0.038494
0 0.315725 0.148417 0.049140 0.038494
0 0.541155 0.445252 0.047912 0.038494
0 0.883907 0.745937 0.047912 0.037639