1 0.674447 0.864842 0.486486 0.059880
1 0.506143 0.415312 0.825553 0.118905
1 0.262285 0.864842 0.335381 0.059880
1 0.429361 0.805389 0.669533 0.059025
1 0.506757 0.566296 0.819410 0.059880
1 0.415848 0.146279 0.644963 0.059880
1 0.381450 0.625749 0.573710 0.059025
1 0.794226 0.625749 0.249386 0.059025
1 0.475430 0.685201 0.766585 0.059880
1 0.506757 0.205731 0.824324 0.059025
1 0.506757 0.926005 0.821867 0.062447
1 0.542383 0.505560 0.748157 0.061591
1 0.506757 0.265612 0.819410 0.060736
1 0.828624 0.145851 0.180590 0.059025
1 0.505528 0.325920 0.821867 0.059880
1 0.507371 0.085971 0.825553 0.060736
1 0.506143 0.745509 0.825553 0.060736
1 0.130835 0.505560 0.074939 0.059880
1 0.889435 0.685629 0.058968 0.059025
1 0.842138 0.805389 0.153563 0.059025
0 0.692875 0.628315 0.044226 0.036784
0 0.125921 0.327630 0.045455 0.035928
0 0.125921 0.923011 0.045455 0.035928
0 0.788084 0.808811 0.045455 0.036784
0 0.882678 0.688623 0.045455 0.035928
0 0.124079 0.210436 0.046683 0.035928
0 0.124079 0.268606 0.046683 0.035928
0 0.191032 0.507271 0.045455 0.035928
0 0.452703 0.866553 0.045455 0.035928
0 0.761671 0.152267 0.044226 0.035928