1 0.279484 0.864842 0.389435 0.059880
1 0.234029 0.506416 0.298526 0.059880
1 0.347052 0.205731 0.524570 0.059025
1 0.775184 0.625749 0.265356 0.059025
1 0.496314 0.805817 0.825553 0.058169
1 0.362408 0.625749 0.557740 0.059025
1 0.759214 0.205304 0.297297 0.059880
1 0.614865 0.265612 0.458231 0.060736
1 0.457002 0.566296 0.525799 0.059880
1 0.637592 0.685201 0.339066 0.059880
1 0.645577 0.505988 0.524570 0.060736
1 0.496929 0.446963 0.824324 0.059025
1 0.497543 0.145423 0.828010 0.059880
1 0.691646 0.864842 0.434889 0.059880
1 0.496314 0.925577 0.830467 0.061591
1 0.276413 0.685629 0.385749 0.060736
1 0.813882 0.566296 0.187961 0.059880
1 0.234644 0.265612 0.302211 0.060736
1 0.140049 0.565868 0.110565 0.060736
1 0.496929 0.325492 0.826781 0.059025
1 0.857494 0.685201 0.100737 0.059880
1 0.876536 0.265612 0.062654 0.060736
0 0.160319 0.688623 0.047912 0.037639
0 0.314496 0.926861 0.049140 0.038494
0 0.500000 0.868691 0.049140 0.038494
0 0.832310 0.688623 0.047912 0.037639
0 0.409091 0.510265 0.049140 0.038494
0 0.493243 0.689478 0.047912 0.037639
0 0.414005 0.268178 0.049140 0.038494
0 0.219902 0.571856 0.049140 0.038494
0 0.667690 0.631309 0.047912 0.037639
0 0.637592 0.209581 0.049140 0.039350
0 0.118550 0.869547 0.047912 0.038494
0 0.746929 0.571429 0.049140 0.037639
0 0.869779 0.268178 0.049140 0.038494
0 0.269042 0.323781 0.049140 0.038494