1 0.495700 0.804534 0.824324 0.178785
1 0.496314 0.445680 0.823096 0.059880
1 0.533170 0.385800 0.751843 0.059880
1 0.535012 0.505988 0.748157 0.060736
1 0.436118 0.685201 0.702703 0.059880
1 0.496314 0.926005 0.825553 0.062447
1 0.496314 0.566296 0.823096 0.059880
1 0.427518 0.625749 0.685504 0.059025
1 0.496314 0.265612 0.823096 0.060736
1 0.468673 0.205731 0.765356 0.059025
1 0.229730 0.325920 0.292383 0.059880
1 0.642506 0.325920 0.533170 0.059880
1 0.555283 0.085971 0.714988 0.060736
1 0.498157 0.146279 0.826781 0.059880
1 0.140049 0.085543 0.113022 0.061591
1 0.119779 0.385372 0.072482 0.059025
1 0.839681 0.626176 0.138821 0.059880
1 0.848280 0.685629 0.119165 0.059025
1 0.880221 0.205731 0.055283 0.059025
1 0.122236 0.505988 0.077396 0.059025
0 0.120393 0.925577 0.046683 0.035928
0 0.179975 0.390077 0.045455 0.035928
0 0.399877 0.328914 0.045455 0.036784
0 0.877150 0.211719 0.046683 0.035073
0 0.792998 0.630453 0.045455 0.035928
0 0.219287 0.091959 0.045455 0.035073
0 0.184275 0.509837 0.046683 0.035928
0 0.812039 0.690334 0.046683 0.035928
0 0.117936 0.867408 0.044226 0.035928