1 0.599509 0.384944 0.511057 0.059880
1 0.495086 0.205731 0.828010 0.059025
1 0.495700 0.565013 0.824324 0.059025
1 0.495700 0.685201 0.824324 0.059880
1 0.225430 0.146279 0.283784 0.059880
1 0.214373 0.385372 0.259214 0.059025
1 0.574939 0.505560 0.665848 0.059880
1 0.411548 0.624893 0.653563 0.060736
1 0.495700 0.925577 0.824324 0.061591
1 0.495700 0.745509 0.824324 0.060736
1 0.549140 0.805389 0.717445 0.059025
1 0.823096 0.624893 0.169533 0.060736
1 0.497543 0.445252 0.825553 0.060736
1 0.496314 0.085971 0.823096 0.060736
1 0.495700 0.266039 0.826781 0.061591
1 0.495700 0.864842 0.824324 0.059880
1 0.638206 0.146279 0.539312 0.059880
1 0.496314 0.325920 0.823096 0.059880
1 0.162776 0.505560 0.156020 0.059880
1 0.136364 0.805389 0.108108 0.060736
1 0.882064 0.385372 0.054054 0.059025
0 0.119779 0.925577 0.045455 0.035928
0 0.119779 0.689478 0.045455 0.035928
0 0.367322 0.387511 0.046683 0.035928
0 0.393120 0.149273 0.046683 0.036784
0 0.264742 0.508982 0.045455 0.035928
0 0.119779 0.266895 0.045455 0.035928
0 0.214373 0.810094 0.045455 0.035928
0 0.119779 0.867836 0.045455 0.036784
0 0.879607 0.388366 0.046683 0.035928
0 0.761671 0.628743 0.044226 0.035928
0 0.119779 0.207870 0.045455 0.035928