1 0.670147 0.146279 0.355037 0.059880
1 0.409705 0.505988 0.372236 0.060736
1 0.618550 0.205304 0.598280 0.059880
1 0.627150 0.265612 0.237101 0.060736
1 0.708845 0.805389 0.420147 0.059025
1 0.206388 0.205731 0.226044 0.059025
1 0.392506 0.265612 0.232187 0.060736
1 0.296683 0.805389 0.404177 0.059025
1 0.757371 0.505988 0.323096 0.060736
1 0.423219 0.685201 0.298526 0.059880
1 0.185504 0.265612 0.181818 0.060736
1 0.361794 0.625749 0.318182 0.059025
1 0.678747 0.685201 0.212531 0.059880
1 0.288084 0.085971 0.389435 0.060736
1 0.719902 0.625749 0.398034 0.059025
1 0.700860 0.085971 0.436118 0.060736
1 0.526413 0.926005 0.318182 0.062447
1 0.504914 0.446536 0.823096 0.059880
1 0.337224 0.566296 0.386978 0.059880
1 0.802211 0.925577 0.233415 0.061591
1 0.783170 0.864842 0.271499 0.059880
1 0.184889 0.685201 0.180590 0.059880
1 0.356880 0.145851 0.271499 0.059025
1 0.321253 0.745509 0.313268 0.060736
1 0.788084 0.745509 0.259214 0.060736
1 0.443489 0.864842 0.410319 0.059880
1 0.724816 0.566296 0.388206 0.059880
1 0.832924 0.265612 0.171990 0.060736
1 0.230344 0.926005 0.273956 0.062447
1 0.148034 0.625749 0.109337 0.059025
1 0.166462 0.864842 0.143735 0.059880
1 0.851351 0.685629 0.132678 0.059025
1 0.157862 0.145851 0.126536 0.059025
1 0.157862 0.505560 0.126536 0.059880
1 0.568182 0.745509 0.180590 0.060736
1 0.128993 0.745509 0.071253 0.060736
1 0.504914 0.325920 0.820639 0.059880
1 0.882678 0.146279 0.070025 0.059880
0 0.506757 0.088109 0.047912 0.037639
0 0.298526 0.687767 0.046683 0.037639
1 0.118550 0.565868 0.050369 0.060736
0 0.391278 0.923867 0.047912 0.037639
0 0.807740 0.687767 0.045455 0.035928
0 0.131450 0.325064 0.049140 0.037639
0 0.299754 0.266039 0.046683 0.037639
0 0.516585 0.147134 0.047912 0.037639
0 0.124693 0.805389 0.047912 0.038494
0 0.670762 0.863986 0.046683 0.037639
0 0.226658 0.627887 0.047912 0.037639
0 0.521499 0.804962 0.047912 0.037639
0 0.246314 0.508554 0.047912 0.038494
0 0.553440 0.569290 0.045455 0.036784
0 0.344595 0.206159 0.047912 0.037639
0 0.127150 0.923867 0.047912 0.037639
0 0.532555 0.264756 0.047912 0.038494
0 0.543612 0.627459 0.047912 0.038494
0 0.261671 0.864842 0.046683 0.037639
0 0.593980 0.689050 0.042998 0.035073
0 0.769656 0.265612 0.047912 0.038494
0 0.500614 0.746364 0.045455 0.036784
0 0.619779 0.508127 0.047912 0.037639
0 0.708845 0.923011 0.046683 0.037639
0 0.681818 0.745509 0.046683 0.038494
0 0.165848 0.569718 0.044226 0.035928
0 0.245086 0.147562 0.047912 0.038494
0 0.186118 0.748075 0.042998 0.035073
0 0.873464 0.147134 0.049140 0.037639