1 0.496314 0.115911 0.825553 0.120616
1 0.496314 0.505988 0.823096 0.060736
1 0.176290 0.805389 0.185504 0.059025
1 0.607494 0.625749 0.600737 0.059025
1 0.384521 0.445680 0.599509 0.061591
1 0.356265 0.205731 0.542998 0.059025
1 0.496314 0.295552 0.823096 0.120616
1 0.588452 0.805389 0.636364 0.059025
1 0.495086 0.864842 0.823096 0.059880
1 0.227273 0.566296 0.285012 0.059880
1 0.796069 0.445252 0.226044 0.060736
1 0.767199 0.205731 0.281327 0.059025
1 0.195332 0.625749 0.223587 0.059025
1 0.470516 0.385372 0.771499 0.059025
1 0.639435 0.566296 0.536855 0.059880
1 0.497543 0.685201 0.825553 0.059880
1 0.805897 0.925577 0.203931 0.061591
1 0.393120 0.926005 0.619165 0.060736
1 0.470516 0.745509 0.771499 0.060736
1 0.882678 0.385800 0.052826 0.059880
1 0.880835 0.745509 0.054054 0.060736
0 0.119779 0.927288 0.045455 0.035928
0 0.292998 0.811805 0.045455 0.035928
0 0.393735 0.569718 0.045455 0.035928
0 0.331081 0.627459 0.045455 0.036784
0 0.708231 0.449102 0.045455 0.035928
0 0.879607 0.386655 0.046683 0.035928
0 0.877150 0.752780 0.044226 0.035928
0 0.651106 0.206587 0.046683 0.036784
0 0.727887 0.928999 0.045455 0.035928