1 0.506143 0.145423 0.823096 0.179641
1 0.507371 0.864842 0.820639 0.059880
1 0.379607 0.805389 0.572482 0.059025
1 0.505528 0.595808 0.826781 0.118905
1 0.792998 0.805817 0.254300 0.059880
1 0.505528 0.505988 0.819410 0.060736
1 0.733415 0.745509 0.371007 0.060736
1 0.818796 0.926005 0.200246 0.062447
1 0.505528 0.685201 0.824324 0.059880
1 0.243243 0.445252 0.299754 0.060736
1 0.320639 0.745509 0.454545 0.060736
1 0.407248 0.925577 0.625307 0.061591
1 0.656634 0.445680 0.524570 0.061591
1 0.474201 0.266039 0.759214 0.061591
1 0.505528 0.355432 0.824324 0.118905
1 0.886364 0.265612 0.062654 0.060736
0 0.126536 0.510693 0.046683 0.035928
0 0.122850 0.628743 0.046683 0.035928
0 0.572482 0.747220 0.046683 0.036784
0 0.416462 0.448246 0.044226 0.035928
0 0.688575 0.810094 0.045455 0.035928
0 0.133292 0.928999 0.045455 0.035928
0 0.878378 0.268606 0.046683 0.035928
0 0.745086 0.928144 0.045455 0.035928