1 0.505528 0.775021 0.824324 0.119760
1 0.390663 0.864842 0.594595 0.059880
1 0.751229 0.625749 0.332924 0.059025
1 0.772727 0.505988 0.294840 0.060736
1 0.360565 0.505988 0.531941 0.060736
1 0.339681 0.625749 0.490172 0.059025
1 0.622236 0.685201 0.593366 0.059880
1 0.209459 0.685201 0.232187 0.059880
1 0.506757 0.115911 0.826781 0.120616
1 0.731572 0.205731 0.374693 0.059025
1 0.800369 0.266039 0.237101 0.061591
1 0.383907 0.566296 0.578624 0.059880
1 0.506143 0.445252 0.823096 0.060736
1 0.802211 0.864842 0.230958 0.059880
1 0.506143 0.926005 0.823096 0.062447
1 0.319410 0.205731 0.449631 0.059025
1 0.506143 0.355432 0.823096 0.118905
1 0.796069 0.566296 0.245700 0.059880
1 0.386978 0.265612 0.584767 0.060736
0 0.124693 0.924722 0.050369 0.037639
0 0.571253 0.206587 0.049140 0.038494
0 0.609337 0.632164 0.049140 0.037639
0 0.350123 0.689906 0.049140 0.038494
0 0.135135 0.386228 0.049140 0.038494
0 0.722359 0.571856 0.046683 0.038494
0 0.712531 0.867836 0.049140 0.038494
0 0.650491 0.508127 0.047912 0.037639
0 0.708231 0.266895 0.047912 0.039350