1 0.495700 0.295124 0.824324 0.119760
1 0.353194 0.864842 0.536855 0.059880
1 0.224816 0.566296 0.282555 0.059880
1 0.391278 0.505988 0.613022 0.060736
1 0.638206 0.205304 0.539312 0.059880
1 0.765356 0.864842 0.287469 0.059880
1 0.262285 0.745509 0.357494 0.060736
1 0.665848 0.685201 0.484029 0.059880
1 0.226044 0.205731 0.285012 0.059025
1 0.802826 0.506416 0.210074 0.059880
1 0.675061 0.745509 0.465602 0.060736
1 0.496314 0.625749 0.823096 0.059025
1 0.637592 0.566296 0.542998 0.059880
1 0.496929 0.805389 0.824324 0.059025
1 0.254300 0.685201 0.339066 0.059880
1 0.178133 0.385372 0.189189 0.059025
1 0.591523 0.384944 0.635135 0.059880
1 0.496314 0.925577 0.825553 0.061591
1 0.495700 0.445252 0.821867 0.060736
1 0.464373 0.145851 0.761671 0.059025
1 0.497543 0.085971 0.825553 0.060736
1 0.875307 0.145851 0.062654 0.059025
0 0.721130 0.511976 0.046683 0.036784
0 0.466830 0.747648 0.046683 0.035928
0 0.447174 0.688623 0.046683 0.035928
0 0.393735 0.211719 0.045455 0.035073
0 0.390049 0.570573 0.045455 0.035928
0 0.646192 0.867408 0.046683 0.035928
0 0.121622 0.923011 0.046683 0.035928
0 0.296683 0.392216 0.045455 0.035073
0 0.867936 0.153122 0.045455 0.035928