1 0.506143 0.446108 0.823096 0.180496
1 0.506143 0.236099 0.825553 0.119760
1 0.641892 0.864842 0.556511 0.059880
1 0.506143 0.115911 0.825553 0.120616
1 0.229115 0.864842 0.269042 0.059880
1 0.400491 0.745509 0.611794 0.060736
1 0.194717 0.326347 0.202703 0.059025
1 0.505528 0.926005 0.821867 0.062447
1 0.506757 0.805389 0.819410 0.059025
1 0.476044 0.566296 0.762899 0.059880
1 0.812654 0.745509 0.210074 0.060736
1 0.506143 0.655689 0.825553 0.118905
1 0.607494 0.325920 0.620393 0.059880
1 0.888821 0.565868 0.060197 0.060736
0 0.732801 0.748931 0.047912 0.038494
0 0.129607 0.926005 0.050369 0.038494
0 0.321867 0.328058 0.049140 0.038494
0 0.128993 0.148417 0.049140 0.038494
0 0.387592 0.864842 0.047912 0.037639
0 0.883292 0.567579 0.049140 0.038494