1 0.372850 0.385372 0.554054 0.059025
1 0.506143 0.715569 0.825553 0.120616
1 0.505528 0.115911 0.824324 0.120616
1 0.506143 0.596236 0.825553 0.119760
1 0.592138 0.505988 0.651106 0.060736
1 0.505528 0.896493 0.824324 0.121471
1 0.224816 0.265612 0.260442 0.060736
1 0.505528 0.445252 0.821867 0.060736
1 0.506143 0.205731 0.820639 0.059025
1 0.783784 0.385372 0.267813 0.059025
1 0.636978 0.266039 0.563882 0.061591
1 0.505528 0.325920 0.821867 0.059880
1 0.179975 0.506416 0.173219 0.059880
1 0.532555 0.805389 0.762899 0.059025
0 0.178133 0.807528 0.049140 0.037639
1 0.122236 0.805389 0.057740 0.059025
0 0.124079 0.925150 0.049140 0.038494
0 0.124079 0.628315 0.049140 0.038494
0 0.127764 0.147562 0.049140 0.038494
0 0.379607 0.269033 0.049140 0.038494
0 0.673833 0.390932 0.047912 0.037639
0 0.291155 0.507699 0.049140 0.038494