1 0.505528 0.236099 0.824324 0.119760
1 0.726044 0.385372 0.383292 0.059025
1 0.506143 0.685201 0.823096 0.059880
1 0.284398 0.505560 0.379607 0.059880
1 0.314496 0.385372 0.442260 0.059025
1 0.276413 0.146707 0.363636 0.059025
1 0.806511 0.804534 0.227273 0.060736
1 0.475430 0.624893 0.761671 0.060736
1 0.504300 0.446108 0.821867 0.060736
1 0.505528 0.744654 0.824324 0.059025
1 0.505528 0.926005 0.819410 0.062447
1 0.581695 0.864842 0.669533 0.059880
1 0.170762 0.864842 0.152334 0.059880
1 0.393120 0.804534 0.597052 0.060736
1 0.695946 0.505988 0.443489 0.059025
1 0.504300 0.565013 0.819410 0.059025
1 0.505528 0.085971 0.821867 0.060736
1 0.687961 0.146279 0.459459 0.059880
1 0.504914 0.326347 0.823096 0.059025
1 0.887592 0.625321 0.060197 0.059880
0 0.485258 0.150556 0.046683 0.035928
0 0.498157 0.512404 0.045455 0.035928
0 0.125921 0.690334 0.045455 0.035928
0 0.127764 0.925150 0.046683 0.036784
0 0.880835 0.630453 0.046683 0.035928
0 0.124693 0.264756 0.045455 0.036784
0 0.270270 0.868263 0.046683 0.035928
0 0.715602 0.808383 0.045455 0.035928
0 0.558354 0.395637 0.045455 0.035073