1 0.257371 0.685201 0.325553 0.059880
1 0.691032 0.385372 0.335381 0.059025
1 0.391278 0.205731 0.323096 0.059025
1 0.264128 0.325920 0.339066 0.059880
1 0.703317 0.205304 0.300983 0.059880
1 0.774570 0.805389 0.288698 0.059025
1 0.751843 0.146279 0.334152 0.059880
1 0.807740 0.265612 0.219902 0.060736
1 0.217445 0.146279 0.248157 0.059880
1 0.537469 0.685201 0.234644 0.059880
1 0.382678 0.385372 0.281327 0.059025
1 0.463759 0.145851 0.244472 0.059025
1 0.506143 0.626176 0.825553 0.058169
1 0.585381 0.926005 0.350123 0.062447
1 0.208845 0.805389 0.228501 0.059025
1 0.787469 0.685201 0.262899 0.059880
1 0.252457 0.925577 0.315725 0.061591
1 0.581081 0.325920 0.297297 0.059880
1 0.690418 0.445680 0.457002 0.061591
1 0.277641 0.445252 0.366093 0.060736
1 0.764128 0.864842 0.309582 0.059880
1 0.245086 0.265612 0.300983 0.060736
1 0.824939 0.325920 0.187961 0.059880
1 0.222973 0.745509 0.259214 0.060736
1 0.410934 0.865269 0.394349 0.059025
1 0.476658 0.805389 0.307125 0.059025
1 0.507985 0.085971 0.829238 0.060736
1 0.257371 0.504705 0.325553 0.058169
1 0.547297 0.265612 0.300983 0.060736
1 0.502457 0.745509 0.299754 0.060736
1 0.785627 0.745509 0.266585 0.060736
1 0.154177 0.864842 0.121622 0.059880
1 0.668919 0.505133 0.500000 0.059025
1 0.167076 0.385800 0.147420 0.059880
1 0.839066 0.925577 0.159705 0.061591
1 0.161548 0.205304 0.136364 0.059880
1 0.888821 0.385372 0.060197 0.059025
1 0.886978 0.205304 0.063882 0.059880
0 0.433047 0.926433 0.045455 0.035928
0 0.444103 0.507699 0.045455 0.035073
0 0.125921 0.689478 0.045455 0.035928
0 0.375307 0.749786 0.045455 0.035073
0 0.264742 0.388794 0.045455 0.035073
0 0.675676 0.750214 0.044226 0.035928
0 0.608722 0.147562 0.045455 0.035073
0 0.485258 0.447819 0.044226 0.035073
0 0.754300 0.330624 0.044226 0.035073
0 0.125921 0.925577 0.045455 0.035928
0 0.783170 0.928144 0.045455 0.035928
0 0.364865 0.147990 0.044226 0.035928
0 0.124693 0.748931 0.045455 0.035073
0 0.652948 0.809239 0.045455 0.035928
0 0.237715 0.866980 0.045455 0.035073
0 0.719902 0.267750 0.044226 0.035928
0 0.546683 0.388794 0.044226 0.035073
0 0.443489 0.691189 0.044226 0.035928
0 0.882064 0.389649 0.044226 0.035073
0 0.878993 0.210009 0.045455 0.035073
0 0.253071 0.208298 0.044226 0.035073
0 0.677518 0.692472 0.045455 0.035073
0 0.125921 0.808811 0.045455 0.035073
0 0.347052 0.809239 0.045455 0.035928
0 0.575553 0.209581 0.045455 0.035928
0 0.631450 0.867836 0.044226 0.035073
0 0.421376 0.267750 0.044226 0.035928
0 0.456388 0.330624 0.045455 0.035073
0 0.135135 0.505988 0.044226 0.035073