1 0.495700 0.385800 0.824324 0.179641
1 0.496929 0.595381 0.824324 0.119760
1 0.496314 0.115483 0.825553 0.119760
1 0.747543 0.685201 0.320639 0.059880
1 0.335995 0.685201 0.502457 0.059880
1 0.496314 0.805389 0.825553 0.059025
1 0.596437 0.505988 0.627764 0.060736
1 0.356265 0.265612 0.545455 0.060736
1 0.496314 0.926005 0.823096 0.062447
1 0.275799 0.745937 0.382064 0.059880
1 0.216830 0.864842 0.266585 0.059880
1 0.496314 0.205304 0.825553 0.059880
1 0.687346 0.745509 0.441032 0.060736
1 0.629607 0.864842 0.558968 0.059880
1 0.183661 0.505988 0.197789 0.060736
1 0.768428 0.265612 0.278870 0.060736
0 0.116708 0.925150 0.049140 0.038494
0 0.307740 0.513259 0.047912 0.037639
0 0.491400 0.750214 0.049140 0.037639
0 0.611179 0.691617 0.047912 0.038494
0 0.126536 0.808811 0.049140 0.038494
0 0.121622 0.149273 0.049140 0.038494
0 0.374693 0.869119 0.049140 0.037639
0 0.652334 0.271172 0.049140 0.037639