1 0.496314 0.386655 0.823096 0.179641
1 0.495086 0.836185 0.823096 0.242087
1 0.495700 0.115911 0.824324 0.120616
1 0.496314 0.595808 0.823096 0.118905
1 0.575553 0.505988 0.669533 0.060736
1 0.343980 0.205731 0.520885 0.059025
1 0.756143 0.205304 0.303440 0.059880
1 0.135749 0.685201 0.104423 0.059880
1 0.550983 0.265612 0.716216 0.060736
1 0.549754 0.685201 0.721130 0.059880
1 0.162776 0.505988 0.156020 0.059025
1 0.137592 0.266039 0.110565 0.061591
0 0.212531 0.684773 0.049140 0.038494
0 0.265356 0.508127 0.049140 0.037639
0 0.629607 0.210864 0.047912 0.038494
0 0.121622 0.923867 0.049140 0.037639
0 0.240172 0.270744 0.047912 0.038494