1 0.496314 0.355432 0.825553 0.240376
1 0.496929 0.866125 0.824324 0.180496
1 0.496314 0.625749 0.825553 0.178785
1 0.495086 0.115911 0.825553 0.120616
1 0.810811 0.205731 0.194103 0.059025
1 0.399263 0.205731 0.628993 0.059025
1 0.721130 0.505988 0.373464 0.060736
1 0.738943 0.745509 0.337838 0.060736
1 0.327396 0.745509 0.485258 0.060736
1 0.309582 0.505988 0.449631 0.059025
0 0.738329 0.212575 0.049140 0.038494
0 0.121622 0.922583 0.049140 0.038494
0 0.595209 0.748075 0.047912 0.038494
0 0.558354 0.505560 0.047912 0.037639