1 0.506757 0.445680 0.826781 0.179641
1 0.505528 0.866553 0.824324 0.181352
1 0.507371 0.236527 0.825553 0.120616
1 0.232187 0.745509 0.275184 0.060736
1 0.229115 0.325920 0.269042 0.058169
1 0.373464 0.146279 0.557740 0.059880
1 0.505528 0.655689 0.824324 0.118905
1 0.754300 0.566296 0.329238 0.059880
1 0.785627 0.145851 0.266585 0.059025
1 0.342138 0.565868 0.495086 0.060736
1 0.507371 0.085971 0.825553 0.060736
1 0.643735 0.745509 0.547912 0.060736
1 0.640663 0.325920 0.554054 0.059880
0 0.678747 0.153122 0.047912 0.037639
0 0.394963 0.747648 0.047912 0.039350
0 0.129607 0.924294 0.050369 0.038494
0 0.387592 0.330624 0.047912 0.038494
0 0.615479 0.566724 0.049140 0.038494