1 0.246314 0.685201 0.305897 0.059880
1 0.234644 0.266039 0.280098 0.061591
1 0.504914 0.505988 0.825553 0.060736
1 0.506143 0.355432 0.825553 0.118905
1 0.658477 0.685201 0.518428 0.059880
1 0.542383 0.805389 0.748157 0.059025
1 0.506757 0.625749 0.821867 0.059025
1 0.504914 0.745509 0.820639 0.060736
1 0.731572 0.566296 0.377150 0.059880
1 0.504300 0.205304 0.819410 0.059880
1 0.194717 0.145851 0.202703 0.059025
1 0.318796 0.566296 0.450860 0.059880
1 0.474201 0.445680 0.759214 0.059880
1 0.645577 0.265612 0.544226 0.060736
1 0.507371 0.865697 0.820639 0.061591
1 0.506143 0.085971 0.820639 0.060736
1 0.606880 0.146279 0.621622 0.059880
1 0.130221 0.805389 0.073710 0.059025
1 0.885749 0.445680 0.063882 0.061591
0 0.320639 0.146707 0.049140 0.038494
0 0.879607 0.450385 0.049140 0.038494
0 0.191646 0.807956 0.049140 0.038494
0 0.398649 0.273311 0.047912 0.038494
0 0.423219 0.689050 0.047912 0.038494
0 0.130221 0.865269 0.049140 0.038494
0 0.568796 0.571856 0.049140 0.038494