1 0.495700 0.291275 0.824324 0.118905
1 0.494472 0.111634 0.824324 0.118905
1 0.496314 0.531223 0.823096 0.119760
1 0.547912 0.860992 0.722359 0.060736
1 0.407248 0.381095 0.644963 0.060736
1 0.641278 0.621471 0.535627 0.059025
1 0.498157 0.681352 0.819410 0.060736
1 0.587838 0.801112 0.642506 0.059025
1 0.702703 0.201882 0.410319 0.059880
1 0.229730 0.621044 0.289926 0.059880
1 0.174447 0.801112 0.181818 0.059025
1 0.468673 0.741660 0.770270 0.059880
1 0.203931 0.441403 0.238329 0.059880
1 0.289926 0.201454 0.412776 0.060736
1 0.496929 0.922583 0.826781 0.062447
1 0.615479 0.441403 0.584767 0.059880
1 0.135749 0.860992 0.101966 0.060736
1 0.818796 0.381095 0.178133 0.060736
1 0.880835 0.741232 0.054054 0.059025
0 0.211916 0.860992 0.047912 0.038494
0 0.398649 0.625749 0.047912 0.038494
0 0.291155 0.801112 0.049140 0.038494
0 0.124079 0.920445 0.049140 0.037639
0 0.753686 0.385372 0.047912 0.038494
0 0.521499 0.204876 0.047912 0.038494
0 0.878378 0.744654 0.049140 0.038494
0 0.347052 0.443969 0.047912 0.037639