1 0.505528 0.685201 0.824324 0.179641
1 0.232801 0.205731 0.276413 0.059025
1 0.506143 0.295552 0.825553 0.120616
1 0.261057 0.385372 0.332924 0.059025
1 0.231572 0.146279 0.276413 0.059880
1 0.673219 0.385372 0.491400 0.059025
1 0.431204 0.505560 0.675676 0.059880
1 0.506757 0.896065 0.824324 0.120616
1 0.423833 0.804534 0.660934 0.060736
1 0.644963 0.205304 0.547912 0.059880
1 0.504914 0.445252 0.825553 0.060736
1 0.835995 0.804534 0.163391 0.060736
1 0.644349 0.145851 0.549140 0.059025
1 0.506757 0.085971 0.821867 0.060736
1 0.506757 0.565013 0.821867 0.059025
1 0.843366 0.505988 0.148649 0.059025
0 0.394963 0.148417 0.047912 0.038494
0 0.395577 0.210009 0.049140 0.038494
0 0.124079 0.922583 0.049140 0.038494
0 0.453317 0.387083 0.049140 0.038494
0 0.128378 0.565868 0.047912 0.038494
0 0.779484 0.807528 0.050369 0.039350
0 0.794226 0.505988 0.047912 0.038494