1 0.505528 0.715997 0.824324 0.119760
1 0.422604 0.505988 0.656020 0.060736
1 0.505528 0.115911 0.824324 0.120616
1 0.415233 0.385372 0.641278 0.059025
1 0.561425 0.864842 0.712531 0.059880
1 0.593366 0.805389 0.648649 0.059025
1 0.506757 0.295124 0.826781 0.119760
1 0.743243 0.566296 0.351351 0.059880
1 0.689803 0.625749 0.458231 0.059025
1 0.506757 0.445252 0.824324 0.060736
1 0.504914 0.926005 0.820639 0.062447
1 0.330467 0.566296 0.474201 0.059880
1 0.277027 0.625749 0.364865 0.059025
1 0.538698 0.205731 0.757985 0.059025
1 0.835381 0.505988 0.167076 0.060736
1 0.180590 0.805389 0.174447 0.059025
1 0.826781 0.385372 0.184275 0.059025
1 0.149263 0.864842 0.111794 0.059880
1 0.126536 0.205731 0.066339 0.059025
0 0.229115 0.864414 0.047912 0.038494
0 0.132678 0.925577 0.049140 0.037639
0 0.485258 0.625749 0.049140 0.038494
0 0.184275 0.208298 0.049140 0.038494
0 0.592752 0.564157 0.047912 0.038494
0 0.761057 0.389222 0.047912 0.037639
0 0.293612 0.808383 0.049140 0.037639
0 0.777641 0.506843 0.049140 0.038494