1 0.494500 0.081064 0.917000 0.063331
1 0.653500 0.143762 0.599000 0.062065
1 0.903500 0.259658 0.099000 0.059531
1 0.195000 0.143762 0.318000 0.062065
1 0.494500 0.202343 0.917000 0.055098
1 0.494500 0.320456 0.917000 0.062065
1 0.779500 0.382837 0.347000 0.062698
1 0.445000 0.259658 0.818000 0.059531
1 0.707000 0.444269 0.492000 0.060165
1 0.321000 0.382837 0.570000 0.062698
1 0.839500 0.503800 0.227000 0.058898
1 0.248500 0.444269 0.425000 0.060165
1 0.635500 0.563331 0.635000 0.060165
1 0.381000 0.503800 0.690000 0.058898
1 0.177000 0.563331 0.282000 0.060165
1 0.494500 0.623179 0.917000 0.059531
1 0.573500 0.683027 0.759000 0.060165
1 0.601500 0.862255 0.703000 0.062698
1 0.494500 0.772008 0.917000 0.117796
1 0.115000 0.683027 0.158000 0.060165
1 0.494500 0.929069 0.917000 0.070931
1 0.143000 0.862255 0.214000 0.062698
0 0.765000 0.501583 0.068000 0.046865
0 0.286000 0.857505 0.066000 0.048132
0 0.232000 0.681127 0.068000 0.048765
0 0.891000 0.258708 0.068000 0.046232
0 0.082500 0.919253 0.067000 0.047498
0 0.502000 0.440469 0.066000 0.044965
0 0.357500 0.559531 0.067000 0.046232
0 0.396000 0.141229 0.068000 0.048132
0 0.694500 0.383154 0.069000 0.046865