1 0.494500 0.082014 0.917000 0.063965
1 0.638500 0.142812 0.629000 0.057631
1 0.494500 0.232426 0.917000 0.121596
1 0.180000 0.142812 0.288000 0.057631
1 0.663500 0.323939 0.579000 0.061431
1 0.913500 0.504433 0.079000 0.061431
1 0.205000 0.323939 0.338000 0.061431
1 0.494500 0.414186 0.917000 0.119063
1 0.494500 0.564598 0.917000 0.058898
1 0.718000 0.625079 0.470000 0.062065
1 0.455000 0.504433 0.838000 0.061431
1 0.259500 0.625079 0.447000 0.062065
1 0.494500 0.745092 0.917000 0.177961
1 0.494500 0.899620 0.917000 0.131096
0 0.520500 0.621596 0.067000 0.047498
0 0.461500 0.321723 0.067000 0.046865
0 0.361000 0.140912 0.068000 0.046232
0 0.082000 0.926219 0.068000 0.046232
0 0.908000 0.503167 0.068000 0.047498
0 0.081000 0.804307 0.070000 0.048132