1 0.840500 0.271058 0.253000 0.060798
1 0.508500 0.181127 0.917000 0.119063
1 0.382000 0.271058 0.664000 0.060798
1 0.796000 0.331222 0.342000 0.059531
1 0.337500 0.331222 0.575000 0.059531
1 0.508500 0.419886 0.917000 0.117796
1 0.921500 0.509183 0.091000 0.060798
1 0.463000 0.509183 0.826000 0.060798
1 0.796000 0.627929 0.342000 0.058898
1 0.508500 0.569031 0.917000 0.058898
1 0.337500 0.627929 0.575000 0.058898
1 0.508500 0.687144 0.917000 0.059531
1 0.791000 0.748258 0.352000 0.062698
1 0.332500 0.748258 0.565000 0.062698
1 0.508500 0.808740 0.917000 0.058265
1 0.572500 0.865738 0.789000 0.055731
1 0.114000 0.865738 0.128000 0.055731
1 0.508500 0.929386 0.917000 0.071564
0 0.660000 0.626029 0.064000 0.046232
0 0.661000 0.329956 0.068000 0.046865
0 0.749000 0.269791 0.066000 0.048132
0 0.108000 0.924003 0.066000 0.045598
0 0.910500 0.506966 0.067000 0.047498
0 0.653500 0.745092 0.067000 0.047498
0 0.215500 0.865738 0.069000 0.048132