1 0.753500 0.143129 0.425000 0.058265
1 0.508000 0.082014 0.916000 0.063965
1 0.295500 0.143129 0.491000 0.058265
1 0.542500 0.202027 0.847000 0.059531
1 0.579000 0.261875 0.774000 0.060165
1 0.084500 0.202027 0.069000 0.059531
1 0.508000 0.322989 0.916000 0.062065
1 0.569000 0.384104 0.794000 0.060165
1 0.121000 0.261875 0.142000 0.060165
1 0.111000 0.384104 0.122000 0.060165
1 0.613500 0.445535 0.705000 0.062698
1 0.155500 0.445535 0.211000 0.062698
1 0.547500 0.507283 0.837000 0.060798
1 0.508000 0.568398 0.916000 0.061431
1 0.671000 0.628879 0.590000 0.059531
1 0.089500 0.507283 0.079000 0.060798
1 0.690500 0.686827 0.551000 0.056365
1 0.213000 0.628879 0.326000 0.059531
1 0.232500 0.686827 0.365000 0.056365
1 0.826500 0.749208 0.279000 0.068398
1 0.508000 0.811590 0.916000 0.056365
1 0.920500 0.871754 0.091000 0.063965
1 0.368500 0.749208 0.637000 0.068398
1 0.508000 0.934136 0.916000 0.060798
1 0.462500 0.871754 0.825000 0.063965
0 0.720000 0.746358 0.066000 0.047498
0 0.227000 0.261241 0.066000 0.047498
0 0.579500 0.139645 0.067000 0.047498
0 0.094500 0.931602 0.069000 0.049398
0 0.413000 0.626346 0.068000 0.046865
0 0.169500 0.505066 0.067000 0.047498
0 0.453000 0.686510 0.068000 0.048132
0 0.208000 0.382837 0.068000 0.048765
0 0.913000 0.868588 0.070000 0.048765
0 0.300000 0.444269 0.068000 0.048765
0 0.159000 0.199493 0.066000 0.046865