1 0.602000 0.145028 0.700000 0.060798
1 0.494500 0.081697 0.915000 0.065864
1 0.494500 0.206143 0.915000 0.061431
1 0.144500 0.145028 0.215000 0.060798
1 0.494500 0.297023 0.915000 0.120329
1 0.494500 0.386637 0.915000 0.058898
1 0.902000 0.447752 0.100000 0.063331
1 0.902000 0.507916 0.100000 0.056998
1 0.444500 0.447752 0.815000 0.063331
1 0.708000 0.628246 0.488000 0.064598
1 0.494500 0.566181 0.915000 0.059531
1 0.444500 0.507916 0.815000 0.056998
1 0.250500 0.628246 0.427000 0.064598
1 0.602000 0.689677 0.700000 0.058265
1 0.906500 0.808106 0.091000 0.060798
1 0.494500 0.748258 0.915000 0.058898
1 0.144500 0.689677 0.215000 0.058265
1 0.449000 0.808106 0.824000 0.060798
1 0.494500 0.901520 0.915000 0.126029
0 0.287500 0.685244 0.067000 0.045598
0 0.895000 0.807156 0.068000 0.048765
0 0.895500 0.506966 0.069000 0.047498
0 0.085000 0.203610 0.066000 0.046232
0 0.890500 0.444902 0.067000 0.047498
0 0.337000 0.144079 0.068000 0.047498
0 0.500000 0.627296 0.066000 0.046232
0 0.085000 0.324256 0.066000 0.045598
0 0.085500 0.926536 0.067000 0.045598