1 0.493000 0.145028 0.916000 0.192527
1 0.633500 0.270108 0.635000 0.057631
1 0.918000 0.510450 0.066000 0.059531
1 0.175500 0.270108 0.281000 0.057631
1 0.493000 0.389804 0.916000 0.181761
1 0.493000 0.601013 0.916000 0.121596
1 0.861500 0.689360 0.179000 0.055098
1 0.460000 0.510450 0.850000 0.059531
1 0.403500 0.689360 0.737000 0.055098
1 0.493000 0.747625 0.916000 0.061431
1 0.635500 0.809690 0.631000 0.062698
1 0.177500 0.809690 0.285000 0.062698
1 0.493000 0.902787 0.916000 0.123496
0 0.086500 0.446168 0.067000 0.047498
0 0.358500 0.807156 0.069000 0.048765
0 0.353000 0.266624 0.068000 0.048132
0 0.811500 0.685560 0.069000 0.046232
0 0.086000 0.926219 0.066000 0.046232