1 0.494500 0.107980 0.917000 0.117163
1 0.643500 0.199177 0.619000 0.065231
1 0.770500 0.258708 0.365000 0.053832
1 0.185000 0.199177 0.298000 0.065231
1 0.312000 0.258708 0.552000 0.053832
1 0.494500 0.346105 0.917000 0.120963
1 0.773000 0.438885 0.360000 0.064598
1 0.314500 0.438885 0.557000 0.064598
1 0.793500 0.501267 0.319000 0.060165
1 0.678500 0.561115 0.549000 0.059531
1 0.335000 0.501267 0.598000 0.060165
1 0.841000 0.682394 0.224000 0.058898
1 0.494500 0.621913 0.917000 0.062065
1 0.220000 0.561115 0.368000 0.059531
1 0.382500 0.682394 0.693000 0.058898
1 0.494500 0.740975 0.917000 0.058265
1 0.767000 0.800190 0.372000 0.060165
1 0.494500 0.897403 0.917000 0.134262
1 0.308500 0.800190 0.545000 0.060165
0 0.623500 0.259025 0.067000 0.046865
0 0.085500 0.918619 0.067000 0.048765
0 0.440000 0.559215 0.068000 0.046865
0 0.767500 0.677961 0.067000 0.048765
0 0.082000 0.259025 0.068000 0.046865
0 0.374000 0.200760 0.068000 0.046865
0 0.635000 0.439835 0.068000 0.047498
0 0.675500 0.796707 0.067000 0.046865
0 0.674000 0.497150 0.068000 0.046865