1 0.507500 0.182394 0.919000 0.115263
1 0.690000 0.271058 0.554000 0.062065
1 0.507500 0.330272 0.919000 0.056365
1 0.787500 0.390437 0.359000 0.063965
1 0.230500 0.271058 0.365000 0.062065
1 0.328000 0.390437 0.560000 0.063965
1 0.635500 0.568081 0.663000 0.060798
1 0.507500 0.480051 0.919000 0.115263
1 0.832500 0.687144 0.269000 0.056998
1 0.507500 0.628562 0.919000 0.060165
1 0.176000 0.568081 0.256000 0.060798
1 0.694500 0.745408 0.545000 0.059531
1 0.373000 0.687144 0.650000 0.056998
1 0.235000 0.745408 0.374000 0.059531
1 0.800500 0.863838 0.333000 0.060798
1 0.507500 0.804307 0.919000 0.058265
1 0.507500 0.929386 0.919000 0.070298
1 0.341000 0.863838 0.586000 0.060798
0 0.737500 0.682711 0.067000 0.048132
0 0.644500 0.386954 0.067000 0.045598
0 0.095000 0.923053 0.068000 0.046232
0 0.463000 0.742242 0.066000 0.046865
0 0.446500 0.268524 0.067000 0.049398
0 0.672000 0.860988 0.068000 0.047498
0 0.339500 0.565231 0.069000 0.046232