1 0.508500 0.082331 0.917000 0.063331
1 0.680500 0.145028 0.573000 0.062065
1 0.222000 0.145028 0.344000 0.062065
1 0.543000 0.205193 0.848000 0.058265
1 0.084500 0.205193 0.069000 0.058265
1 0.508500 0.263775 0.917000 0.058898
1 0.508500 0.325522 0.917000 0.064598
1 0.813000 0.386320 0.308000 0.056998
1 0.508500 0.474984 0.917000 0.120329
1 0.354500 0.386320 0.609000 0.056998
1 0.668000 0.568398 0.598000 0.066498
1 0.622500 0.629829 0.689000 0.056365
1 0.209500 0.568398 0.319000 0.066498
1 0.164000 0.629829 0.228000 0.056365
1 0.924500 0.743192 0.085000 0.060165
1 0.508500 0.685560 0.917000 0.055098
1 0.924500 0.804623 0.085000 0.062698
1 0.466000 0.743192 0.832000 0.060165
1 0.508500 0.900570 0.917000 0.129196
1 0.466000 0.804623 0.832000 0.062698
0 0.916500 0.745725 0.067000 0.048765
0 0.917000 0.809056 0.066000 0.047498
0 0.694500 0.384104 0.067000 0.046232
0 0.311500 0.624129 0.067000 0.046232
0 0.408500 0.564915 0.069000 0.046865
0 0.102500 0.929069 0.069000 0.046865
0 0.434500 0.143129 0.067000 0.048132
0 0.102000 0.263141 0.068000 0.046232
0 0.152500 0.203610 0.067000 0.047498