1 0.778500 0.143129 0.351000 0.059531
1 0.495000 0.081697 0.918000 0.063331
1 0.319500 0.143129 0.567000 0.059531
1 0.495000 0.202660 0.918000 0.059531
1 0.629500 0.263775 0.649000 0.062698
1 0.170500 0.263775 0.269000 0.062698
1 0.495000 0.352755 0.918000 0.115263
1 0.495000 0.472768 0.918000 0.124763
1 0.781000 0.563648 0.346000 0.056998
1 0.322000 0.563648 0.572000 0.056998
1 0.909000 0.743192 0.090000 0.062698
1 0.495000 0.651995 0.918000 0.119696
1 0.450000 0.743192 0.828000 0.062698
1 0.712500 0.803040 0.483000 0.056998
1 0.495000 0.898037 0.918000 0.132996
1 0.253500 0.803040 0.435000 0.056998
0 0.345500 0.260608 0.067000 0.046232
0 0.899000 0.740025 0.066000 0.046232
0 0.646500 0.558898 0.067000 0.047498
0 0.638500 0.142179 0.067000 0.047498
0 0.082000 0.920836 0.068000 0.046865
0 0.509000 0.798290 0.068000 0.047498
0 0.083000 0.381254 0.068000 0.046865