1 0.495000 0.109563 0.918000 0.120329
1 0.626500 0.202343 0.655000 0.065231
1 0.167500 0.202343 0.263000 0.065231
1 0.495000 0.264725 0.918000 0.059531
1 0.568500 0.324256 0.771000 0.059531
1 0.495000 0.381571 0.918000 0.055098
1 0.109500 0.324256 0.147000 0.059531
1 0.574000 0.440152 0.760000 0.062065
1 0.668500 0.562065 0.571000 0.063965
1 0.115000 0.440152 0.158000 0.062065
1 0.495000 0.500633 0.918000 0.058898
1 0.209500 0.562065 0.347000 0.063965
1 0.713500 0.735592 0.481000 0.057631
1 0.495000 0.650412 0.918000 0.112730
1 0.254500 0.735592 0.437000 0.057631
1 0.495000 0.794807 0.918000 0.060798
1 0.906500 0.856555 0.095000 0.062698
1 0.495000 0.926536 0.918000 0.077264
1 0.447500 0.856555 0.823000 0.062698
0 0.230500 0.437619 0.067000 0.045598
0 0.508500 0.734326 0.065000 0.047498
0 0.093500 0.914186 0.069000 0.046232
0 0.419500 0.556998 0.067000 0.047498
0 0.336000 0.201393 0.066000 0.046865
0 0.890000 0.853705 0.068000 0.046865
0 0.219000 0.320456 0.066000 0.046865