1 0.507000 0.111463 0.916000 0.121596
1 0.919000 0.322989 0.092000 0.059531
1 0.507000 0.232742 0.916000 0.120963
1 0.865500 0.382521 0.199000 0.059531
1 0.461000 0.322989 0.824000 0.059531
1 0.407500 0.382521 0.717000 0.059531
1 0.722500 0.440785 0.485000 0.056998
1 0.802500 0.563648 0.325000 0.062065
1 0.264500 0.440785 0.431000 0.056998
1 0.507000 0.500950 0.916000 0.063331
1 0.507000 0.623813 0.916000 0.058265
1 0.920500 0.685244 0.089000 0.064598
1 0.344500 0.563648 0.591000 0.062065
1 0.521500 0.685244 0.709000 0.064598
1 0.507000 0.776441 0.916000 0.117796
1 0.108000 0.685244 0.118000 0.064598
1 0.606000 0.866688 0.718000 0.062698
1 0.148000 0.866688 0.198000 0.062698
1 0.507000 0.931286 0.916000 0.066498
0 0.801500 0.380304 0.067000 0.047498
0 0.095500 0.926219 0.069000 0.046232
0 0.677500 0.563331 0.067000 0.046232
0 0.096000 0.142179 0.068000 0.047498
0 0.282000 0.862571 0.068000 0.046865
0 0.912500 0.683027 0.069000 0.047498
0 0.202500 0.682711 0.067000 0.048132
0 0.516000 0.440785 0.068000 0.046865
0 0.910500 0.319823 0.069000 0.046865