1 0.508000 0.081697 0.916000 0.063331
1 0.732000 0.143129 0.468000 0.059531
1 0.508000 0.203927 0.916000 0.062065
1 0.274000 0.143129 0.448000 0.059531
1 0.922500 0.264091 0.087000 0.058265
1 0.604500 0.322989 0.723000 0.059531
1 0.464500 0.264091 0.829000 0.058265
1 0.146500 0.322989 0.193000 0.059531
1 0.699500 0.383154 0.533000 0.060798
1 0.241500 0.383154 0.383000 0.060798
1 0.764500 0.444902 0.403000 0.062698
1 0.924000 0.564281 0.084000 0.060798
1 0.306500 0.444902 0.513000 0.062698
1 0.508000 0.505066 0.916000 0.057631
1 0.466000 0.564281 0.832000 0.060798
1 0.697500 0.625396 0.537000 0.061431
1 0.716000 0.687144 0.500000 0.062065
1 0.239500 0.625396 0.379000 0.061431
1 0.258000 0.687144 0.416000 0.062065
1 0.636500 0.747625 0.659000 0.058898
1 0.178500 0.747625 0.257000 0.058898
1 0.610500 0.806523 0.711000 0.058898
1 0.542000 0.867004 0.848000 0.062065
1 0.152500 0.806523 0.205000 0.058898
1 0.508000 0.930969 0.916000 0.065864
1 0.084000 0.867004 0.068000 0.062065
0 0.466000 0.623179 0.068000 0.046865
0 0.918000 0.561748 0.068000 0.046865
0 0.092000 0.924319 0.068000 0.046232
0 0.466000 0.382521 0.068000 0.048132
0 0.918000 0.259975 0.066000 0.046232
0 0.283500 0.319823 0.067000 0.048132
0 0.346000 0.745408 0.068000 0.048132
0 0.153000 0.864471 0.070000 0.046865
0 0.294500 0.803990 0.069000 0.048765
0 0.598000 0.440785 0.068000 0.046865
0 0.533500 0.141545 0.069000 0.048765
0 0.555000 0.683027 0.068000 0.047498