1 0.494500 0.080431 0.917000 0.060798
1 0.786500 0.140912 0.333000 0.060165
1 0.494500 0.262825 0.917000 0.183661
1 0.909500 0.386637 0.087000 0.063965
1 0.328000 0.140912 0.584000 0.060165
1 0.909500 0.503800 0.087000 0.056365
1 0.494500 0.447118 0.917000 0.056998
1 0.451000 0.386637 0.830000 0.063965
1 0.776000 0.563965 0.354000 0.063965
1 0.451000 0.503800 0.830000 0.056365
1 0.736000 0.689044 0.434000 0.063331
1 0.494500 0.626662 0.917000 0.061431
1 0.317500 0.563965 0.563000 0.063965
1 0.277500 0.689044 0.483000 0.063331
1 0.494500 0.748892 0.917000 0.056365
1 0.494500 0.806840 0.917000 0.059531
1 0.666500 0.867321 0.573000 0.061431
1 0.208000 0.867321 0.344000 0.061431
1 0.494500 0.931286 0.917000 0.066498
0 0.901500 0.382204 0.069000 0.048765
0 0.091000 0.926219 0.068000 0.046232
0 0.090500 0.743192 0.067000 0.048765
0 0.901500 0.501267 0.067000 0.046232
0 0.419500 0.864471 0.069000 0.046865
0 0.654000 0.141229 0.068000 0.048132
0 0.555500 0.683661 0.067000 0.047498
0 0.633500 0.563331 0.067000 0.048765