1 0.493000 0.082014 0.916000 0.066498
1 0.780500 0.143762 0.341000 0.056998
1 0.322500 0.143762 0.575000 0.056998
1 0.493000 0.232742 0.916000 0.120963
1 0.905000 0.322356 0.092000 0.058265
1 0.447000 0.322356 0.824000 0.058265
1 0.742500 0.379671 0.417000 0.056365
1 0.493000 0.498417 0.916000 0.181127
1 0.284500 0.379671 0.499000 0.056365
1 0.493000 0.651362 0.916000 0.124763
1 0.786500 0.743825 0.329000 0.060165
1 0.493000 0.805256 0.916000 0.062698
1 0.328500 0.743825 0.587000 0.060165
1 0.692000 0.865738 0.518000 0.058265
1 0.493000 0.929702 0.916000 0.069664
1 0.234000 0.865738 0.398000 0.058265
0 0.089500 0.561115 0.067000 0.046865
0 0.646500 0.143129 0.065000 0.048132
0 0.093500 0.921786 0.067000 0.047498
0 0.660000 0.740342 0.064000 0.046865
0 0.568500 0.378404 0.067000 0.047498
0 0.476500 0.860355 0.067000 0.048765
0 0.892000 0.320139 0.068000 0.048765