1 0.508000 0.083914 0.918000 0.066498
1 0.582500 0.146295 0.769000 0.058265
1 0.508000 0.205193 0.918000 0.059531
1 0.830000 0.267258 0.274000 0.064598
1 0.123500 0.146295 0.149000 0.058265
1 0.508000 0.328372 0.918000 0.057631
1 0.371000 0.267258 0.644000 0.064598
1 0.898000 0.389804 0.138000 0.065231
1 0.439000 0.389804 0.780000 0.065231
1 0.677500 0.509816 0.579000 0.059531
1 0.508000 0.451235 0.918000 0.057631
1 0.813500 0.629196 0.307000 0.062698
1 0.218500 0.509816 0.339000 0.059531
1 0.508000 0.568714 0.918000 0.058265
1 0.593500 0.688727 0.747000 0.056365
1 0.354500 0.629196 0.611000 0.062698
1 0.134500 0.688727 0.171000 0.056365
1 0.508000 0.750158 0.918000 0.066498
1 0.508000 0.873971 0.918000 0.181127
0 0.920000 0.385054 0.068000 0.046865
0 0.232500 0.146295 0.069000 0.048132
0 0.425000 0.506966 0.070000 0.050032
0 0.097000 0.925902 0.068000 0.046865
0 0.262500 0.687460 0.069000 0.046232
0 0.731000 0.265358 0.068000 0.048132
0 0.694000 0.626346 0.068000 0.046865
0 0.099500 0.746358 0.067000 0.048765