1 0.758500 0.084231 0.417000 0.068398
1 0.300000 0.084231 0.500000 0.068398
1 0.827000 0.267574 0.280000 0.062698
1 0.508500 0.207093 0.917000 0.058265
1 0.558500 0.267574 0.257000 0.062698
1 0.921000 0.329006 0.092000 0.060165
1 0.240000 0.267574 0.380000 0.062698
1 0.462500 0.329006 0.825000 0.060165
1 0.556500 0.388220 0.821000 0.058265
1 0.098000 0.388220 0.096000 0.058265
1 0.734500 0.447118 0.465000 0.059531
1 0.276000 0.447118 0.452000 0.059531
1 0.919500 0.506016 0.095000 0.058265
1 0.615000 0.506016 0.514000 0.058265
1 0.204000 0.506016 0.308000 0.058265
1 0.902500 0.564281 0.129000 0.058265
1 0.625500 0.564281 0.425000 0.058265
1 0.231500 0.564281 0.363000 0.058265
1 0.788500 0.744775 0.357000 0.060798
1 0.508500 0.683977 0.917000 0.060798
1 0.433000 0.744775 0.354000 0.060798
1 0.153000 0.744775 0.206000 0.060798
1 0.852500 0.803990 0.229000 0.057631
1 0.525000 0.803990 0.426000 0.057631
1 0.824000 0.860671 0.286000 0.055731
1 0.181000 0.803990 0.262000 0.057631
1 0.475000 0.860671 0.412000 0.055731
1 0.159500 0.860671 0.219000 0.055731
1 0.807000 0.926536 0.320000 0.075997
1 0.348500 0.926536 0.597000 0.075997
0 0.307500 0.861621 0.067000 0.047498
0 0.683000 0.920519 0.066000 0.047498
0 0.718500 0.861305 0.067000 0.045598
0 0.185500 0.386954 0.067000 0.045598
0 0.539000 0.445852 0.068000 0.046865
0 0.464500 0.267891 0.067000 0.048132
0 0.107000 0.920836 0.066000 0.046865
0 0.346500 0.799873 0.067000 0.046865
0 0.584500 0.089614 0.067000 0.046232
0 0.108000 0.089614 0.064000 0.046232
0 0.725500 0.267258 0.067000 0.048132
0 0.289000 0.741925 0.066000 0.047498
0 0.647000 0.742559 0.068000 0.047498
0 0.911000 0.505700 0.068000 0.047498
0 0.876000 0.565864 0.066000 0.046232
0 0.453000 0.566181 0.068000 0.046865
0 0.913000 0.327422 0.068000 0.046865
0 0.106000 0.325839 0.066000 0.044965
0 0.144500 0.565231 0.067000 0.046232
0 0.393500 0.505383 0.065000 0.048132
0 0.773000 0.800190 0.068000 0.046232