1 0.507000 0.082014 0.916000 0.063965
1 0.548500 0.144712 0.833000 0.061431
1 0.507000 0.205510 0.916000 0.060165
1 0.090500 0.144712 0.083000 0.061431
1 0.799000 0.262825 0.332000 0.054465
1 0.341000 0.262825 0.584000 0.054465
1 0.507000 0.322989 0.916000 0.065864
1 0.507000 0.448385 0.916000 0.184927
1 0.507000 0.569348 0.916000 0.056998
1 0.726000 0.627929 0.478000 0.060165
1 0.268000 0.627929 0.438000 0.060165
1 0.507000 0.686827 0.916000 0.057631
1 0.874500 0.806523 0.181000 0.058898
1 0.507000 0.746358 0.916000 0.061431
1 0.416500 0.806523 0.735000 0.058898
1 0.812500 0.867954 0.305000 0.063965
1 0.354500 0.867954 0.611000 0.063965
1 0.507000 0.932236 0.916000 0.064598
0 0.820500 0.805256 0.073000 0.048765
0 0.092000 0.925269 0.066000 0.045598
0 0.096000 0.682077 0.074000 0.049398
0 0.664500 0.259658 0.063000 0.045598
0 0.092000 0.321406 0.064000 0.047498
0 0.520000 0.623179 0.066000 0.045598
0 0.091500 0.504433 0.067000 0.047498
0 0.696000 0.868271 0.068000 0.049398
0 0.173500 0.141229 0.067000 0.046865