1 0.493000 0.081381 0.914000 0.062698
1 0.608500 0.143762 0.683000 0.062065
1 0.597500 0.262825 0.705000 0.060798
1 0.493000 0.203610 0.914000 0.057631
1 0.151500 0.143762 0.231000 0.062065
1 0.684000 0.444585 0.532000 0.065864
1 0.493000 0.352438 0.914000 0.118429
1 0.140500 0.262825 0.209000 0.060798
1 0.701500 0.563331 0.497000 0.062698
1 0.493000 0.504750 0.914000 0.054465
1 0.227000 0.444585 0.382000 0.065864
1 0.905500 0.684294 0.089000 0.056365
1 0.244500 0.563331 0.417000 0.062698
1 0.493000 0.625396 0.914000 0.061431
1 0.448500 0.684294 0.825000 0.056365
1 0.493000 0.743825 0.914000 0.062698
1 0.908000 0.805256 0.084000 0.060165
1 0.451000 0.805256 0.830000 0.060165
1 0.493000 0.899937 0.914000 0.129196
0 0.900000 0.683977 0.068000 0.046865
0 0.309500 0.144079 0.069000 0.047498
0 0.082500 0.683661 0.067000 0.046232
0 0.900000 0.802723 0.068000 0.046232
0 0.283000 0.264091 0.066000 0.045598
0 0.457000 0.441419 0.068000 0.048132
0 0.084500 0.926219 0.067000 0.046232
0 0.494500 0.560798 0.067000 0.046232