1 0.493000 0.144452 0.916000 0.189413
1 0.709500 0.268495 0.483000 0.058673
1 0.493000 0.388074 0.916000 0.180485
1 0.251500 0.268495 0.433000 0.058673
1 0.605000 0.509566 0.692000 0.062500
1 0.906000 0.750638 0.090000 0.057398
1 0.493000 0.631378 0.916000 0.181122
1 0.147000 0.509566 0.224000 0.062500
1 0.493000 0.808355 0.916000 0.058036
1 0.448000 0.750638 0.826000 0.057398
1 0.493000 0.904018 0.916000 0.133291
0 0.088000 0.808355 0.068000 0.047832
0 0.897000 0.747449 0.068000 0.047194
0 0.506500 0.266263 0.069000 0.047832
0 0.294000 0.506059 0.068000 0.049107
0 0.086500 0.928253 0.067000 0.046556