1 0.725000 0.262508 0.482000 0.062698
1 0.508500 0.140279 0.915000 0.181761
1 0.267500 0.262508 0.433000 0.062698
1 0.508500 0.352755 0.915000 0.117796
1 0.799500 0.443635 0.333000 0.063965
1 0.342000 0.443635 0.582000 0.063965
1 0.508500 0.504750 0.915000 0.058265
1 0.924000 0.625712 0.084000 0.062065
1 0.508500 0.564281 0.915000 0.060798
1 0.466500 0.625712 0.831000 0.062065
1 0.875500 0.687144 0.181000 0.060798
1 0.418000 0.687144 0.734000 0.060798
1 0.508500 0.744459 0.915000 0.053832
1 0.601000 0.804623 0.730000 0.066498
1 0.508500 0.901837 0.915000 0.127929
1 0.143500 0.804623 0.185000 0.066498
0 0.817500 0.682711 0.065000 0.048132
0 0.917000 0.621596 0.066000 0.046232
0 0.664500 0.441419 0.069000 0.048132
0 0.518500 0.258391 0.067000 0.046865
0 0.101500 0.501267 0.069000 0.046232
0 0.277000 0.803990 0.068000 0.047498
0 0.101500 0.928436 0.067000 0.046865