1 0.508500 0.075997 0.917000 0.053198
1 0.678000 0.135212 0.578000 0.065231
1 0.219000 0.135212 0.340000 0.065231
1 0.836000 0.318873 0.262000 0.060165
1 0.508000 0.228309 0.918000 0.120963
1 0.377000 0.318873 0.656000 0.060165
1 0.508000 0.410070 0.918000 0.122229
1 0.832500 0.501583 0.269000 0.060798
1 0.373500 0.501583 0.649000 0.060798
1 0.508000 0.594997 0.918000 0.126029
1 0.711000 0.685244 0.512000 0.054465
1 0.252000 0.685244 0.406000 0.054465
1 0.810500 0.870804 0.313000 0.063331
1 0.508000 0.775807 0.918000 0.126662
1 0.351500 0.870804 0.605000 0.063331
1 0.508000 0.933186 0.918000 0.061431
0 0.425000 0.136162 0.068000 0.048132
0 0.491000 0.683661 0.068000 0.048765
0 0.095000 0.930019 0.070000 0.048765
0 0.738500 0.316973 0.067000 0.048765
0 0.689500 0.868588 0.069000 0.050032
0 0.732500 0.499050 0.069000 0.048132