1 0.711000 0.142179 0.508000 0.057631
1 0.507500 0.081697 0.915000 0.063331
1 0.253500 0.142179 0.407000 0.057631
1 0.507500 0.201393 0.915000 0.060798
1 0.678500 0.260925 0.573000 0.058265
1 0.221000 0.260925 0.342000 0.058265
1 0.507500 0.318556 0.915000 0.056998
1 0.550000 0.377454 0.830000 0.060798
1 0.092500 0.377454 0.085000 0.060798
1 0.507500 0.467068 0.915000 0.118429
1 0.572500 0.557631 0.785000 0.062698
1 0.507500 0.650728 0.915000 0.123496
1 0.115000 0.557631 0.130000 0.062698
1 0.921500 0.743192 0.087000 0.061431
1 0.464000 0.743192 0.828000 0.061431
1 0.848500 0.803673 0.233000 0.059531
1 0.391000 0.803673 0.682000 0.059531
1 0.611000 0.865104 0.708000 0.063331
1 0.507500 0.930652 0.915000 0.067764
1 0.153500 0.865104 0.207000 0.063331
0 0.425500 0.258708 0.067000 0.047498
0 0.769000 0.804307 0.068000 0.048132
0 0.914000 0.742242 0.068000 0.048132
0 0.291000 0.862255 0.068000 0.047498
0 0.175500 0.378404 0.069000 0.048765
0 0.495000 0.138062 0.068000 0.046865
0 0.215000 0.559531 0.066000 0.047498
0 0.103500 0.924636 0.067000 0.045598