1 0.508000 0.082647 0.916000 0.065231
1 0.922000 0.143762 0.088000 0.056998
1 0.464000 0.143762 0.828000 0.056998
1 0.857500 0.202660 0.217000 0.060798
1 0.546500 0.202660 0.405000 0.060798
1 0.197000 0.202660 0.294000 0.060798
1 0.809000 0.263141 0.314000 0.060165
1 0.405000 0.263141 0.494000 0.060165
1 0.104000 0.263141 0.108000 0.060165
1 0.545000 0.323306 0.842000 0.060165
1 0.087000 0.323306 0.074000 0.060165
1 0.602000 0.383787 0.728000 0.060798
1 0.144000 0.383787 0.188000 0.060798
1 0.787000 0.443002 0.358000 0.057631
1 0.329000 0.443002 0.558000 0.057631
1 0.701000 0.500000 0.530000 0.056365
1 0.243000 0.500000 0.386000 0.056365
1 0.508000 0.620963 0.916000 0.063965
1 0.877500 0.682711 0.177000 0.059531
1 0.689500 0.682711 0.199000 0.059531
1 0.417500 0.682711 0.345000 0.059531
1 0.816000 0.738759 0.300000 0.052565
1 0.147500 0.682711 0.195000 0.059531
1 0.401000 0.738759 0.530000 0.052565
1 0.634000 0.799240 0.664000 0.068398
1 0.093000 0.738759 0.086000 0.052565
1 0.176000 0.799240 0.252000 0.068398
1 0.734500 0.928119 0.463000 0.072831
1 0.508000 0.862571 0.916000 0.058265
1 0.276500 0.928119 0.453000 0.072831
0 0.701500 0.739075 0.065000 0.046865
0 0.682500 0.260608 0.067000 0.046232
0 0.624500 0.681444 0.067000 0.048132
0 0.821500 0.681444 0.067000 0.048132
0 0.106000 0.918619 0.068000 0.048765
0 0.781000 0.201393 0.066000 0.045598
0 0.641500 0.440785 0.065000 0.046865
0 0.192000 0.262191 0.068000 0.045598
0 0.171500 0.739075 0.067000 0.046865
0 0.540000 0.918619 0.070000 0.050032
0 0.273500 0.380621 0.067000 0.048132
0 0.914500 0.142179 0.067000 0.047498
0 0.279500 0.681444 0.067000 0.048132
0 0.469000 0.501267 0.066000 0.044965
0 0.377500 0.202660 0.067000 0.045598
0 0.103000 0.500317 0.066000 0.043065
0 0.338000 0.800823 0.070000 0.048765
0 0.160500 0.321406 0.067000 0.046232