1 0.890000 0.204230 0.150000 0.062500
1 0.502000 0.144886 0.926000 0.056187
1 0.586500 0.204230 0.457000 0.062500
1 0.538000 0.263889 0.854000 0.056818
1 0.199000 0.204230 0.318000 0.062500
1 0.656500 0.388573 0.617000 0.058712
1 0.502500 0.325758 0.925000 0.066919
1 0.075500 0.263889 0.071000 0.056818
1 0.687000 0.449179 0.556000 0.062500
1 0.194000 0.388573 0.308000 0.058712
1 0.539000 0.509154 0.852000 0.057449
1 0.224500 0.449179 0.369000 0.062500
1 0.784000 0.811553 0.362000 0.056187
1 0.502500 0.660669 0.925000 0.245581
1 0.076500 0.509154 0.073000 0.057449
1 0.643000 0.870265 0.644000 0.061237
1 0.321500 0.811553 0.563000 0.056187
1 0.180500 0.870265 0.281000 0.061237
1 0.502500 0.935922 0.925000 0.070076
0 0.640000 0.807134 0.068000 0.048611
0 0.384000 0.385417 0.066000 0.046086
0 0.148000 0.507891 0.068000 0.048611
0 0.087000 0.930240 0.066000 0.048611
0 0.391500 0.206755 0.069000 0.048611
0 0.443500 0.446023 0.069000 0.047348
0 0.148000 0.265152 0.068000 0.047980
0 0.849500 0.206439 0.069000 0.047980
0 0.357500 0.869318 0.069000 0.049242