1 0.728500 0.081381 0.477000 0.062698
1 0.270000 0.081381 0.440000 0.062698
1 0.658000 0.202027 0.618000 0.064598
1 0.508500 0.141229 0.917000 0.056998
1 0.508500 0.325839 0.917000 0.183027
1 0.199500 0.202027 0.299000 0.064598
1 0.772500 0.446485 0.389000 0.058265
1 0.314000 0.446485 0.528000 0.058265
1 0.852000 0.507600 0.230000 0.063965
1 0.517500 0.507600 0.439000 0.063965
1 0.760000 0.566181 0.414000 0.053198
1 0.174000 0.507600 0.248000 0.063965
1 0.301500 0.566181 0.503000 0.053198
1 0.827000 0.626346 0.280000 0.067131
1 0.368500 0.626346 0.637000 0.067131
1 0.922500 0.687144 0.089000 0.054465
1 0.864500 0.810006 0.205000 0.051932
1 0.464000 0.687144 0.828000 0.054465
1 0.508500 0.749208 0.917000 0.069664
1 0.406000 0.810006 0.712000 0.051932
1 0.879000 0.869854 0.176000 0.067764
1 0.578000 0.869854 0.426000 0.067764
1 0.207500 0.869854 0.315000 0.067764
1 0.741000 0.934136 0.452000 0.060798
1 0.282500 0.934136 0.465000 0.060798
0 0.799500 0.807473 0.067000 0.048132
0 0.725000 0.625712 0.068000 0.046865
0 0.591000 0.565231 0.068000 0.048765
0 0.406000 0.867638 0.068000 0.048132
0 0.828000 0.867321 0.066000 0.047498
0 0.101000 0.930969 0.068000 0.048132
0 0.331500 0.505066 0.067000 0.048765
0 0.773000 0.505066 0.068000 0.047498
0 0.385000 0.203293 0.066000 0.046865
0 0.550500 0.930336 0.067000 0.048132
0 0.526000 0.082331 0.068000 0.048132
0 0.614000 0.444269 0.068000 0.048765
0 0.910500 0.684294 0.067000 0.046232
0 0.099000 0.382521 0.066000 0.048132