1 0.495000 0.083281 0.918000 0.067764
1 0.495000 0.143762 0.918000 0.053198
1 0.762500 0.202027 0.383000 0.063331
1 0.495000 0.263141 0.918000 0.058898
1 0.836500 0.323939 0.235000 0.062698
1 0.303500 0.202027 0.535000 0.063331
1 0.583500 0.385687 0.741000 0.060798
1 0.377500 0.323939 0.683000 0.062698
1 0.124500 0.385687 0.177000 0.060798
1 0.495000 0.444585 0.918000 0.056998
1 0.853500 0.626346 0.201000 0.058265
1 0.495000 0.567131 0.918000 0.060165
1 0.506000 0.626346 0.494000 0.058265
1 0.530500 0.685244 0.847000 0.059531
1 0.147500 0.626346 0.223000 0.058265
1 0.799000 0.868271 0.310000 0.059531
1 0.071500 0.685244 0.071000 0.059531
1 0.495000 0.776757 0.918000 0.123496
1 0.340000 0.868271 0.608000 0.059531
1 0.495000 0.931602 0.918000 0.067131
0 0.091500 0.083597 0.067000 0.048132
0 0.090500 0.444585 0.067000 0.046865
0 0.143500 0.685560 0.069000 0.046232
0 0.251500 0.383471 0.067000 0.048765
0 0.681000 0.864788 0.066000 0.046232
0 0.089500 0.928119 0.067000 0.046232
0 0.605000 0.202660 0.068000 0.048132
0 0.295000 0.627929 0.068000 0.047498
0 0.790000 0.626662 0.068000 0.047498
0 0.753500 0.323939 0.067000 0.046232