1 0.493500 0.170044 0.915000 0.241292
1 0.493500 0.320456 0.915000 0.059531
1 0.635000 0.382204 0.632000 0.063965
1 0.177500 0.382204 0.283000 0.063965
1 0.493500 0.475934 0.915000 0.123496
1 0.831500 0.567131 0.239000 0.058898
1 0.706000 0.626979 0.490000 0.060798
1 0.374000 0.567131 0.676000 0.058898
1 0.248500 0.626979 0.425000 0.060798
1 0.493500 0.689360 0.915000 0.063965
1 0.781000 0.749842 0.340000 0.056998
1 0.493500 0.871754 0.915000 0.186827
1 0.323500 0.749842 0.575000 0.056998
0 0.086500 0.259658 0.067000 0.046865
0 0.645000 0.745725 0.068000 0.048765
0 0.504500 0.624763 0.067000 0.044965
0 0.743500 0.563331 0.067000 0.047498
0 0.086500 0.925586 0.067000 0.046232
0 0.357000 0.380937 0.068000 0.048765