1 0.508000 0.083281 0.916000 0.067764
1 0.773500 0.145662 0.385000 0.056998
1 0.508000 0.206143 0.916000 0.063965
1 0.786000 0.266624 0.360000 0.056998
1 0.315500 0.145662 0.531000 0.056998
1 0.571500 0.325522 0.789000 0.060798
1 0.328000 0.266624 0.556000 0.056998
1 0.113500 0.325522 0.127000 0.060798
1 0.644500 0.563331 0.643000 0.056365
1 0.508000 0.445535 0.916000 0.179227
1 0.508000 0.653895 0.916000 0.124763
1 0.186500 0.563331 0.273000 0.056365
1 0.773500 0.745408 0.385000 0.058265
1 0.508000 0.803990 0.916000 0.058898
1 0.315500 0.745408 0.531000 0.058265
1 0.508000 0.899303 0.916000 0.131729
0 0.617500 0.742242 0.069000 0.048132
0 0.098500 0.922736 0.065000 0.046865
0 0.617000 0.145345 0.068000 0.047498
0 0.690500 0.263775 0.069000 0.047498
0 0.359000 0.563331 0.066000 0.044965
0 0.214000 0.325206 0.066000 0.046232
0 0.098000 0.800823 0.064000 0.046232