1 0.507500 0.151045 0.919000 0.060165
1 0.595000 0.211210 0.744000 0.060165
1 0.136500 0.211210 0.173000 0.060165
1 0.508500 0.272641 0.917000 0.062698
1 0.508500 0.334072 0.917000 0.060165
1 0.652500 0.393920 0.629000 0.059531
1 0.194000 0.393920 0.288000 0.059531
1 0.642000 0.451868 0.650000 0.056365
1 0.866000 0.570614 0.202000 0.059531
1 0.508500 0.510450 0.917000 0.060798
1 0.183500 0.451868 0.267000 0.056365
1 0.922500 0.631729 0.089000 0.062698
1 0.407500 0.570614 0.715000 0.059531
1 0.559500 0.631729 0.637000 0.062698
1 0.508500 0.693794 0.917000 0.061431
1 0.145500 0.631729 0.191000 0.062698
1 0.508500 0.754275 0.917000 0.059531
1 0.800000 0.813173 0.334000 0.058265
1 0.341500 0.813173 0.583000 0.058265
1 0.866000 0.871121 0.202000 0.057631
1 0.407500 0.871121 0.715000 0.057631
1 0.508500 0.931919 0.917000 0.063965
0 0.799500 0.570931 0.067000 0.047498
0 0.667000 0.806523 0.068000 0.048765
0 0.800000 0.868588 0.068000 0.050032
0 0.260500 0.209626 0.069000 0.046865
0 0.096000 0.269791 0.068000 0.049398
0 0.096000 0.692210 0.068000 0.048132
0 0.096500 0.867954 0.067000 0.048765
0 0.915000 0.631096 0.068000 0.048765
0 0.097000 0.930336 0.068000 0.048132
0 0.373500 0.391387 0.067000 0.048132
0 0.352000 0.451552 0.068000 0.048132
0 0.276500 0.632362 0.067000 0.048765