1 0.592000 0.082964 0.720000 0.065864
1 0.134000 0.082964 0.196000 0.065864
1 0.750500 0.145345 0.403000 0.058898
1 0.691500 0.205510 0.521000 0.061431
1 0.292500 0.145345 0.513000 0.058898
1 0.233500 0.205510 0.395000 0.061431
1 0.677000 0.266308 0.550000 0.060165
1 0.767500 0.326156 0.369000 0.059531
1 0.219000 0.266308 0.366000 0.060165
1 0.412000 0.326156 0.342000 0.059531
1 0.494000 0.416719 0.916000 0.121596
1 0.620500 0.509183 0.663000 0.063331
1 0.138500 0.326156 0.205000 0.059531
1 0.907500 0.627612 0.089000 0.068398
1 0.494000 0.567131 0.916000 0.052565
1 0.162500 0.509183 0.253000 0.063331
1 0.763500 0.690310 0.377000 0.056998
1 0.449500 0.627612 0.827000 0.068398
1 0.305500 0.690310 0.539000 0.056998
1 0.711500 0.750792 0.481000 0.063965
1 0.683000 0.811590 0.538000 0.057631
1 0.253500 0.750792 0.435000 0.063965
1 0.225000 0.811590 0.378000 0.057631
1 0.767000 0.871438 0.370000 0.062065
1 0.494000 0.933186 0.916000 0.061431
1 0.309000 0.871438 0.546000 0.062065
0 0.504000 0.745408 0.066000 0.049398
0 0.267000 0.084231 0.066000 0.046865
0 0.585500 0.143129 0.067000 0.048132
0 0.451000 0.807473 0.068000 0.049398
0 0.615000 0.687144 0.068000 0.046865
0 0.465500 0.203927 0.065000 0.046865
0 0.441500 0.263458 0.065000 0.045598
0 0.897000 0.626979 0.064000 0.046865
0 0.618500 0.324573 0.067000 0.046232
0 0.084000 0.930019 0.068000 0.047498
0 0.378000 0.506016 0.068000 0.048132
0 0.277500 0.324889 0.067000 0.046865
0 0.614000 0.869221 0.070000 0.048765