1 0.494500 0.085814 0.917000 0.074098
1 0.713000 0.151362 0.480000 0.056998
1 0.254500 0.151362 0.437000 0.056998
1 0.703000 0.328372 0.500000 0.062698
1 0.494500 0.238442 0.917000 0.117163
1 0.570000 0.387587 0.766000 0.055731
1 0.244500 0.328372 0.417000 0.062698
1 0.847500 0.508233 0.211000 0.058898
1 0.494500 0.447118 0.917000 0.063331
1 0.111500 0.387587 0.151000 0.055731
1 0.494500 0.596897 0.917000 0.118429
1 0.389000 0.508233 0.706000 0.058898
1 0.494500 0.715643 0.917000 0.119063
1 0.837000 0.805890 0.232000 0.061431
1 0.494500 0.900570 0.917000 0.127929
1 0.378500 0.805890 0.685000 0.061431
0 0.227000 0.385054 0.066000 0.046865
0 0.782500 0.507283 0.067000 0.048132
0 0.508500 0.146295 0.069000 0.048132
0 0.753000 0.803990 0.068000 0.047498
0 0.082000 0.622863 0.068000 0.044965
0 0.081500 0.922103 0.067000 0.045598
0 0.539000 0.323623 0.066000 0.045598