1 0.789500 0.207726 0.353000 0.059531
1 0.508000 0.113996 0.916000 0.127929
1 0.508000 0.297340 0.916000 0.119696
1 0.835000 0.386320 0.262000 0.058265
1 0.331500 0.207726 0.563000 0.059531
1 0.811500 0.449018 0.309000 0.067131
1 0.377000 0.386320 0.654000 0.058265
1 0.760500 0.511083 0.411000 0.056998
1 0.353500 0.449018 0.607000 0.067131
1 0.302500 0.511083 0.505000 0.056998
1 0.508000 0.569348 0.916000 0.059531
1 0.756000 0.629196 0.420000 0.060165
1 0.546000 0.750792 0.840000 0.060165
1 0.298000 0.629196 0.496000 0.060165
1 0.508000 0.689994 0.916000 0.061431
1 0.088000 0.750792 0.076000 0.060165
1 0.508000 0.810956 0.916000 0.060165
1 0.508000 0.903103 0.916000 0.124129
0 0.739500 0.385054 0.067000 0.046865
0 0.167500 0.746675 0.067000 0.046865
0 0.095000 0.807473 0.070000 0.048132
0 0.584000 0.626662 0.068000 0.046232
0 0.095500 0.929386 0.069000 0.047498
0 0.716500 0.204560 0.069000 0.048132
0 0.693000 0.446802 0.068000 0.046232
0 0.591000 0.506650 0.070000 0.048132