1 0.864000 0.143129 0.178000 0.058265
1 0.494500 0.082014 0.917000 0.063965
1 0.405500 0.143129 0.739000 0.058265
1 0.494500 0.233059 0.917000 0.121596
1 0.833000 0.321406 0.240000 0.055098
1 0.494500 0.381887 0.917000 0.065864
1 0.374500 0.321406 0.677000 0.055098
1 0.782000 0.444269 0.342000 0.058898
1 0.494500 0.504433 0.917000 0.061431
1 0.323500 0.444269 0.575000 0.058898
1 0.910500 0.563648 0.085000 0.056998
1 0.820000 0.622229 0.266000 0.060165
1 0.452000 0.563648 0.832000 0.056998
1 0.700500 0.683344 0.505000 0.062065
1 0.361500 0.622229 0.651000 0.060165
1 0.733500 0.744775 0.439000 0.060798
1 0.242000 0.683344 0.412000 0.062065
1 0.275000 0.744775 0.478000 0.060798
1 0.771000 0.804623 0.364000 0.058898
1 0.312500 0.804623 0.553000 0.058898
1 0.711000 0.865104 0.484000 0.062065
1 0.494500 0.930336 0.917000 0.068398
1 0.252500 0.865104 0.433000 0.062065
0 0.723500 0.621913 0.067000 0.046865
0 0.508000 0.860988 0.068000 0.047498
0 0.816000 0.142495 0.068000 0.048132
0 0.903500 0.560481 0.067000 0.048132
0 0.083000 0.922419 0.068000 0.046232
0 0.491000 0.681444 0.068000 0.048132
0 0.654000 0.443002 0.068000 0.048765
0 0.627000 0.801773 0.070000 0.046865
0 0.553500 0.741292 0.069000 0.047498
0 0.751000 0.320773 0.068000 0.046232