1 0.493000 0.081064 0.916000 0.063331
1 0.493000 0.143762 0.916000 0.062065
1 0.836000 0.203293 0.230000 0.056998
1 0.528000 0.320456 0.846000 0.058265
1 0.378000 0.203293 0.686000 0.056998
1 0.493000 0.261558 0.916000 0.059531
1 0.070000 0.320456 0.070000 0.058265
1 0.780000 0.440469 0.342000 0.061431
1 0.493000 0.379671 0.916000 0.060165
1 0.647500 0.500317 0.607000 0.058265
1 0.322000 0.440469 0.574000 0.061431
1 0.189500 0.500317 0.309000 0.058265
1 0.635500 0.559215 0.631000 0.059531
1 0.177500 0.559215 0.285000 0.059531
1 0.493000 0.618746 0.916000 0.059531
1 0.531000 0.680177 0.840000 0.063331
1 0.073000 0.680177 0.076000 0.063331
1 0.538000 0.860671 0.826000 0.060798
1 0.493000 0.771058 0.916000 0.118429
1 0.080000 0.860671 0.090000 0.060798
1 0.493000 0.927802 0.916000 0.073464
0 0.085500 0.920519 0.067000 0.047498
0 0.647500 0.437302 0.067000 0.047498
0 0.152000 0.676061 0.068000 0.047498
0 0.381000 0.497467 0.070000 0.046232
0 0.354000 0.558265 0.068000 0.047498
0 0.757000 0.199810 0.066000 0.046232
0 0.160000 0.856871 0.068000 0.048132
0 0.144000 0.319506 0.068000 0.047498
0 0.084000 0.080431 0.066000 0.046865