1 0.852000 0.147878 0.228000 0.056365
1 0.507500 0.084864 0.917000 0.069664
1 0.393500 0.147878 0.689000 0.056365
1 0.544000 0.206776 0.844000 0.061431
1 0.507500 0.297657 0.917000 0.120329
1 0.085500 0.206776 0.073000 0.061431
1 0.507500 0.386954 0.917000 0.058265
1 0.553500 0.447435 0.825000 0.062698
1 0.095000 0.447435 0.092000 0.062698
1 0.726000 0.566814 0.480000 0.055731
1 0.507500 0.508866 0.917000 0.060165
1 0.267500 0.566814 0.437000 0.055731
1 0.619500 0.626029 0.693000 0.062698
1 0.507500 0.689360 0.917000 0.063965
1 0.920500 0.752375 0.091000 0.062065
1 0.161000 0.626029 0.224000 0.062698
1 0.462000 0.752375 0.826000 0.062065
1 0.564000 0.810956 0.804000 0.055098
1 0.507500 0.901837 0.917000 0.126662
1 0.105500 0.810956 0.113000 0.055098
0 0.917500 0.746042 0.067000 0.046865
0 0.307500 0.626662 0.067000 0.046232
0 0.201500 0.805890 0.069000 0.048765
0 0.523500 0.564281 0.067000 0.046865
0 0.774000 0.144079 0.068000 0.048765
0 0.099500 0.929069 0.069000 0.046865
0 0.161000 0.204560 0.068000 0.046865
0 0.177000 0.445218 0.068000 0.048132
0 0.099500 0.324573 0.067000 0.046232