1 0.508000 0.080431 0.916000 0.062065
1 0.742000 0.139645 0.448000 0.056365
1 0.508000 0.197277 0.916000 0.058898
1 0.284000 0.139645 0.468000 0.056365
1 0.508000 0.258391 0.916000 0.063331
1 0.572500 0.320773 0.787000 0.061431
1 0.114500 0.320773 0.129000 0.061431
1 0.508000 0.380304 0.916000 0.057631
1 0.917000 0.563015 0.098000 0.058265
1 0.508000 0.471501 0.916000 0.124763
1 0.459000 0.563015 0.818000 0.058265
1 0.508000 0.651678 0.916000 0.119063
1 0.508000 0.740975 0.916000 0.059531
1 0.811000 0.802090 0.310000 0.062698
1 0.353000 0.802090 0.606000 0.062698
1 0.710500 0.862255 0.511000 0.057631
1 0.508000 0.927802 0.916000 0.073464
1 0.252500 0.862255 0.405000 0.057631
0 0.906000 0.560481 0.066000 0.048132
0 0.092500 0.680811 0.067000 0.046865
0 0.095500 0.198860 0.067000 0.046865
0 0.493000 0.862571 0.066000 0.046865
0 0.096000 0.924636 0.068000 0.046865
0 0.095500 0.381571 0.067000 0.047498
0 0.555000 0.142179 0.068000 0.048765
0 0.694500 0.800190 0.069000 0.047498
0 0.216500 0.322989 0.065000 0.046865