1 0.493000 0.081381 0.916000 0.065231
1 0.613500 0.143445 0.675000 0.058898
1 0.493000 0.202343 0.916000 0.058898
1 0.155500 0.143445 0.241000 0.058898
1 0.804000 0.260608 0.294000 0.057631
1 0.589000 0.321089 0.724000 0.063331
1 0.346000 0.260608 0.622000 0.057631
1 0.554500 0.381571 0.793000 0.057631
1 0.131000 0.321089 0.192000 0.063331
1 0.493000 0.472134 0.916000 0.123496
1 0.701500 0.563331 0.499000 0.058898
1 0.096500 0.381571 0.123000 0.057631
1 0.243500 0.563331 0.417000 0.058898
1 0.675500 0.623813 0.551000 0.062065
1 0.577000 0.743192 0.748000 0.062698
1 0.217500 0.623813 0.365000 0.062065
1 0.493000 0.683344 0.916000 0.056998
1 0.119000 0.743192 0.168000 0.062698
1 0.493000 0.803990 0.916000 0.058898
1 0.845000 0.864155 0.212000 0.061431
1 0.387000 0.864155 0.704000 0.061431
0 0.489000 0.561748 0.068000 0.048132
0 0.262000 0.321406 0.068000 0.047498
0 0.088000 0.862571 0.064000 0.045598
0 0.313000 0.145028 0.066000 0.049398
0 0.773500 0.862888 0.067000 0.046232
0 0.239000 0.741925 0.068000 0.048765
0 0.437500 0.620329 0.067000 0.047498
0 0.693000 0.261241 0.068000 0.046232
0 0.199500 0.383154 0.069000 0.048132