1 0.642500 0.143762 0.619000 0.063331
1 0.493500 0.081064 0.917000 0.062065
1 0.184000 0.143762 0.298000 0.063331
1 0.493500 0.202977 0.917000 0.055098
1 0.600000 0.261558 0.704000 0.062065
1 0.586000 0.504117 0.732000 0.059531
1 0.493500 0.383471 0.917000 0.181761
1 0.141500 0.261558 0.213000 0.062065
1 0.493500 0.597213 0.917000 0.126662
1 0.127500 0.504117 0.185000 0.059531
1 0.542500 0.749842 0.819000 0.060798
1 0.493500 0.689994 0.917000 0.058898
1 0.493500 0.809056 0.917000 0.057631
1 0.084000 0.749842 0.098000 0.060798
1 0.493500 0.901520 0.917000 0.127296
0 0.168000 0.746358 0.066000 0.047498
0 0.286500 0.262191 0.067000 0.046865
0 0.371000 0.142812 0.068000 0.048765
0 0.082500 0.805573 0.067000 0.049398
0 0.257500 0.504750 0.067000 0.048132
0 0.083000 0.927169 0.066000 0.046865
0 0.082500 0.623813 0.067000 0.046865