1 0.508000 0.081381 0.918000 0.061431
1 0.921000 0.144079 0.092000 0.063965
1 0.566500 0.144079 0.617000 0.063965
1 0.153500 0.144079 0.209000 0.063965
1 0.719500 0.265041 0.495000 0.056365
1 0.508000 0.206460 0.918000 0.060798
1 0.260500 0.265041 0.423000 0.056365
1 0.613500 0.325206 0.707000 0.063965
1 0.673000 0.507916 0.588000 0.060798
1 0.154500 0.325206 0.211000 0.063965
1 0.508000 0.417353 0.918000 0.120329
1 0.214000 0.507916 0.330000 0.060798
1 0.508000 0.569664 0.918000 0.062698
1 0.710000 0.630462 0.514000 0.058898
1 0.508000 0.723559 0.918000 0.127296
1 0.251000 0.630462 0.404000 0.058898
1 0.838000 0.813173 0.258000 0.051932
1 0.379000 0.813173 0.660000 0.051932
1 0.821000 0.872388 0.292000 0.066498
1 0.362000 0.872388 0.626000 0.066498
1 0.508000 0.935402 0.918000 0.059531
0 0.505500 0.260608 0.069000 0.047498
0 0.706500 0.869854 0.069000 0.050032
0 0.743000 0.809373 0.066000 0.048132
0 0.095500 0.931286 0.067000 0.048765
0 0.489500 0.629196 0.069000 0.048765
0 0.912000 0.141229 0.068000 0.048132
0 0.413000 0.505383 0.068000 0.049398
0 0.296500 0.141862 0.069000 0.049398
0 0.296500 0.323939 0.069000 0.047498