1 0.492500 0.172261 0.917000 0.244459
1 0.863000 0.443952 0.176000 0.065864
1 0.492500 0.352755 0.917000 0.116529
1 0.631500 0.504433 0.639000 0.055098
1 0.404500 0.443952 0.741000 0.065864
1 0.601500 0.622546 0.699000 0.056998
1 0.492500 0.563015 0.917000 0.062065
1 0.173000 0.504433 0.278000 0.055098
1 0.492500 0.683027 0.917000 0.063965
1 0.143000 0.622546 0.218000 0.056998
1 0.717500 0.863838 0.467000 0.056998
1 0.492500 0.775174 0.917000 0.120329
1 0.259000 0.863838 0.450000 0.056998
1 0.492500 0.928436 0.917000 0.072198
0 0.522000 0.861621 0.066000 0.046232
0 0.286000 0.621279 0.066000 0.046865
0 0.084500 0.919253 0.067000 0.048765
0 0.085500 0.681761 0.067000 0.047498
0 0.083000 0.265991 0.066000 0.046865
0 0.349500 0.501583 0.067000 0.045598
0 0.808500 0.444585 0.065000 0.046865