1 0.743500 0.144079 0.417000 0.062698
1 0.493000 0.081381 0.918000 0.062698
1 0.284500 0.144079 0.501000 0.062698
1 0.545000 0.204560 0.814000 0.058265
1 0.493000 0.264725 0.918000 0.062065
1 0.086000 0.204560 0.104000 0.058265
1 0.593000 0.325839 0.718000 0.060165
1 0.134000 0.325839 0.200000 0.060165
1 0.493000 0.385687 0.918000 0.059531
1 0.547500 0.445535 0.809000 0.060165
1 0.088500 0.445535 0.109000 0.060165
1 0.911000 0.567131 0.082000 0.061431
1 0.493000 0.506016 0.918000 0.060798
1 0.522000 0.567131 0.696000 0.061431
1 0.104000 0.567131 0.140000 0.061431
1 0.493000 0.627612 0.918000 0.059531
1 0.620000 0.687144 0.664000 0.059531
1 0.161000 0.687144 0.254000 0.059531
1 0.688500 0.745408 0.527000 0.056998
1 0.229500 0.745408 0.391000 0.056998
1 0.713500 0.803040 0.477000 0.058265
1 0.254500 0.803040 0.441000 0.058265
1 0.807000 0.865104 0.290000 0.065864
1 0.348000 0.865104 0.628000 0.065864
1 0.846500 0.931602 0.211000 0.067131
1 0.387500 0.931602 0.707000 0.067131
0 0.325500 0.684294 0.065000 0.047498
0 0.212000 0.564281 0.070000 0.046865
0 0.173000 0.201077 0.070000 0.047498
0 0.571500 0.143762 0.067000 0.048132
0 0.778500 0.922736 0.067000 0.046865
0 0.700000 0.864788 0.066000 0.047498
0 0.461000 0.743192 0.070000 0.048765
0 0.903500 0.563965 0.067000 0.046232
0 0.510500 0.803990 0.071000 0.048765
0 0.180500 0.443319 0.069000 0.049398
0 0.082000 0.143762 0.068000 0.048132
0 0.082500 0.382204 0.069000 0.047498
0 0.082000 0.263458 0.068000 0.046865
0 0.082000 0.924003 0.068000 0.045598
0 0.082000 0.623813 0.068000 0.046865
0 0.277000 0.322673 0.068000 0.047498