1 0.616500 0.381254 0.669000 0.062065
1 0.492500 0.200127 0.917000 0.300190
1 0.158000 0.381254 0.248000 0.062065
1 0.811500 0.563648 0.279000 0.059531
1 0.492500 0.473084 0.917000 0.121596
1 0.591000 0.744459 0.720000 0.055098
1 0.492500 0.655161 0.917000 0.123496
1 0.353000 0.563648 0.638000 0.059531
1 0.132500 0.744459 0.197000 0.055098
1 0.492500 0.803673 0.917000 0.063331
1 0.492500 0.899937 0.917000 0.129196
0 0.323000 0.380621 0.068000 0.048132
0 0.263500 0.740659 0.067000 0.047498
0 0.710500 0.560481 0.067000 0.046865
0 0.083500 0.919886 0.067000 0.047498
0 0.083500 0.798923 0.067000 0.046232