1 0.508000 0.113046 0.916000 0.124763
1 0.789000 0.205193 0.354000 0.059531
1 0.331000 0.205193 0.562000 0.059531
1 0.508000 0.291640 0.916000 0.113363
1 0.508000 0.381254 0.916000 0.065864
1 0.559500 0.445218 0.813000 0.062065
1 0.508000 0.535149 0.916000 0.117796
1 0.101500 0.445218 0.103000 0.062065
1 0.508000 0.623813 0.916000 0.059531
1 0.508000 0.686194 0.916000 0.065231
1 0.755000 0.748575 0.422000 0.059531
1 0.508000 0.808106 0.916000 0.059531
1 0.297000 0.748575 0.494000 0.059531
1 0.854000 0.868271 0.224000 0.060798
1 0.508000 0.931602 0.916000 0.065864
1 0.396000 0.868271 0.692000 0.060798
0 0.580500 0.744459 0.067000 0.048765
0 0.780000 0.866371 0.066000 0.048132
0 0.191000 0.443319 0.068000 0.048132
0 0.096500 0.320773 0.069000 0.048765
0 0.650000 0.202660 0.068000 0.048132
0 0.101000 0.926219 0.068000 0.047498
0 0.101000 0.624129 0.068000 0.046232
0 0.101000 0.563015 0.068000 0.046865