1 0.507500 0.082014 0.915000 0.065231
1 0.598500 0.142812 0.733000 0.056365
1 0.507500 0.199493 0.915000 0.056998
1 0.141000 0.142812 0.182000 0.056365
1 0.507500 0.260608 0.915000 0.065231
1 0.857500 0.324573 0.215000 0.062698
1 0.920000 0.383471 0.090000 0.055098
1 0.400000 0.324573 0.700000 0.062698
1 0.577000 0.383471 0.596000 0.055098
1 0.604500 0.443002 0.721000 0.063965
1 0.164500 0.383471 0.229000 0.055098
1 0.147000 0.443002 0.194000 0.063965
1 0.795000 0.504433 0.340000 0.058898
1 0.337500 0.504433 0.575000 0.058898
1 0.800500 0.564281 0.329000 0.060798
1 0.343000 0.564281 0.586000 0.060798
1 0.920000 0.625396 0.090000 0.061431
1 0.462500 0.625396 0.825000 0.061431
1 0.834000 0.684927 0.262000 0.057631
1 0.774500 0.802407 0.381000 0.056998
1 0.507500 0.743825 0.915000 0.060165
1 0.376500 0.684927 0.653000 0.057631
1 0.317000 0.802407 0.534000 0.056998
1 0.804000 0.860671 0.322000 0.059531
1 0.346500 0.860671 0.593000 0.059531
1 0.507500 0.927486 0.915000 0.074098
0 0.679000 0.858455 0.068000 0.047498
0 0.666500 0.563965 0.065000 0.044965
0 0.105000 0.858771 0.068000 0.046865
0 0.736500 0.681127 0.067000 0.047498
0 0.104500 0.918619 0.067000 0.047498
0 0.104000 0.081064 0.066000 0.046865
0 0.787000 0.320139 0.066000 0.047498
0 0.268000 0.141229 0.066000 0.046865
0 0.313500 0.380304 0.067000 0.047498
0 0.656000 0.502850 0.064000 0.044332
0 0.615500 0.801140 0.067000 0.045598
0 0.279000 0.440152 0.068000 0.046865
0 0.104500 0.200443 0.067000 0.044965
0 0.910000 0.380937 0.068000 0.047498
0 0.910500 0.623179 0.067000 0.045598