1 0.540500 0.082014 0.825000 0.066498
1 0.082000 0.082014 0.092000 0.066498
1 0.494500 0.144712 0.917000 0.058898
1 0.528500 0.205510 0.849000 0.062698
1 0.753000 0.327422 0.400000 0.059531
1 0.070000 0.205510 0.068000 0.062698
1 0.494500 0.267258 0.917000 0.060798
1 0.674500 0.387904 0.557000 0.061431
1 0.294500 0.327422 0.517000 0.059531
1 0.494500 0.448068 0.917000 0.058898
1 0.216000 0.387904 0.360000 0.061431
1 0.667000 0.507916 0.572000 0.060798
1 0.494500 0.567131 0.917000 0.057631
1 0.546500 0.627929 0.813000 0.063965
1 0.208500 0.507916 0.345000 0.060798
1 0.494500 0.718493 0.917000 0.117163
1 0.088000 0.627929 0.104000 0.063965
1 0.494500 0.870804 0.917000 0.187460
0 0.088000 0.745408 0.064000 0.048132
0 0.088000 0.144712 0.064000 0.047498
0 0.165500 0.084864 0.067000 0.046865
0 0.089000 0.928436 0.066000 0.046865
0 0.432500 0.385687 0.067000 0.046865
0 0.420500 0.505383 0.067000 0.049398
0 0.175000 0.627929 0.066000 0.048765
0 0.588500 0.324573 0.067000 0.047498
0 0.139500 0.205193 0.069000 0.048132