1 0.508000 0.143762 0.916000 0.187460
1 0.653000 0.327106 0.626000 0.058898
1 0.508000 0.267574 0.916000 0.060165
1 0.195000 0.327106 0.290000 0.058898
1 0.681500 0.386320 0.569000 0.059531
1 0.223500 0.386320 0.347000 0.059531
1 0.634500 0.447435 0.663000 0.062698
1 0.176500 0.447435 0.253000 0.062698
1 0.824500 0.507600 0.283000 0.057631
1 0.366500 0.507600 0.633000 0.057631
1 0.788500 0.569348 0.355000 0.065864
1 0.669000 0.690310 0.594000 0.056998
1 0.508000 0.632046 0.916000 0.059531
1 0.330500 0.569348 0.561000 0.065864
1 0.658500 0.750158 0.615000 0.062698
1 0.211000 0.690310 0.322000 0.056998
1 0.200500 0.750158 0.301000 0.062698
1 0.508000 0.873021 0.916000 0.183027
0 0.408000 0.687777 0.068000 0.048132
0 0.383000 0.748575 0.068000 0.046865
0 0.648500 0.567764 0.069000 0.048765
0 0.343000 0.446168 0.068000 0.047498
0 0.718000 0.506016 0.068000 0.048132
0 0.432000 0.386637 0.068000 0.048765
0 0.101000 0.932236 0.068000 0.048132
0 0.101000 0.203927 0.068000 0.048132
0 0.377500 0.326156 0.069000 0.049398