1 0.507500 0.114313 0.915000 0.127296
1 0.507500 0.327106 0.915000 0.298290
1 0.868000 0.505700 0.194000 0.058898
1 0.656000 0.565864 0.618000 0.061431
1 0.410500 0.505700 0.721000 0.058898
1 0.507500 0.716593 0.915000 0.240025
1 0.706500 0.867321 0.517000 0.061431
1 0.198500 0.565864 0.297000 0.061431
1 0.507500 0.931602 0.915000 0.067131
1 0.249000 0.867321 0.398000 0.061431
0 0.105500 0.144395 0.067000 0.048132
0 0.485500 0.864155 0.067000 0.046232
0 0.809500 0.503483 0.065000 0.046865
0 0.106000 0.927486 0.066000 0.046232
0 0.436500 0.562698 0.069000 0.047498