1 0.509000 0.081381 0.916000 0.063965
1 0.650000 0.143129 0.634000 0.059531
1 0.192000 0.143129 0.282000 0.059531
1 0.772000 0.203293 0.390000 0.060798
1 0.314000 0.203293 0.526000 0.060798
1 0.786500 0.264091 0.361000 0.060798
1 0.328500 0.264091 0.555000 0.060798
1 0.733000 0.324573 0.468000 0.060165
1 0.275000 0.324573 0.448000 0.060165
1 0.584500 0.387587 0.765000 0.065864
1 0.126500 0.387587 0.151000 0.065864
1 0.668000 0.448068 0.598000 0.055098
1 0.658500 0.506333 0.617000 0.061431
1 0.210000 0.448068 0.318000 0.055098
1 0.200500 0.506333 0.299000 0.061431
1 0.622500 0.566181 0.689000 0.058265
1 0.164500 0.566181 0.227000 0.058265
1 0.509000 0.624129 0.916000 0.057631
1 0.688000 0.684927 0.558000 0.063965
1 0.230000 0.684927 0.358000 0.063965
1 0.791000 0.746992 0.352000 0.060165
1 0.333000 0.746992 0.564000 0.060165
1 0.509000 0.806840 0.916000 0.059531
1 0.509000 0.865421 0.916000 0.057631
1 0.509000 0.929702 0.916000 0.070931
0 0.644000 0.262825 0.068000 0.046865
0 0.100000 0.865738 0.068000 0.046865
0 0.314500 0.563648 0.067000 0.048132
0 0.654000 0.745092 0.068000 0.047498
0 0.241500 0.383471 0.069000 0.047498
0 0.370500 0.141862 0.067000 0.048132
0 0.100000 0.805573 0.068000 0.048132
0 0.100500 0.929386 0.069000 0.047498
0 0.498000 0.684927 0.068000 0.046232
0 0.100000 0.081381 0.068000 0.047498
0 0.405000 0.441735 0.066000 0.047498
0 0.617000 0.201710 0.068000 0.046232
0 0.537000 0.322673 0.068000 0.046232
0 0.389500 0.503483 0.067000 0.048132