1 0.508500 0.081381 0.917000 0.062698
1 0.683500 0.143762 0.567000 0.062065
1 0.225000 0.143762 0.350000 0.062065
1 0.551000 0.204877 0.832000 0.060165
1 0.092500 0.204877 0.085000 0.060165
1 0.508500 0.265358 0.917000 0.060798
1 0.924000 0.323623 0.086000 0.055731
1 0.571000 0.323623 0.620000 0.055731
1 0.155500 0.323623 0.211000 0.055731
1 0.508500 0.382204 0.917000 0.061431
1 0.508500 0.445535 0.917000 0.065231
1 0.710500 0.504433 0.513000 0.052565
1 0.252000 0.504433 0.404000 0.052565
1 0.734500 0.564281 0.465000 0.067131
1 0.759000 0.628246 0.416000 0.060798
1 0.276000 0.564281 0.452000 0.067131
1 0.300500 0.628246 0.501000 0.060798
1 0.585500 0.687144 0.763000 0.056998
1 0.127000 0.687144 0.154000 0.056998
1 0.508500 0.746358 0.917000 0.061431
1 0.579000 0.806206 0.776000 0.058265
1 0.508500 0.899937 0.917000 0.129196
1 0.120500 0.806206 0.141000 0.058265
0 0.587000 0.621279 0.068000 0.048132
0 0.540000 0.563965 0.066000 0.046232
0 0.227500 0.804623 0.067000 0.048765
0 0.293500 0.321723 0.067000 0.048132
0 0.438500 0.143445 0.067000 0.048765
0 0.490500 0.503483 0.067000 0.046865
0 0.915000 0.321089 0.066000 0.046865
0 0.240000 0.683661 0.068000 0.047498
0 0.170000 0.204560 0.066000 0.048132
0 0.101500 0.381571 0.069000 0.048765
0 0.101500 0.925902 0.069000 0.046865