1 0.493000 0.081381 0.916000 0.063965
1 0.834500 0.143129 0.233000 0.059531
1 0.906500 0.261241 0.089000 0.060165
1 0.493000 0.202027 0.916000 0.058265
1 0.376500 0.143129 0.683000 0.059531
1 0.650500 0.440785 0.601000 0.064598
1 0.493000 0.349905 0.916000 0.117163
1 0.448500 0.261241 0.827000 0.060165
1 0.644500 0.501900 0.613000 0.057631
1 0.192500 0.440785 0.315000 0.064598
1 0.575500 0.560165 0.751000 0.058898
1 0.186500 0.501900 0.303000 0.057631
1 0.493000 0.679227 0.916000 0.179227
1 0.117500 0.560165 0.165000 0.058898
1 0.493000 0.798607 0.916000 0.059531
1 0.493000 0.896453 0.916000 0.136162
0 0.897000 0.260291 0.066000 0.046865
0 0.091000 0.917669 0.068000 0.048132
0 0.301000 0.559215 0.068000 0.045598
0 0.384000 0.439835 0.064000 0.046232
0 0.754500 0.141229 0.067000 0.046865
0 0.083000 0.736859 0.068000 0.044965
0 0.083000 0.797657 0.066000 0.044965
0 0.373000 0.501900 0.068000 0.046232