1 0.539000 0.080747 0.826000 0.061431
1 0.832000 0.202660 0.240000 0.055731
1 0.493000 0.143129 0.918000 0.063331
1 0.080000 0.080747 0.092000 0.061431
1 0.373000 0.202660 0.678000 0.055731
1 0.493000 0.261558 0.918000 0.062065
1 0.704500 0.322673 0.495000 0.060165
1 0.809000 0.445218 0.286000 0.063331
1 0.493000 0.383154 0.918000 0.060798
1 0.245500 0.322673 0.423000 0.060165
1 0.493000 0.504750 0.918000 0.055731
1 0.350000 0.445218 0.632000 0.063331
1 0.658500 0.561115 0.587000 0.056998
1 0.199500 0.561115 0.331000 0.056998
1 0.685500 0.678594 0.533000 0.058898
1 0.493000 0.619379 0.918000 0.059531
1 0.226500 0.678594 0.385000 0.058898
1 0.648500 0.800507 0.607000 0.060798
1 0.493000 0.739075 0.918000 0.062065
1 0.493000 0.861305 0.918000 0.060798
1 0.189500 0.800507 0.311000 0.060798
1 0.493000 0.928436 0.918000 0.073464
0 0.086500 0.857505 0.067000 0.048132
0 0.086500 0.919253 0.067000 0.048765
0 0.381500 0.796707 0.067000 0.045598
0 0.747000 0.200443 0.068000 0.047498
0 0.490500 0.319823 0.067000 0.048132
0 0.701000 0.440469 0.066000 0.047498
0 0.454500 0.678911 0.067000 0.046865
0 0.397500 0.559215 0.067000 0.046865
0 0.160500 0.082014 0.067000 0.047498