1 0.672000 0.447118 0.558000 0.059531
1 0.495000 0.234009 0.912000 0.366688
1 0.495000 0.568398 0.912000 0.183027
1 0.216000 0.447118 0.354000 0.059531
1 0.697500 0.687777 0.507000 0.055731
1 0.241500 0.687777 0.405000 0.055731
1 0.626500 0.746358 0.649000 0.061431
1 0.170500 0.746358 0.263000 0.061431
1 0.495000 0.805890 0.912000 0.057631
1 0.588000 0.863521 0.726000 0.057631
1 0.132000 0.863521 0.186000 0.057631
1 0.495000 0.928436 0.912000 0.072198
0 0.090500 0.924953 0.067000 0.046232
0 0.264500 0.862888 0.065000 0.046232
0 0.335000 0.743825 0.066000 0.047498
0 0.478000 0.684294 0.066000 0.046232
0 0.426000 0.444585 0.068000 0.048132