1 0.640500 0.267258 0.623000 0.059531
1 0.493500 0.143129 0.917000 0.188727
1 0.493500 0.323306 0.917000 0.052565
1 0.803500 0.382837 0.297000 0.066498
1 0.182000 0.267258 0.294000 0.059531
1 0.493500 0.447118 0.917000 0.062065
1 0.541500 0.507916 0.821000 0.059531
1 0.345000 0.382837 0.620000 0.066498
1 0.493500 0.566181 0.917000 0.056998
1 0.823500 0.625079 0.257000 0.060798
1 0.083000 0.507916 0.096000 0.059531
1 0.547000 0.689994 0.810000 0.069031
1 0.365000 0.625079 0.660000 0.060798
1 0.493500 0.844839 0.917000 0.240659
1 0.088500 0.689994 0.107000 0.069031
0 0.689000 0.382521 0.068000 0.049398
0 0.176000 0.685244 0.066000 0.048132
0 0.365000 0.264408 0.066000 0.046232
0 0.731500 0.626979 0.067000 0.048132
0 0.165500 0.505066 0.067000 0.048765
0 0.085000 0.926536 0.066000 0.046865