1 0.798500 0.204877 0.307000 0.069031
1 0.494000 0.141545 0.916000 0.057631
1 0.523500 0.204877 0.243000 0.069031
1 0.219000 0.204877 0.366000 0.069031
1 0.669500 0.266624 0.565000 0.054465
1 0.211500 0.266624 0.351000 0.054465
1 0.904000 0.326472 0.096000 0.065231
1 0.446000 0.326472 0.820000 0.065231
1 0.732500 0.388220 0.439000 0.058265
1 0.274500 0.388220 0.477000 0.058265
1 0.741500 0.562698 0.421000 0.063965
1 0.494000 0.500633 0.916000 0.060165
1 0.357000 0.562698 0.348000 0.063965
1 0.856000 0.623813 0.192000 0.058265
1 0.109500 0.562698 0.147000 0.063965
1 0.621000 0.623813 0.278000 0.058265
1 0.313500 0.623813 0.337000 0.058265
1 0.810000 0.685244 0.284000 0.064598
1 0.090500 0.623813 0.109000 0.058265
1 0.548500 0.685244 0.239000 0.064598
1 0.279000 0.685244 0.300000 0.064598
1 0.082500 0.685244 0.093000 0.064598
1 0.837500 0.747942 0.229000 0.060798
1 0.609500 0.747942 0.227000 0.060798
1 0.316500 0.747942 0.359000 0.060798
1 0.086500 0.747942 0.101000 0.060798
1 0.851500 0.805890 0.201000 0.055098
1 0.593500 0.805890 0.315000 0.055098
1 0.293000 0.805890 0.286000 0.055098
1 0.093000 0.805890 0.114000 0.055098
1 0.752500 0.863521 0.399000 0.060165
1 0.392500 0.863521 0.321000 0.060165
1 0.134000 0.863521 0.196000 0.060165
1 0.904500 0.929069 0.095000 0.070931
1 0.722000 0.929069 0.270000 0.070931
1 0.311500 0.929069 0.551000 0.070931
0 0.171500 0.744775 0.069000 0.048132
0 0.086000 0.207410 0.066000 0.047498
0 0.700500 0.685877 0.065000 0.046865
0 0.678500 0.207726 0.065000 0.048132
0 0.461500 0.685560 0.065000 0.046232
0 0.587500 0.864155 0.067000 0.046232
0 0.526000 0.744775 0.066000 0.048132
0 0.756500 0.744459 0.065000 0.048765
0 0.566500 0.566181 0.067000 0.048132
0 0.087000 0.385370 0.066000 0.044965
0 0.266500 0.864155 0.065000 0.046232
0 0.215000 0.566181 0.068000 0.048132
0 0.468500 0.805890 0.067000 0.048765
0 0.547500 0.386004 0.067000 0.046232
0 0.437500 0.207726 0.067000 0.046865
0 0.785500 0.805573 0.067000 0.049398
0 0.086500 0.924319 0.065000 0.044965
0 0.420500 0.266624 0.067000 0.046865
0 0.177000 0.625079 0.064000 0.045598
0 0.182000 0.805890 0.066000 0.048765
0 0.163000 0.685560 0.068000 0.044965
0 0.618000 0.924319 0.066000 0.044965
0 0.086000 0.325522 0.066000 0.045598
0 0.890500 0.325522 0.067000 0.046865
0 0.792000 0.625396 0.068000 0.046232
0 0.515500 0.625079 0.067000 0.046865
0 0.891000 0.924319 0.068000 0.046232