1 0.508000 0.139962 0.916000 0.181127
1 0.919500 0.261875 0.093000 0.062698
1 0.461500 0.261875 0.823000 0.062698
1 0.640000 0.324573 0.652000 0.062698
1 0.858000 0.443635 0.216000 0.061431
1 0.182000 0.324573 0.264000 0.062698
1 0.508000 0.384421 0.916000 0.056998
1 0.400000 0.443635 0.700000 0.061431
1 0.508000 0.502533 0.916000 0.056365
1 0.508000 0.592464 0.916000 0.123496
1 0.741500 0.685560 0.449000 0.062698
1 0.508000 0.745725 0.916000 0.057631
1 0.604500 0.803357 0.723000 0.057631
1 0.283500 0.685560 0.467000 0.062698
1 0.146500 0.803357 0.193000 0.057631
1 0.633500 0.863521 0.665000 0.062698
1 0.175500 0.863521 0.251000 0.062698
1 0.508000 0.929702 0.916000 0.069664
0 0.602000 0.681761 0.068000 0.048765
0 0.908500 0.261241 0.067000 0.047498
0 0.784500 0.441735 0.067000 0.048765
0 0.338500 0.862255 0.067000 0.047498
0 0.283000 0.802723 0.066000 0.047498
0 0.102000 0.922419 0.068000 0.046232
0 0.101500 0.500317 0.067000 0.045598
0 0.352500 0.321723 0.067000 0.046865