1 0.508000 0.082014 0.916000 0.061431
1 0.706500 0.142495 0.519000 0.059531
1 0.508000 0.200760 0.916000 0.056998
1 0.800500 0.260925 0.331000 0.063331
1 0.248500 0.142495 0.397000 0.059531
1 0.508000 0.381571 0.916000 0.177961
1 0.342500 0.260925 0.585000 0.063331
1 0.508000 0.620013 0.916000 0.298923
1 0.636000 0.798923 0.660000 0.058898
1 0.178000 0.798923 0.256000 0.058898
1 0.508000 0.896137 0.916000 0.135529
0 0.346500 0.797973 0.067000 0.046865
0 0.480500 0.142495 0.067000 0.048132
0 0.102000 0.919253 0.068000 0.048765
0 0.672500 0.260608 0.067000 0.047498
0 0.102500 0.440785 0.067000 0.046865