1 0.495500 0.084231 0.915000 0.069664
1 0.798500 0.149145 0.309000 0.060165
1 0.341000 0.149145 0.606000 0.060165
1 0.495500 0.208676 0.915000 0.058898
1 0.778500 0.268524 0.349000 0.060798
1 0.532000 0.326472 0.842000 0.055098
1 0.321000 0.268524 0.566000 0.060798
1 0.074500 0.326472 0.073000 0.055098
1 0.590500 0.385687 0.725000 0.063331
1 0.669500 0.446802 0.567000 0.058898
1 0.133000 0.385687 0.190000 0.063331
1 0.212000 0.446802 0.348000 0.058898
1 0.583500 0.506333 0.739000 0.060165
1 0.126000 0.506333 0.176000 0.060165
1 0.700000 0.567448 0.506000 0.062065
1 0.242500 0.567448 0.409000 0.062065
1 0.753500 0.629512 0.399000 0.062065
1 0.296000 0.629512 0.516000 0.062065
1 0.495500 0.689677 0.915000 0.058265
1 0.840500 0.748892 0.225000 0.060165
1 0.757500 0.809373 0.391000 0.060798
1 0.383000 0.748892 0.690000 0.060165
1 0.300000 0.809373 0.524000 0.060798
1 0.495500 0.870171 0.915000 0.060798
1 0.495500 0.932552 0.915000 0.063965
0 0.679500 0.145978 0.065000 0.046232
0 0.761500 0.746358 0.067000 0.047498
0 0.598500 0.807473 0.067000 0.048132
0 0.090000 0.866054 0.066000 0.046232
0 0.089500 0.626662 0.065000 0.046232
0 0.422500 0.442685 0.067000 0.048132
0 0.252500 0.503800 0.067000 0.047498
0 0.147500 0.325206 0.065000 0.046232
0 0.090000 0.928436 0.066000 0.046865
0 0.589500 0.626662 0.067000 0.047498
0 0.635000 0.264725 0.068000 0.046865
0 0.481500 0.565864 0.065000 0.046232
0 0.323000 0.383787 0.066000 0.046865