1 0.871500 0.149462 0.159000 0.064598
1 0.493000 0.083597 0.916000 0.067131
1 0.516500 0.149462 0.551000 0.064598
1 0.728500 0.208360 0.445000 0.053198
1 0.137500 0.149462 0.207000 0.064598
1 0.270000 0.208360 0.472000 0.053198
1 0.808000 0.265991 0.286000 0.062065
1 0.492500 0.327106 0.917000 0.060165
1 0.349500 0.265991 0.631000 0.062065
1 0.852000 0.386954 0.198000 0.059531
1 0.756500 0.446802 0.389000 0.060165
1 0.393500 0.386954 0.719000 0.059531
1 0.383000 0.446802 0.358000 0.060165
1 0.904000 0.566181 0.094000 0.056998
1 0.492500 0.507283 0.917000 0.060798
1 0.119000 0.446802 0.170000 0.060165
1 0.854500 0.624446 0.193000 0.059531
1 0.445500 0.566181 0.823000 0.056998
1 0.396000 0.624446 0.724000 0.059531
1 0.538500 0.683977 0.825000 0.059531
1 0.080000 0.683977 0.092000 0.059531
1 0.492500 0.742242 0.917000 0.056998
1 0.917000 0.801457 0.068000 0.061431
1 0.717500 0.861938 0.467000 0.059531
1 0.458500 0.801457 0.849000 0.061431
1 0.492500 0.928119 0.917000 0.072831
1 0.259000 0.861938 0.450000 0.059531
0 0.704000 0.263775 0.068000 0.046232
0 0.894000 0.562698 0.068000 0.046232
0 0.518000 0.858455 0.068000 0.047498
0 0.827000 0.144712 0.066000 0.047498
0 0.795000 0.619696 0.066000 0.047498
0 0.080500 0.740342 0.069000 0.046865
0 0.164500 0.681444 0.067000 0.046865
0 0.540000 0.205193 0.066000 0.048132
0 0.787000 0.382837 0.066000 0.048765
0 0.598500 0.443635 0.067000 0.048765
0 0.080000 0.918936 0.068000 0.048132
0 0.240000 0.443635 0.070000 0.048765
0 0.278500 0.144395 0.067000 0.048132