1 0.737000 0.205193 0.428000 0.060798
1 0.493500 0.112096 0.915000 0.125396
1 0.802500 0.265041 0.297000 0.058898
1 0.279500 0.205193 0.487000 0.060798
1 0.788000 0.445218 0.326000 0.063331
1 0.345000 0.265041 0.618000 0.058898
1 0.493500 0.354022 0.915000 0.119063
1 0.905000 0.506966 0.092000 0.060165
1 0.330500 0.445218 0.589000 0.063331
1 0.447500 0.506966 0.823000 0.060165
1 0.688500 0.564598 0.525000 0.055098
1 0.231000 0.564598 0.390000 0.055098
1 0.493500 0.623813 0.915000 0.063331
1 0.861500 0.684927 0.179000 0.058898
1 0.552000 0.744775 0.798000 0.060798
1 0.404000 0.684927 0.736000 0.058898
1 0.094500 0.744775 0.117000 0.060798
1 0.493500 0.869854 0.915000 0.189360
0 0.464000 0.563965 0.066000 0.046232
0 0.190000 0.741609 0.068000 0.048132
0 0.806500 0.681761 0.067000 0.047498
0 0.897000 0.500633 0.066000 0.044965
0 0.658500 0.442052 0.069000 0.048132
0 0.557000 0.201077 0.068000 0.046232
0 0.691000 0.263458 0.068000 0.046865
0 0.082000 0.922736 0.068000 0.046865