1 0.494000 0.112096 0.916000 0.125396
1 0.839000 0.204243 0.226000 0.058898
1 0.381000 0.204243 0.690000 0.058898
1 0.494000 0.294174 0.916000 0.120963
1 0.494000 0.385054 0.916000 0.060798
1 0.546500 0.445535 0.811000 0.060165
1 0.088500 0.445535 0.105000 0.060165
1 0.494000 0.564281 0.916000 0.177327
1 0.787000 0.683027 0.330000 0.060165
1 0.594000 0.741292 0.716000 0.056365
1 0.329000 0.683027 0.586000 0.060165
1 0.570500 0.801457 0.763000 0.063965
1 0.136000 0.741292 0.200000 0.056365
1 0.494000 0.898987 0.916000 0.131096
1 0.112500 0.801457 0.153000 0.063965
0 0.086500 0.322039 0.067000 0.046232
0 0.086500 0.922736 0.067000 0.045598
0 0.659000 0.681127 0.066000 0.047498
0 0.276500 0.739392 0.069000 0.047498
0 0.176000 0.444269 0.066000 0.047498
0 0.761000 0.203610 0.066000 0.047498
0 0.224000 0.800190 0.068000 0.046232