1 0.493000 0.146295 0.916000 0.049398
1 0.856500 0.205193 0.189000 0.068398
1 0.525500 0.205193 0.473000 0.068398
1 0.161500 0.205193 0.255000 0.068398
1 0.659000 0.268524 0.584000 0.058265
1 0.689000 0.330272 0.524000 0.065231
1 0.200500 0.268524 0.333000 0.058265
1 0.230500 0.330272 0.393000 0.065231
1 0.492500 0.392654 0.917000 0.059531
1 0.753500 0.452502 0.395000 0.060165
1 0.295000 0.452502 0.522000 0.060165
1 0.492500 0.512033 0.917000 0.058898
1 0.820500 0.571248 0.261000 0.059531
1 0.362000 0.571248 0.656000 0.059531
1 0.816500 0.630146 0.269000 0.058265
1 0.358000 0.630146 0.648000 0.058265
1 0.758500 0.689994 0.385000 0.061431
1 0.300000 0.689994 0.532000 0.061431
1 0.492500 0.748892 0.917000 0.056365
1 0.492500 0.809056 0.917000 0.063965
1 0.720000 0.870171 0.462000 0.058265
1 0.261500 0.870171 0.455000 0.058265
1 0.492500 0.931919 0.917000 0.065231
0 0.798500 0.209310 0.067000 0.047498
0 0.323000 0.208993 0.066000 0.048132
0 0.407000 0.268841 0.068000 0.048765
0 0.524000 0.870804 0.068000 0.048132
0 0.728500 0.569031 0.069000 0.050032
0 0.077500 0.932236 0.067000 0.048132
0 0.076000 0.750475 0.068000 0.046865
0 0.714000 0.629196 0.068000 0.047498
0 0.651500 0.691894 0.069000 0.048765
0 0.462500 0.329006 0.069000 0.047498
0 0.593500 0.451235 0.069000 0.048765