1 0.495000 0.110513 0.916000 0.122229
1 0.903500 0.202027 0.099000 0.060798
1 0.495000 0.293540 0.916000 0.122229
1 0.445500 0.202027 0.817000 0.060798
1 0.658000 0.383787 0.590000 0.058265
1 0.564000 0.444585 0.778000 0.063331
1 0.200000 0.383787 0.326000 0.058265
1 0.905500 0.624763 0.095000 0.061431
1 0.106000 0.444585 0.138000 0.063331
1 0.495000 0.535149 0.916000 0.117796
1 0.495000 0.682711 0.916000 0.054465
1 0.447500 0.624763 0.821000 0.061431
1 0.906000 0.926852 0.094000 0.075364
1 0.495000 0.799557 0.916000 0.179227
1 0.448000 0.926852 0.822000 0.075364
0 0.096000 0.679861 0.066000 0.047498
0 0.450000 0.382204 0.066000 0.048765
0 0.097000 0.921153 0.068000 0.048765
0 0.893500 0.920519 0.067000 0.047498
0 0.898500 0.626029 0.065000 0.046232
0 0.218000 0.441419 0.068000 0.048132
0 0.892000 0.201710 0.066000 0.046232