1 0.508000 0.111463 0.916000 0.124129
1 0.851000 0.200443 0.230000 0.053832
1 0.508000 0.259658 0.916000 0.064598
1 0.393000 0.200443 0.686000 0.053832
1 0.508000 0.350855 0.916000 0.117796
1 0.508000 0.563015 0.916000 0.177327
1 0.852500 0.744142 0.227000 0.064598
1 0.508000 0.681761 0.916000 0.060165
1 0.787000 0.804307 0.358000 0.055731
1 0.394500 0.744142 0.689000 0.064598
1 0.508000 0.898353 0.916000 0.132362
1 0.329000 0.804307 0.558000 0.055731
0 0.774500 0.743192 0.069000 0.048765
0 0.094500 0.924319 0.069000 0.047498
0 0.094500 0.260608 0.069000 0.048765
0 0.094000 0.379671 0.068000 0.046232
0 0.094500 0.622863 0.069000 0.046232
0 0.689500 0.803673 0.069000 0.048132
0 0.773000 0.199493 0.068000 0.046865