1 0.674000 0.385054 0.582000 0.054465
1 0.506500 0.203927 0.917000 0.307790
1 0.897000 0.563331 0.136000 0.063965
1 0.506500 0.471818 0.917000 0.119063
1 0.215500 0.385054 0.335000 0.054465
1 0.438500 0.563331 0.781000 0.063965
1 0.506500 0.684294 0.917000 0.177961
1 0.722000 0.805256 0.486000 0.063965
1 0.263500 0.805256 0.431000 0.063965
1 0.506500 0.900887 0.917000 0.127296
0 0.425000 0.382204 0.068000 0.048765
0 0.516000 0.805890 0.068000 0.048765
0 0.099000 0.926219 0.068000 0.046232
0 0.914500 0.562381 0.067000 0.045598