1 0.683000 0.140279 0.538000 0.061431
1 0.493000 0.079164 0.918000 0.060798
1 0.570500 0.200127 0.763000 0.058265
1 0.224000 0.140279 0.380000 0.061431
1 0.741500 0.319506 0.421000 0.061431
1 0.111500 0.200127 0.155000 0.058265
1 0.493000 0.259025 0.918000 0.059531
1 0.282500 0.319506 0.497000 0.061431
1 0.493000 0.409120 0.918000 0.117796
1 0.693000 0.497783 0.518000 0.059531
1 0.234000 0.497783 0.400000 0.059531
1 0.493000 0.590247 0.918000 0.125396
1 0.724500 0.682394 0.455000 0.058898
1 0.493000 0.741609 0.918000 0.059531
1 0.910000 0.803357 0.084000 0.063965
1 0.265500 0.682394 0.463000 0.058898
1 0.451000 0.803357 0.834000 0.063965
1 0.631000 0.864471 0.642000 0.058265
1 0.493000 0.929702 0.918000 0.072198
1 0.172000 0.864471 0.276000 0.058265
0 0.344000 0.859088 0.068000 0.047498
0 0.449500 0.138695 0.067000 0.046865
0 0.567000 0.318873 0.068000 0.048765
0 0.228500 0.196327 0.065000 0.046865
0 0.095000 0.922736 0.068000 0.048132
0 0.903500 0.798923 0.067000 0.046232
0 0.583500 0.679861 0.067000 0.047498
0 0.471000 0.497783 0.068000 0.046865