1 0.682000 0.265625 0.540000 0.060587
1 0.493000 0.142538 0.918000 0.185587
1 0.223000 0.265625 0.378000 0.060587
1 0.493000 0.325574 0.918000 0.059311
1 0.493000 0.416135 0.918000 0.121811
1 0.824000 0.507015 0.256000 0.059949
1 0.365000 0.507015 0.662000 0.059949
1 0.675000 0.565689 0.554000 0.057398
1 0.643000 0.625957 0.618000 0.063138
1 0.216000 0.565689 0.364000 0.057398
1 0.184000 0.625957 0.300000 0.063138
1 0.570000 0.686543 0.764000 0.058036
1 0.493000 0.744898 0.918000 0.058673
1 0.111000 0.686543 0.154000 0.058036
1 0.716000 0.804209 0.472000 0.059949
1 0.257000 0.804209 0.446000 0.059949
1 0.493000 0.903061 0.918000 0.137755
0 0.088000 0.921237 0.066000 0.047832
0 0.446000 0.261480 0.066000 0.047194
0 0.088000 0.322066 0.066000 0.045918
0 0.370000 0.620217 0.066000 0.049107
0 0.221500 0.682398 0.067000 0.047194
0 0.515000 0.802934 0.068000 0.047194
0 0.437000 0.563138 0.068000 0.045918
0 0.733000 0.502232 0.068000 0.046556