1 0.629500 0.268524 0.673000 0.060798
1 0.507000 0.179227 0.918000 0.117796
1 0.170500 0.268524 0.245000 0.060798
1 0.800000 0.447752 0.332000 0.060798
1 0.507000 0.358138 0.918000 0.118429
1 0.721000 0.563965 0.490000 0.063965
1 0.507000 0.505066 0.918000 0.053832
1 0.341000 0.447752 0.586000 0.060798
1 0.755000 0.742559 0.422000 0.065231
1 0.507000 0.652945 0.918000 0.113996
1 0.262000 0.563965 0.428000 0.063965
1 0.813000 0.864788 0.306000 0.058898
1 0.507000 0.805256 0.918000 0.060165
1 0.296000 0.742559 0.496000 0.065231
1 0.507000 0.929386 0.918000 0.070298
1 0.354000 0.864788 0.612000 0.058898
0 0.698000 0.860355 0.068000 0.046232
0 0.096500 0.919886 0.067000 0.048765
0 0.578500 0.743192 0.067000 0.048765
0 0.329000 0.265991 0.068000 0.046865
0 0.671500 0.445218 0.067000 0.048132
0 0.514000 0.562381 0.068000 0.046865