1 0.734500 0.083281 0.433000 0.067764
1 0.326000 0.083281 0.384000 0.067764
1 0.774000 0.146612 0.354000 0.058898
1 0.084000 0.083281 0.100000 0.067764
1 0.379000 0.146612 0.436000 0.058898
1 0.786500 0.206143 0.329000 0.060165
1 0.097500 0.146612 0.127000 0.058898
1 0.418000 0.206143 0.408000 0.060165
1 0.769000 0.265358 0.364000 0.058265
1 0.124000 0.206143 0.180000 0.060165
1 0.374000 0.265358 0.426000 0.058265
1 0.712500 0.325206 0.477000 0.061431
1 0.097500 0.265358 0.127000 0.058265
1 0.908500 0.384421 0.085000 0.056998
1 0.254000 0.325206 0.440000 0.061431
1 0.658000 0.384421 0.416000 0.056998
1 0.242000 0.384421 0.416000 0.056998
1 0.796500 0.443002 0.309000 0.060165
1 0.466500 0.443002 0.351000 0.060165
1 0.787500 0.504750 0.327000 0.063331
1 0.162500 0.443002 0.257000 0.060165
1 0.457500 0.504750 0.333000 0.063331
1 0.847500 0.566498 0.207000 0.060165
1 0.162500 0.504750 0.257000 0.063331
1 0.576500 0.566498 0.335000 0.060165
1 0.909500 0.626029 0.083000 0.058898
1 0.221500 0.566498 0.375000 0.060165
1 0.646500 0.626029 0.443000 0.058898
1 0.817000 0.685560 0.268000 0.060165
1 0.229500 0.626029 0.391000 0.058898
1 0.358500 0.685560 0.649000 0.060165
1 0.678500 0.746675 0.545000 0.062065
1 0.908000 0.807156 0.086000 0.058898
1 0.220000 0.746675 0.372000 0.062065
1 0.660000 0.807156 0.410000 0.058898
1 0.492500 0.900887 0.917000 0.128562
1 0.244500 0.807156 0.421000 0.058898
0 0.089000 0.922419 0.066000 0.046232
0 0.619500 0.262825 0.065000 0.045598
0 0.088500 0.683027 0.065000 0.047498
0 0.487500 0.381887 0.069000 0.048132
0 0.169500 0.085180 0.065000 0.046232
0 0.902500 0.623496 0.067000 0.046232
0 0.782500 0.563965 0.067000 0.046232
0 0.441500 0.744142 0.069000 0.048132
0 0.328500 0.500950 0.067000 0.045598
0 0.722000 0.683027 0.066000 0.047498
0 0.444000 0.564281 0.066000 0.045598
0 0.902000 0.804940 0.068000 0.046865
0 0.088000 0.381887 0.066000 0.048132
0 0.460500 0.623813 0.067000 0.045598
0 0.675500 0.443319 0.069000 0.048132
0 0.902000 0.382521 0.066000 0.046865
0 0.496000 0.804623 0.068000 0.047498
0 0.196000 0.143445 0.066000 0.047498
0 0.194500 0.261558 0.067000 0.046865
0 0.330500 0.442685 0.069000 0.048132
0 0.660500 0.203293 0.065000 0.046865
0 0.508500 0.322989 0.067000 0.046865
0 0.630000 0.143129 0.066000 0.048132
0 0.556000 0.085497 0.066000 0.045598
0 0.658500 0.500950 0.067000 0.045598
0 0.301500 0.203293 0.067000 0.046865