1 0.919500 0.262825 0.093000 0.063331
1 0.508500 0.141229 0.915000 0.179861
1 0.462000 0.262825 0.822000 0.063331
1 0.552000 0.321406 0.828000 0.053832
1 0.094500 0.321406 0.087000 0.053832
1 0.508500 0.379037 0.915000 0.061431
1 0.917000 0.440785 0.098000 0.062065
1 0.508500 0.500000 0.915000 0.056365
1 0.459500 0.440785 0.817000 0.062065
1 0.731000 0.558581 0.470000 0.060798
1 0.273500 0.558581 0.445000 0.060798
1 0.920000 0.676377 0.092000 0.062065
1 0.508500 0.617163 0.915000 0.056365
1 0.508500 0.736225 0.915000 0.057631
1 0.462500 0.676377 0.823000 0.062065
1 0.508500 0.824889 0.915000 0.119696
1 0.508500 0.924319 0.915000 0.079164
0 0.090000 0.732742 0.068000 0.048132
0 0.093000 0.913236 0.068000 0.046865
0 0.093500 0.851488 0.069000 0.046232
0 0.907500 0.258075 0.065000 0.047498
0 0.531000 0.555415 0.068000 0.048132
0 0.174500 0.317606 0.067000 0.048765
0 0.905000 0.672894 0.068000 0.047498
0 0.904000 0.436669 0.068000 0.044965