1 0.695000 0.082331 0.544000 0.063331
1 0.706000 0.144079 0.522000 0.060165
1 0.237000 0.082331 0.372000 0.063331
1 0.822500 0.204877 0.289000 0.061431
1 0.248000 0.144079 0.394000 0.060165
1 0.813500 0.265041 0.307000 0.058898
1 0.364500 0.204877 0.627000 0.061431
1 0.355500 0.265041 0.609000 0.058898
1 0.555000 0.323939 0.824000 0.058898
1 0.097000 0.323939 0.092000 0.058898
1 0.509000 0.384104 0.916000 0.061431
1 0.700500 0.445218 0.533000 0.060798
1 0.626000 0.503483 0.682000 0.055731
1 0.242500 0.445218 0.383000 0.060798
1 0.168000 0.503483 0.234000 0.055731
1 0.509000 0.564598 0.916000 0.066498
1 0.921500 0.626662 0.091000 0.057631
1 0.506500 0.626662 0.739000 0.057631
1 0.509000 0.684294 0.916000 0.057631
1 0.721000 0.741925 0.492000 0.057631
1 0.094000 0.626662 0.086000 0.057631
1 0.263000 0.741925 0.424000 0.057631
1 0.509000 0.800507 0.916000 0.059531
1 0.860500 0.861621 0.213000 0.062698
1 0.402500 0.861621 0.703000 0.062698
1 0.509000 0.929069 0.916000 0.072198
0 0.461000 0.083597 0.066000 0.046865
0 0.478500 0.143762 0.067000 0.048132
0 0.171000 0.621913 0.068000 0.046865
0 0.230000 0.322039 0.068000 0.046232
0 0.713500 0.203293 0.067000 0.046865
0 0.694500 0.263775 0.067000 0.046232
0 0.516000 0.740975 0.068000 0.048132
0 0.475000 0.441419 0.068000 0.048132
0 0.104500 0.922736 0.067000 0.045598
0 0.790500 0.859405 0.067000 0.048132
0 0.319500 0.500000 0.067000 0.046232
0 0.910500 0.621913 0.067000 0.046865