1 0.498000 0.115215 0.924000 0.129419
1 0.498000 0.211174 0.924000 0.062500
1 0.912500 0.271149 0.095000 0.057449
1 0.530500 0.389836 0.859000 0.066288
1 0.450500 0.271149 0.829000 0.057449
1 0.498000 0.328283 0.924000 0.056818
1 0.068500 0.389836 0.065000 0.066288
1 0.498000 0.479798 0.924000 0.113636
1 0.911500 0.566288 0.097000 0.059343
1 0.607000 0.626894 0.706000 0.061869
1 0.449500 0.566288 0.827000 0.059343
1 0.498000 0.687816 0.924000 0.059975
1 0.145000 0.626894 0.218000 0.061869
1 0.799500 0.809659 0.321000 0.058712
1 0.498000 0.749053 0.924000 0.062500
1 0.498000 0.905303 0.924000 0.132576
1 0.337500 0.809659 0.603000 0.058712
0 0.085000 0.686237 0.066000 0.045455
0 0.084000 0.146465 0.066000 0.046717
0 0.288500 0.626578 0.067000 0.046086
0 0.903500 0.266730 0.069000 0.047348
0 0.084000 0.926452 0.066000 0.046086
0 0.901500 0.564394 0.069000 0.046717
0 0.671500 0.805556 0.071000 0.047980
0 0.137500 0.389205 0.067000 0.047348