1 0.493000 0.140279 0.916000 0.180494
1 0.864500 0.260291 0.173000 0.059531
1 0.493000 0.322356 0.916000 0.064598
1 0.799500 0.382521 0.303000 0.055731
1 0.406500 0.260291 0.743000 0.059531
1 0.905500 0.500317 0.091000 0.059531
1 0.493000 0.440469 0.916000 0.060165
1 0.341500 0.382521 0.613000 0.055731
1 0.848500 0.560798 0.205000 0.061431
1 0.447500 0.500317 0.825000 0.059531
1 0.390500 0.560798 0.711000 0.061431
1 0.826000 0.620329 0.250000 0.057631
1 0.819500 0.798923 0.263000 0.060165
1 0.493000 0.708993 0.916000 0.119696
1 0.368000 0.620329 0.666000 0.057631
1 0.361500 0.798923 0.653000 0.060165
1 0.493000 0.896770 0.916000 0.135529
0 0.783500 0.559215 0.067000 0.046865
0 0.721000 0.796073 0.066000 0.046865
0 0.814500 0.259025 0.069000 0.046865
0 0.899500 0.497467 0.067000 0.046232
0 0.086500 0.917669 0.067000 0.048132
0 0.745000 0.618113 0.068000 0.048132
0 0.685500 0.379987 0.067000 0.048132