1 0.508500 0.111146 0.915000 0.122229
1 0.726500 0.203610 0.479000 0.062698
1 0.269000 0.203610 0.436000 0.062698
1 0.508500 0.266308 0.915000 0.062698
1 0.599000 0.326472 0.734000 0.057631
1 0.508500 0.416086 0.915000 0.121596
1 0.878500 0.507600 0.175000 0.061431
1 0.141500 0.326472 0.181000 0.057631
1 0.508500 0.568398 0.915000 0.060165
1 0.843500 0.627612 0.245000 0.058265
1 0.421000 0.507600 0.740000 0.061431
1 0.386000 0.627612 0.670000 0.058265
1 0.810000 0.688727 0.312000 0.063965
1 0.352500 0.688727 0.603000 0.063965
1 0.665500 0.752058 0.601000 0.062698
1 0.208000 0.752058 0.314000 0.062698
1 0.508500 0.813806 0.915000 0.060798
1 0.897000 0.873021 0.138000 0.057631
1 0.508500 0.933502 0.915000 0.063331
1 0.439500 0.873021 0.777000 0.057631
0 0.403500 0.747625 0.065000 0.046232
0 0.524000 0.201393 0.066000 0.046865
0 0.268500 0.324573 0.067000 0.046232
0 0.106000 0.931286 0.068000 0.048765
0 0.916500 0.869221 0.065000 0.048765
0 0.692000 0.686194 0.068000 0.046232
0 0.828500 0.505066 0.067000 0.048765
0 0.755500 0.627296 0.067000 0.047498