1 0.778500 0.149778 0.377000 0.060165
1 0.508500 0.084864 0.917000 0.069664
1 0.657500 0.208676 0.619000 0.057631
1 0.320000 0.149778 0.540000 0.060165
1 0.508500 0.267258 0.917000 0.059531
1 0.199000 0.208676 0.298000 0.057631
1 0.607500 0.324889 0.719000 0.055731
1 0.847500 0.381887 0.239000 0.058265
1 0.149000 0.324889 0.198000 0.055731
1 0.389000 0.381887 0.678000 0.058265
1 0.801500 0.439835 0.331000 0.057631
1 0.851500 0.501583 0.231000 0.065864
1 0.343000 0.439835 0.586000 0.057631
1 0.393000 0.501583 0.686000 0.065864
1 0.664500 0.563331 0.605000 0.057631
1 0.654500 0.622546 0.625000 0.060798
1 0.206000 0.563331 0.312000 0.057631
1 0.508500 0.680494 0.917000 0.055098
1 0.196000 0.622546 0.292000 0.060798
1 0.763500 0.737492 0.407000 0.058898
1 0.305000 0.737492 0.510000 0.058898
1 0.591500 0.798607 0.751000 0.063331
1 0.580500 0.857821 0.773000 0.055098
1 0.133000 0.798607 0.166000 0.063331
1 0.508500 0.924953 0.917000 0.079164
1 0.122000 0.857821 0.144000 0.055098
0 0.407000 0.559215 0.068000 0.046865
0 0.599000 0.734959 0.068000 0.044965
0 0.249500 0.793857 0.067000 0.047498
0 0.385000 0.618113 0.066000 0.046865
0 0.285500 0.320773 0.065000 0.046232
0 0.678000 0.438252 0.066000 0.044332
0 0.388500 0.205510 0.067000 0.046232
0 0.759500 0.379671 0.065000 0.046232
0 0.235500 0.852755 0.069000 0.046232
0 0.774000 0.500000 0.068000 0.044965
0 0.101500 0.912286 0.067000 0.046232
0 0.632000 0.145662 0.066000 0.046865