1 0.531500 0.082331 0.843000 0.065864
1 0.664500 0.145978 0.577000 0.061431
1 0.073000 0.082331 0.074000 0.065864
1 0.494500 0.206143 0.917000 0.058898
1 0.206000 0.145978 0.340000 0.061431
1 0.907000 0.266308 0.092000 0.061431
1 0.870500 0.325206 0.165000 0.056365
1 0.448500 0.266308 0.825000 0.061431
1 0.412000 0.325206 0.752000 0.056365
1 0.752000 0.384737 0.402000 0.062698
1 0.293500 0.384737 0.515000 0.062698
1 0.839500 0.445852 0.227000 0.059531
1 0.598000 0.504117 0.710000 0.056998
1 0.381000 0.445852 0.690000 0.059531
1 0.909000 0.623496 0.088000 0.062698
1 0.494500 0.562381 0.917000 0.059531
1 0.139500 0.504117 0.207000 0.056998
1 0.450500 0.623496 0.829000 0.062698
1 0.862500 0.684611 0.181000 0.059531
1 0.776000 0.742875 0.354000 0.056998
1 0.404000 0.684611 0.736000 0.059531
1 0.317500 0.742875 0.563000 0.056998
1 0.632500 0.802407 0.641000 0.062065
1 0.730500 0.862255 0.445000 0.057631
1 0.174000 0.802407 0.276000 0.062065
1 0.272000 0.862255 0.472000 0.057631
1 0.842500 0.927802 0.221000 0.073464
1 0.384000 0.927802 0.696000 0.073464
0 0.542500 0.859088 0.067000 0.047498
0 0.900000 0.262191 0.068000 0.046865
0 0.089500 0.918619 0.067000 0.048765
0 0.146000 0.084231 0.066000 0.046865
0 0.409000 0.143762 0.066000 0.048132
0 0.822000 0.321406 0.066000 0.047498
0 0.900500 0.621279 0.069000 0.046865
0 0.587000 0.382521 0.068000 0.048132
0 0.807500 0.681127 0.069000 0.048765
0 0.348000 0.802723 0.068000 0.047498
0 0.634500 0.740342 0.067000 0.046865
0 0.761000 0.442052 0.068000 0.048132
0 0.769000 0.919253 0.066000 0.048765
0 0.277500 0.502217 0.069000 0.046865