1 0.923000 0.262825 0.084000 0.056998
1 0.506500 0.142179 0.917000 0.184294
1 0.830500 0.386637 0.269000 0.063965
1 0.464500 0.262825 0.833000 0.056998
1 0.506500 0.322989 0.917000 0.063331
1 0.372000 0.386637 0.648000 0.063965
1 0.586500 0.446802 0.757000 0.056365
1 0.128000 0.446802 0.160000 0.056365
1 0.506500 0.506650 0.917000 0.063331
1 0.506500 0.569348 0.917000 0.062065
1 0.593000 0.630146 0.744000 0.059531
1 0.924500 0.813490 0.081000 0.062698
1 0.506500 0.721026 0.917000 0.122229
1 0.134500 0.630146 0.173000 0.059531
1 0.466000 0.813490 0.836000 0.062698
1 0.506500 0.904687 0.917000 0.119696
0 0.920500 0.812540 0.069000 0.048132
0 0.920000 0.260608 0.068000 0.047498
0 0.733500 0.383471 0.069000 0.047498
0 0.101500 0.932236 0.069000 0.048132
0 0.247000 0.444269 0.068000 0.050032
0 0.097000 0.504433 0.070000 0.048765
0 0.259500 0.627612 0.069000 0.049398