1 0.798500 0.081697 0.335000 0.063331
1 0.497000 0.081697 0.268000 0.063331
1 0.205500 0.081697 0.315000 0.063331
1 0.838500 0.145345 0.255000 0.063965
1 0.556500 0.145345 0.309000 0.063965
1 0.225000 0.145345 0.354000 0.063965
1 0.802000 0.205193 0.328000 0.055731
1 0.526500 0.205193 0.223000 0.055731
1 0.285500 0.205193 0.259000 0.055731
1 0.827500 0.261875 0.277000 0.057631
1 0.102000 0.205193 0.108000 0.055731
1 0.489500 0.261875 0.399000 0.057631
1 0.169000 0.261875 0.242000 0.057631
1 0.921000 0.321089 0.090000 0.060798
1 0.722000 0.321089 0.308000 0.060798
1 0.373500 0.321089 0.389000 0.060798
1 0.888000 0.382837 0.156000 0.062698
1 0.113500 0.321089 0.131000 0.060798
1 0.669500 0.382837 0.281000 0.062698
1 0.288500 0.382837 0.481000 0.062698
1 0.766500 0.445218 0.399000 0.062065
1 0.377000 0.445218 0.380000 0.062065
1 0.781000 0.506333 0.370000 0.060165
1 0.117500 0.445218 0.139000 0.062065
1 0.322000 0.506333 0.548000 0.060165
1 0.507000 0.655478 0.918000 0.115263
1 0.869500 0.805890 0.193000 0.061431
1 0.507000 0.744142 0.918000 0.062065
1 0.410500 0.805890 0.725000 0.061431
1 0.541000 0.866371 0.850000 0.059531
1 0.507000 0.930336 0.918000 0.068398
1 0.082000 0.866371 0.068000 0.059531
0 0.666000 0.085814 0.066000 0.047498
0 0.600500 0.445535 0.065000 0.047498
0 0.561500 0.385687 0.065000 0.045598
0 0.104000 0.683977 0.070000 0.046865
0 0.629000 0.505700 0.068000 0.047498
0 0.446500 0.207093 0.065000 0.046865
0 0.745500 0.146612 0.067000 0.047498
0 0.153000 0.863838 0.070000 0.046865
0 0.097000 0.085497 0.066000 0.046865
0 0.095500 0.385054 0.065000 0.046865
0 0.843000 0.385370 0.066000 0.046232
0 0.189000 0.205193 0.064000 0.046865
0 0.099500 0.144712 0.065000 0.047498
0 0.671000 0.204877 0.064000 0.047498
0 0.213500 0.323623 0.067000 0.048132
0 0.103000 0.505383 0.068000 0.046865
0 0.221500 0.445535 0.067000 0.047498
0 0.328000 0.266624 0.068000 0.048132
0 0.721000 0.266624 0.066000 0.046865
0 0.810500 0.803357 0.067000 0.047498
0 0.602000 0.323623 0.066000 0.045598
0 0.434500 0.146612 0.065000 0.047498
0 0.398500 0.086447 0.065000 0.044965
0 0.102500 0.926536 0.067000 0.045598
0 0.103000 0.803673 0.068000 0.046865
0 0.910500 0.324256 0.069000 0.046865