1 0.741000 0.082014 0.452000 0.063965
1 0.281500 0.082014 0.467000 0.063965
1 0.919500 0.144712 0.095000 0.061431
1 0.687500 0.144712 0.369000 0.061431
1 0.317500 0.144712 0.371000 0.061431
1 0.507500 0.203293 0.919000 0.055731
1 0.090000 0.144712 0.084000 0.061431
1 0.715000 0.261558 0.504000 0.060798
1 0.255500 0.261558 0.415000 0.060798
1 0.675000 0.324573 0.584000 0.065231
1 0.756500 0.386637 0.421000 0.058898
1 0.215500 0.324573 0.335000 0.065231
1 0.297000 0.386637 0.498000 0.058898
1 0.718000 0.446485 0.498000 0.060798
1 0.258500 0.446485 0.421000 0.060798
1 0.769500 0.507916 0.395000 0.062065
1 0.419000 0.507916 0.306000 0.062065
1 0.736000 0.568714 0.462000 0.059531
1 0.157000 0.507916 0.218000 0.062065
1 0.276500 0.568714 0.457000 0.059531
1 0.862000 0.627612 0.210000 0.058265
1 0.521500 0.627612 0.471000 0.058265
1 0.167000 0.627612 0.238000 0.058265
1 0.801000 0.689360 0.332000 0.065231
1 0.407000 0.689360 0.456000 0.065231
1 0.113500 0.689360 0.131000 0.065231
1 0.835500 0.751108 0.263000 0.058265
1 0.517000 0.751108 0.374000 0.058265
1 0.189000 0.751108 0.282000 0.058265
1 0.624000 0.810323 0.686000 0.060165
1 0.760000 0.872704 0.414000 0.064598
1 0.164500 0.810323 0.233000 0.060165
1 0.300500 0.872704 0.505000 0.064598
1 0.507500 0.934452 0.919000 0.058898
0 0.366500 0.809373 0.067000 0.046865
0 0.580500 0.386004 0.067000 0.047498
0 0.504500 0.443952 0.067000 0.049398
0 0.538500 0.567764 0.067000 0.047498
0 0.670500 0.688410 0.065000 0.048132
0 0.298500 0.507600 0.067000 0.047498
0 0.606000 0.507916 0.066000 0.049398
0 0.213000 0.688094 0.066000 0.046232
0 0.365000 0.749208 0.066000 0.045598
0 0.165500 0.141862 0.067000 0.048132
0 0.497500 0.264408 0.067000 0.046232
0 0.589000 0.868904 0.068000 0.049398
0 0.540500 0.142495 0.065000 0.048132
0 0.101500 0.930969 0.067000 0.046865
0 0.740000 0.749525 0.066000 0.046232
0 0.099500 0.868904 0.067000 0.048132
0 0.909500 0.142495 0.067000 0.048132
0 0.790500 0.626346 0.067000 0.048132
0 0.100500 0.443952 0.067000 0.048132
0 0.320000 0.626662 0.066000 0.047498
0 0.101500 0.203293 0.067000 0.048132
0 0.548500 0.080747 0.067000 0.048765
0 0.417000 0.323623 0.068000 0.045598
0 0.099000 0.385687 0.066000 0.046865