1 0.502000 0.082071 0.924000 0.063131
1 0.820500 0.144886 0.287000 0.062500
1 0.569000 0.205808 0.790000 0.059343
1 0.358500 0.144886 0.637000 0.062500
1 0.107000 0.205808 0.134000 0.059343
1 0.655000 0.323864 0.618000 0.061869
1 0.502000 0.264205 0.924000 0.057449
1 0.502000 0.416667 0.924000 0.123737
1 0.193000 0.323864 0.306000 0.061869
1 0.684000 0.508207 0.560000 0.059343
1 0.502000 0.596591 0.924000 0.117424
1 0.658500 0.687500 0.611000 0.064394
1 0.222000 0.508207 0.364000 0.059343
1 0.799500 0.869003 0.329000 0.056187
1 0.196500 0.687500 0.313000 0.064394
1 0.502000 0.780303 0.924000 0.121212
1 0.337500 0.869003 0.595000 0.056187
1 0.502000 0.934659 0.924000 0.075126
0 0.091000 0.926452 0.068000 0.047348
0 0.384000 0.323232 0.068000 0.046717
0 0.669500 0.868687 0.071000 0.049242
0 0.389000 0.685606 0.068000 0.047980
0 0.715000 0.143939 0.068000 0.047980
0 0.438000 0.505366 0.070000 0.048611
0 0.220500 0.204230 0.069000 0.047348