1 0.760500 0.082647 0.381000 0.067764
1 0.302500 0.082647 0.535000 0.067764
1 0.493000 0.207410 0.916000 0.055098
1 0.791000 0.266624 0.320000 0.063331
1 0.464500 0.266624 0.333000 0.063331
1 0.912000 0.327106 0.078000 0.057631
1 0.166500 0.266624 0.263000 0.063331
1 0.692500 0.327106 0.361000 0.057631
1 0.336000 0.327106 0.352000 0.057631
1 0.097500 0.327106 0.125000 0.057631
1 0.605000 0.386004 0.692000 0.060165
1 0.810500 0.446168 0.281000 0.060165
1 0.147000 0.386004 0.224000 0.060165
1 0.421000 0.446168 0.498000 0.060165
1 0.788000 0.505700 0.326000 0.058898
1 0.103500 0.446168 0.137000 0.060165
1 0.391500 0.505700 0.467000 0.058898
1 0.829000 0.565864 0.244000 0.061431
1 0.096500 0.505700 0.123000 0.058898
1 0.575000 0.565864 0.264000 0.061431
1 0.239000 0.565864 0.408000 0.061431
1 0.778500 0.626979 0.345000 0.060798
1 0.405000 0.626979 0.402000 0.060798
1 0.119500 0.626979 0.169000 0.060798
1 0.840500 0.687777 0.221000 0.060798
1 0.560500 0.687777 0.339000 0.060798
1 0.213000 0.687777 0.356000 0.060798
1 0.744500 0.747942 0.413000 0.059531
1 0.363500 0.747942 0.349000 0.059531
1 0.690500 0.806206 0.521000 0.056998
1 0.112000 0.747942 0.154000 0.059531
1 0.906000 0.865104 0.090000 0.060798
1 0.232500 0.806206 0.395000 0.056998
1 0.647500 0.865104 0.427000 0.060798
1 0.234500 0.865104 0.399000 0.060798
1 0.493000 0.930019 0.916000 0.069031
0 0.424500 0.687460 0.067000 0.046232
0 0.898000 0.863838 0.066000 0.045598
0 0.086000 0.687460 0.066000 0.044965
0 0.472000 0.864471 0.068000 0.046865
0 0.663500 0.268524 0.067000 0.048132
0 0.547000 0.324889 0.068000 0.045598
0 0.605500 0.087397 0.065000 0.044332
0 0.225500 0.745408 0.067000 0.048132
0 0.465500 0.804623 0.067000 0.047498
0 0.642000 0.626662 0.064000 0.046232
0 0.705500 0.444902 0.067000 0.047498
0 0.086500 0.926219 0.065000 0.044965
0 0.334000 0.269158 0.070000 0.048132
0 0.086000 0.087397 0.066000 0.044332
0 0.769000 0.687460 0.068000 0.047498
0 0.085500 0.863838 0.065000 0.045598
0 0.742500 0.565864 0.067000 0.047498
0 0.205000 0.444269 0.068000 0.048765
0 0.086000 0.566498 0.066000 0.047498
0 0.574000 0.745408 0.068000 0.046865
0 0.661000 0.504750 0.066000 0.048132
0 0.195000 0.325206 0.066000 0.046232
0 0.193500 0.505383 0.065000 0.048132
0 0.476000 0.566181 0.066000 0.048132
0 0.237500 0.626979 0.065000 0.046865
0 0.297000 0.385054 0.068000 0.048132
0 0.908500 0.325522 0.065000 0.045598