1 0.539500 0.079481 0.827000 0.060165
1 0.081000 0.079481 0.090000 0.060165
1 0.670000 0.141229 0.566000 0.063331
1 0.211500 0.141229 0.351000 0.063331
1 0.665000 0.202343 0.576000 0.058898
1 0.713500 0.259341 0.479000 0.055098
1 0.206500 0.202343 0.341000 0.058898
1 0.255000 0.259341 0.438000 0.055098
1 0.754500 0.318873 0.397000 0.063965
1 0.296000 0.318873 0.520000 0.063965
1 0.906500 0.382837 0.093000 0.063965
1 0.544500 0.382837 0.631000 0.063965
1 0.132500 0.382837 0.193000 0.063965
1 0.717000 0.444585 0.472000 0.059531
1 0.808000 0.504750 0.290000 0.060798
1 0.258500 0.444585 0.445000 0.059531
1 0.396500 0.504750 0.533000 0.060798
1 0.083000 0.504750 0.094000 0.060798
1 0.738000 0.565548 0.430000 0.060798
1 0.832500 0.623813 0.241000 0.055731
1 0.279500 0.565548 0.487000 0.060798
1 0.430000 0.623813 0.564000 0.055731
1 0.092000 0.623813 0.112000 0.055731
1 0.494500 0.684294 0.917000 0.065231
1 0.742500 0.745092 0.421000 0.056365
1 0.670500 0.802723 0.565000 0.058898
1 0.284000 0.745092 0.496000 0.056365
1 0.212000 0.802723 0.352000 0.058898
1 0.828500 0.863838 0.249000 0.063331
1 0.420000 0.863838 0.568000 0.063331
1 0.086000 0.863838 0.100000 0.063331
1 0.790000 0.930019 0.326000 0.069031
1 0.331500 0.930019 0.591000 0.069031
0 0.737500 0.862255 0.069000 0.047498
0 0.567000 0.742559 0.068000 0.047498
0 0.662500 0.922736 0.067000 0.046865
0 0.746000 0.620963 0.068000 0.048765
0 0.181500 0.619696 0.067000 0.047498
0 0.557500 0.562381 0.069000 0.046865
0 0.516000 0.258391 0.068000 0.046865
0 0.419500 0.139329 0.069000 0.045598
0 0.424500 0.803990 0.067000 0.047498
0 0.415000 0.198860 0.066000 0.045598
0 0.172500 0.866688 0.069000 0.048765
0 0.595000 0.318873 0.068000 0.048765
0 0.084500 0.923369 0.067000 0.045598
0 0.267000 0.376821 0.066000 0.046865
0 0.701000 0.499367 0.066000 0.046232
0 0.517500 0.440152 0.067000 0.048132
0 0.898500 0.378721 0.067000 0.046865
0 0.166000 0.500950 0.066000 0.045598
0 0.160500 0.081381 0.069000 0.047498