1 0.878000 0.145978 0.178000 0.061431
1 0.508000 0.082647 0.918000 0.065231
1 0.419000 0.145978 0.740000 0.061431
1 0.571500 0.205193 0.791000 0.056998
1 0.508000 0.294174 0.918000 0.120963
1 0.112500 0.205193 0.127000 0.056998
1 0.920000 0.382837 0.094000 0.056365
1 0.679500 0.440785 0.575000 0.059531
1 0.461000 0.382837 0.824000 0.056365
1 0.220500 0.440785 0.343000 0.059531
1 0.559500 0.500000 0.815000 0.058898
1 0.100500 0.500000 0.103000 0.058898
1 0.508000 0.562381 0.918000 0.065864
1 0.675000 0.623496 0.584000 0.056365
1 0.216000 0.623496 0.334000 0.056365
1 0.508000 0.709310 0.918000 0.115263
1 0.921500 0.798923 0.091000 0.063965
1 0.462500 0.798923 0.827000 0.063965
1 0.733500 0.858455 0.467000 0.055098
1 0.508000 0.925586 0.918000 0.079164
1 0.274500 0.858455 0.451000 0.055098
0 0.825500 0.143445 0.065000 0.047498
0 0.102000 0.917669 0.068000 0.048132
0 0.912000 0.380937 0.068000 0.047498
0 0.425500 0.619063 0.067000 0.048765
0 0.186000 0.500633 0.064000 0.046232
0 0.214500 0.201393 0.067000 0.045598
0 0.430500 0.440785 0.069000 0.048132
0 0.533500 0.857821 0.067000 0.047498
0 0.911500 0.798607 0.067000 0.046865