1 0.838500 0.146612 0.229000 0.056365
1 0.494500 0.083914 0.917000 0.069031
1 0.609500 0.204560 0.687000 0.059531
1 0.380000 0.146612 0.688000 0.056365
1 0.151000 0.204560 0.230000 0.059531
1 0.707000 0.325522 0.492000 0.062065
1 0.494500 0.264408 0.917000 0.060165
1 0.667500 0.505383 0.571000 0.064598
1 0.494500 0.414820 0.917000 0.116529
1 0.248500 0.325522 0.425000 0.062065
1 0.209000 0.505383 0.346000 0.064598
1 0.570500 0.566181 0.765000 0.056998
1 0.740500 0.685560 0.425000 0.061431
1 0.494500 0.624763 0.917000 0.060165
1 0.112000 0.566181 0.152000 0.056998
1 0.528000 0.805573 0.850000 0.060798
1 0.494500 0.745725 0.917000 0.058898
1 0.282000 0.685560 0.492000 0.061431
1 0.069500 0.805573 0.067000 0.060798
1 0.494500 0.866054 0.917000 0.060165
1 0.809500 0.930336 0.287000 0.068398
1 0.351000 0.930336 0.630000 0.068398
0 0.760500 0.143129 0.067000 0.049398
0 0.227500 0.565548 0.065000 0.045598
0 0.701000 0.922419 0.066000 0.046232
0 0.087000 0.924953 0.066000 0.046232
0 0.615000 0.684927 0.068000 0.046232
0 0.142000 0.803357 0.068000 0.046232
0 0.420000 0.504750 0.068000 0.048132
0 0.496500 0.321723 0.067000 0.046865
0 0.302000 0.203610 0.068000 0.046232