1 0.493000 0.115579 0.918000 0.132362
1 0.493000 0.239075 0.918000 0.114630
1 0.909000 0.326789 0.086000 0.060798
1 0.450000 0.326789 0.832000 0.060798
1 0.794000 0.387270 0.316000 0.060165
1 0.612500 0.446485 0.679000 0.058265
1 0.335000 0.387270 0.602000 0.060165
1 0.799000 0.624763 0.306000 0.062698
1 0.153500 0.446485 0.239000 0.058265
1 0.493000 0.534516 0.918000 0.117796
1 0.721500 0.685877 0.461000 0.059531
1 0.340000 0.624763 0.612000 0.062698
1 0.262500 0.685877 0.457000 0.059531
1 0.583500 0.744775 0.737000 0.058265
1 0.124500 0.744775 0.181000 0.058265
1 0.910000 0.862888 0.084000 0.063965
1 0.493000 0.802407 0.918000 0.056998
1 0.451000 0.862888 0.834000 0.063965
1 0.493000 0.930019 0.918000 0.070298
0 0.903000 0.859088 0.068000 0.047498
0 0.529500 0.682711 0.067000 0.048132
0 0.250500 0.741925 0.069000 0.047498
0 0.680000 0.623813 0.066000 0.045598
0 0.084000 0.921786 0.068000 0.046232
0 0.083500 0.147562 0.067000 0.044332
0 0.902500 0.327739 0.069000 0.046232
0 0.674500 0.385687 0.069000 0.045598
0 0.358000 0.444902 0.068000 0.047498