1 0.603000 0.082647 0.728000 0.065231
1 0.828000 0.207093 0.278000 0.062065
1 0.509000 0.145662 0.916000 0.060798
1 0.145000 0.082647 0.188000 0.065231
1 0.714500 0.323306 0.505000 0.056365
1 0.370000 0.207093 0.638000 0.062065
1 0.509000 0.266624 0.916000 0.056998
1 0.256500 0.323306 0.411000 0.056365
1 0.608000 0.442052 0.718000 0.058265
1 0.509000 0.382204 0.916000 0.061431
1 0.509000 0.502533 0.916000 0.062698
1 0.863500 0.564281 0.207000 0.060798
1 0.150000 0.442052 0.198000 0.058265
1 0.405500 0.564281 0.709000 0.060798
1 0.740500 0.623813 0.453000 0.058265
1 0.282500 0.623813 0.463000 0.058265
1 0.560500 0.682711 0.813000 0.059531
1 0.509000 0.838505 0.916000 0.252058
1 0.102500 0.682711 0.103000 0.059531
0 0.794500 0.558581 0.067000 0.046865
0 0.105500 0.919886 0.067000 0.048765
0 0.722500 0.204560 0.067000 0.046865
0 0.500500 0.320456 0.067000 0.046865
0 0.187000 0.680177 0.066000 0.048132
0 0.285000 0.442369 0.066000 0.047498
0 0.554500 0.620329 0.067000 0.047498
0 0.276500 0.082964 0.067000 0.046865