1 0.720500 0.081697 0.461000 0.064598
1 0.262500 0.081697 0.455000 0.064598
1 0.744500 0.144079 0.413000 0.060165
1 0.365000 0.144079 0.346000 0.060165
1 0.113500 0.144079 0.157000 0.060165
1 0.780500 0.204560 0.341000 0.060798
1 0.397000 0.204560 0.426000 0.060798
1 0.793500 0.266624 0.315000 0.063331
1 0.109500 0.204560 0.149000 0.060798
1 0.414500 0.266624 0.443000 0.063331
1 0.818000 0.326789 0.266000 0.056998
1 0.114000 0.266624 0.158000 0.063331
1 0.513000 0.326789 0.344000 0.056998
1 0.828500 0.386637 0.245000 0.062698
1 0.188000 0.326789 0.306000 0.056998
1 0.494000 0.386637 0.424000 0.062698
1 0.832500 0.445852 0.237000 0.055731
1 0.158500 0.386637 0.247000 0.062698
1 0.479000 0.445852 0.470000 0.055731
1 0.792500 0.505066 0.317000 0.062698
1 0.139500 0.445852 0.209000 0.055731
1 0.410000 0.505066 0.448000 0.062698
1 0.756500 0.566181 0.389000 0.059531
1 0.110500 0.505066 0.151000 0.062698
1 0.921500 0.626029 0.059000 0.060165
1 0.298500 0.566181 0.527000 0.059531
1 0.634000 0.626029 0.516000 0.060165
1 0.205500 0.626029 0.341000 0.060165
1 0.825000 0.686194 0.252000 0.060165
1 0.367000 0.686194 0.664000 0.060165
1 0.710000 0.747308 0.482000 0.062065
1 0.772500 0.807156 0.357000 0.057631
1 0.252000 0.747308 0.434000 0.062065
1 0.808500 0.867004 0.285000 0.062065
1 0.314500 0.807156 0.559000 0.057631
1 0.386500 0.867004 0.559000 0.062065
1 0.071000 0.867004 0.072000 0.062065
1 0.751000 0.931286 0.400000 0.066498
1 0.293000 0.931286 0.516000 0.066498
0 0.737500 0.683661 0.067000 0.047498
0 0.738000 0.384737 0.066000 0.046232
0 0.525000 0.085814 0.066000 0.046232
0 0.507000 0.743509 0.070000 0.048132
0 0.224500 0.145662 0.067000 0.046865
0 0.413000 0.622863 0.068000 0.046232
0 0.077000 0.564598 0.068000 0.047498
0 0.227000 0.265358 0.066000 0.045598
0 0.720500 0.324889 0.067000 0.045598
0 0.630500 0.804940 0.069000 0.048132
0 0.583500 0.925586 0.067000 0.044965
0 0.699000 0.866054 0.068000 0.047498
0 0.222000 0.204877 0.068000 0.047498
0 0.670500 0.265991 0.067000 0.046865
0 0.223500 0.504117 0.067000 0.046865
0 0.648000 0.205193 0.068000 0.048132
0 0.281500 0.443952 0.069000 0.048132
0 0.748500 0.444269 0.067000 0.047498
0 0.573000 0.145345 0.068000 0.048765
0 0.145500 0.865104 0.067000 0.046865
0 0.597000 0.563965 0.068000 0.044965
0 0.668500 0.504117 0.069000 0.048132
0 0.077500 0.925586 0.067000 0.046232
0 0.081500 0.086130 0.067000 0.045598
0 0.379500 0.325206 0.069000 0.046232
0 0.319000 0.385370 0.068000 0.046232
0 0.078000 0.683661 0.068000 0.047498