1 0.507500 0.110513 0.917000 0.120963
1 0.863000 0.202343 0.206000 0.062698
1 0.918000 0.384737 0.096000 0.063965
1 0.507500 0.293224 0.917000 0.119063
1 0.404500 0.202343 0.711000 0.062698
1 0.459500 0.384737 0.821000 0.063965
1 0.804500 0.446485 0.323000 0.059531
1 0.346000 0.446485 0.594000 0.059531
1 0.715000 0.506016 0.502000 0.059531
1 0.507500 0.750158 0.917000 0.428752
1 0.256500 0.506016 0.415000 0.059531
0 0.095500 0.930652 0.069000 0.048765
0 0.499500 0.506650 0.069000 0.049398
0 0.795500 0.202977 0.067000 0.047498
0 0.675000 0.443319 0.068000 0.049398
0 0.913000 0.386004 0.068000 0.046232