1 0.682000 0.080747 0.542000 0.063965
1 0.223500 0.080747 0.375000 0.063965
1 0.575000 0.144712 0.756000 0.063965
1 0.116500 0.144712 0.161000 0.063965
1 0.494500 0.205826 0.917000 0.058265
1 0.803500 0.265358 0.299000 0.060798
1 0.494500 0.325206 0.917000 0.058898
1 0.345000 0.265358 0.618000 0.060798
1 0.856000 0.385687 0.194000 0.062065
1 0.653000 0.448068 0.600000 0.062698
1 0.397500 0.385687 0.723000 0.062065
1 0.541500 0.506016 0.823000 0.053198
1 0.194500 0.448068 0.317000 0.062698
1 0.083000 0.506016 0.094000 0.053198
1 0.494500 0.562698 0.917000 0.060165
1 0.824500 0.625079 0.257000 0.064598
1 0.366000 0.625079 0.660000 0.064598
1 0.555500 0.686827 0.795000 0.058898
1 0.097000 0.686827 0.122000 0.058898
1 0.638000 0.746675 0.630000 0.060798
1 0.179500 0.746675 0.287000 0.060798
1 0.494500 0.808423 0.917000 0.062698
1 0.909000 0.869538 0.088000 0.059531
1 0.596000 0.869538 0.538000 0.059531
1 0.494500 0.931602 0.917000 0.064598
1 0.181500 0.869538 0.291000 0.059531
0 0.233000 0.143762 0.066000 0.048132
0 0.451500 0.083597 0.065000 0.048132
0 0.088500 0.926219 0.065000 0.046232
0 0.392000 0.442685 0.068000 0.048132
0 0.364500 0.865104 0.065000 0.046865
0 0.899000 0.864788 0.066000 0.046232
0 0.361500 0.744775 0.065000 0.048132
0 0.794500 0.382521 0.067000 0.048132
0 0.690000 0.264408 0.066000 0.046232
0 0.167500 0.503483 0.065000 0.046865
0 0.731000 0.623179 0.066000 0.046865
0 0.198000 0.684611 0.068000 0.048132