1 0.508500 0.083281 0.917000 0.067764
1 0.699500 0.262825 0.535000 0.064598
1 0.508500 0.173844 0.917000 0.113363
1 0.241000 0.262825 0.382000 0.064598
1 0.602000 0.325206 0.730000 0.060165
1 0.143500 0.325206 0.187000 0.060165
1 0.710500 0.445535 0.513000 0.060165
1 0.508500 0.385370 0.917000 0.060165
1 0.660000 0.506016 0.614000 0.060798
1 0.252000 0.445535 0.404000 0.060165
1 0.791000 0.565548 0.352000 0.058265
1 0.201500 0.506016 0.303000 0.060798
1 0.508500 0.623813 0.917000 0.058265
1 0.332500 0.565548 0.565000 0.058265
1 0.558000 0.744775 0.818000 0.060798
1 0.508500 0.683661 0.917000 0.061431
1 0.508500 0.806206 0.917000 0.062065
1 0.895500 0.866371 0.143000 0.058265
1 0.099500 0.744775 0.099000 0.060798
1 0.437000 0.866371 0.774000 0.058265
1 0.508500 0.930019 0.917000 0.069031
0 0.088500 0.083281 0.067000 0.047498
0 0.468000 0.263458 0.068000 0.046865
0 0.388000 0.503483 0.066000 0.046865
0 0.491500 0.442685 0.067000 0.048132
0 0.101500 0.621913 0.067000 0.045598
0 0.652500 0.561748 0.069000 0.048132
0 0.102000 0.924319 0.068000 0.046232
0 0.273500 0.322673 0.067000 0.047498
0 0.183000 0.742242 0.068000 0.048132
0 0.913000 0.865421 0.068000 0.046232