1 0.680000 0.146295 0.572000 0.060798
1 0.508000 0.083281 0.916000 0.065231
1 0.222000 0.146295 0.344000 0.060798
1 0.571000 0.265674 0.790000 0.061431
1 0.508000 0.205826 0.916000 0.058265
1 0.113000 0.265674 0.126000 0.061431
1 0.508000 0.386954 0.916000 0.181127
1 0.508000 0.595947 0.916000 0.236859
1 0.508000 0.840089 0.916000 0.251425
0 0.483500 0.146295 0.065000 0.046865
0 0.211500 0.265991 0.067000 0.046865
0 0.101000 0.679861 0.068000 0.047498
0 0.103000 0.919253 0.068000 0.047498
0 0.102000 0.442685 0.068000 0.048132