1 0.492500 0.140912 0.917000 0.181761
1 0.734000 0.262508 0.434000 0.061431
1 0.492500 0.351488 0.917000 0.116529
1 0.275500 0.262508 0.483000 0.061431
1 0.743000 0.441102 0.416000 0.062698
1 0.602500 0.500950 0.697000 0.056998
1 0.284500 0.441102 0.501000 0.062698
1 0.492500 0.617479 0.917000 0.176061
1 0.144000 0.500950 0.220000 0.056998
1 0.492500 0.734642 0.917000 0.058265
1 0.761500 0.858455 0.379000 0.057631
1 0.492500 0.796707 0.917000 0.065864
1 0.303000 0.858455 0.538000 0.057631
1 0.492500 0.925902 0.917000 0.077264
0 0.089500 0.674794 0.065000 0.044965
0 0.090500 0.732742 0.067000 0.046865
0 0.086000 0.913870 0.066000 0.045598
0 0.610000 0.856871 0.068000 0.048132
0 0.573500 0.441102 0.067000 0.047498
0 0.555500 0.260291 0.067000 0.045598
0 0.292500 0.496517 0.067000 0.046865