1 0.629500 0.141862 0.675000 0.063331
1 0.509500 0.080431 0.915000 0.059531
1 0.172000 0.141862 0.240000 0.063331
1 0.737000 0.382837 0.460000 0.061431
1 0.509500 0.262825 0.915000 0.178594
1 0.509500 0.474668 0.915000 0.122229
1 0.279500 0.382837 0.455000 0.061431
1 0.509500 0.566498 0.915000 0.061431
1 0.774000 0.625079 0.386000 0.055731
1 0.509500 0.684611 0.915000 0.063331
1 0.316500 0.625079 0.529000 0.055731
1 0.811500 0.806206 0.311000 0.062065
1 0.509500 0.745725 0.915000 0.058898
1 0.509500 0.901203 0.915000 0.127929
1 0.354000 0.806206 0.604000 0.062065
0 0.619000 0.621596 0.068000 0.047498
0 0.542500 0.381571 0.069000 0.048765
0 0.332000 0.140912 0.070000 0.048765
0 0.096000 0.928119 0.068000 0.047498
0 0.097000 0.684927 0.068000 0.048765
0 0.691500 0.804940 0.069000 0.048132
0 0.095500 0.500950 0.067000 0.046865