1 0.646000 0.144079 0.610000 0.061431
1 0.492500 0.081381 0.917000 0.063965
1 0.187500 0.144079 0.307000 0.061431
1 0.492500 0.202343 0.917000 0.055098
1 0.834000 0.260608 0.234000 0.061431
1 0.375500 0.260608 0.683000 0.061431
1 0.492500 0.321723 0.917000 0.060798
1 0.730500 0.383471 0.441000 0.062698
1 0.492500 0.444269 0.917000 0.058898
1 0.272000 0.383471 0.476000 0.062698
1 0.685000 0.502533 0.532000 0.057631
1 0.226500 0.502533 0.385000 0.057631
1 0.655500 0.624763 0.591000 0.065231
1 0.492500 0.561748 0.917000 0.060798
1 0.603000 0.683661 0.696000 0.052565
1 0.197000 0.624763 0.326000 0.065231
1 0.492500 0.741609 0.917000 0.063331
1 0.144500 0.683661 0.221000 0.052565
1 0.726000 0.802090 0.450000 0.057631
1 0.685500 0.860671 0.531000 0.059531
1 0.267500 0.802090 0.467000 0.057631
1 0.492500 0.927486 0.917000 0.074098
1 0.227000 0.860671 0.386000 0.059531
0 0.089500 0.922103 0.067000 0.046865
0 0.405000 0.620013 0.068000 0.048132
0 0.543000 0.801140 0.066000 0.046865
0 0.294500 0.682077 0.067000 0.046865
0 0.457000 0.861305 0.068000 0.046865
0 0.457500 0.499683 0.069000 0.045598
0 0.379000 0.141229 0.068000 0.046865
0 0.599500 0.380621 0.067000 0.048132
0 0.752000 0.260925 0.068000 0.045598