1 0.795500 0.147959 0.311000 0.058673
1 0.493000 0.084821 0.916000 0.067602
1 0.825500 0.205995 0.251000 0.057398
1 0.337500 0.147959 0.605000 0.058673
1 0.493000 0.297513 0.916000 0.125638
1 0.570500 0.390306 0.761000 0.059949
1 0.367500 0.205995 0.665000 0.057398
1 0.493000 0.449936 0.916000 0.059311
1 0.759000 0.509566 0.384000 0.059949
1 0.112500 0.390306 0.155000 0.059949
1 0.493000 0.570472 0.916000 0.061862
1 0.301000 0.509566 0.532000 0.059949
1 0.539500 0.632015 0.823000 0.061224
1 0.807500 0.753827 0.287000 0.063776
1 0.493000 0.692283 0.916000 0.059311
1 0.081500 0.632015 0.093000 0.061224
1 0.349500 0.753827 0.629000 0.063776
1 0.493000 0.878189 0.916000 0.184949
0 0.224500 0.389668 0.067000 0.047194
0 0.673500 0.144133 0.067000 0.048469
0 0.086000 0.569196 0.068000 0.049107
0 0.734000 0.205676 0.066000 0.049107
0 0.697500 0.750957 0.065000 0.047832
0 0.084000 0.931760 0.068000 0.048469
0 0.607000 0.508929 0.068000 0.048469
0 0.164500 0.631059 0.065000 0.047832
0 0.085000 0.750638 0.066000 0.048469