1 0.508500 0.112413 0.917000 0.124763
1 0.777500 0.204877 0.379000 0.060165
1 0.319000 0.204877 0.538000 0.060165
1 0.508500 0.265358 0.917000 0.060798
1 0.919500 0.326472 0.095000 0.061431
1 0.719500 0.386320 0.495000 0.058265
1 0.461000 0.326472 0.822000 0.061431
1 0.562000 0.447435 0.810000 0.063965
1 0.261000 0.386320 0.422000 0.058265
1 0.581500 0.567448 0.771000 0.059531
1 0.508500 0.508550 0.917000 0.058265
1 0.103500 0.447435 0.107000 0.063965
1 0.508500 0.626662 0.917000 0.058898
1 0.123000 0.567448 0.146000 0.059531
1 0.565000 0.687460 0.804000 0.062698
1 0.864000 0.805890 0.206000 0.061431
1 0.508500 0.746992 0.917000 0.056365
1 0.106500 0.687460 0.113000 0.062698
1 0.539000 0.866054 0.856000 0.058898
1 0.405500 0.805890 0.711000 0.061431
1 0.080500 0.866054 0.061000 0.058898
1 0.508500 0.929702 0.917000 0.068398
0 0.231500 0.562381 0.069000 0.048132
0 0.799500 0.804623 0.067000 0.048765
0 0.149000 0.863838 0.066000 0.046865
0 0.626500 0.203293 0.069000 0.049398
0 0.200500 0.683344 0.069000 0.048132
0 0.915500 0.323306 0.067000 0.046232
0 0.098500 0.923686 0.067000 0.047498
0 0.512000 0.383787 0.068000 0.049398
0 0.193000 0.443319 0.068000 0.049398