1 0.493000 0.141862 0.916000 0.183661
1 0.833500 0.263141 0.235000 0.058898
1 0.710000 0.444269 0.482000 0.062698
1 0.493000 0.352755 0.916000 0.120329
1 0.375500 0.263141 0.681000 0.058898
1 0.558500 0.506016 0.785000 0.060798
1 0.252000 0.444269 0.434000 0.062698
1 0.100500 0.506016 0.131000 0.060798
1 0.493000 0.595313 0.916000 0.117796
1 0.558500 0.686194 0.785000 0.063965
1 0.712000 0.805890 0.478000 0.061431
1 0.493000 0.746675 0.916000 0.056998
1 0.100500 0.686194 0.131000 0.063965
1 0.254000 0.805890 0.438000 0.061431
1 0.644000 0.866688 0.614000 0.060165
1 0.186000 0.866688 0.302000 0.060165
1 0.493000 0.930969 0.916000 0.068398
0 0.251000 0.684927 0.066000 0.047498
0 0.504000 0.806206 0.066000 0.049398
0 0.372500 0.866688 0.071000 0.048765
0 0.204500 0.504750 0.067000 0.048132
0 0.507000 0.443319 0.068000 0.048132
0 0.753500 0.262191 0.067000 0.045598
0 0.084000 0.925902 0.066000 0.045598