1 0.494500 0.082964 0.915000 0.067131
1 0.870000 0.147878 0.164000 0.062698
1 0.909000 0.208360 0.086000 0.058265
1 0.411000 0.147878 0.754000 0.062698
1 0.535000 0.267891 0.834000 0.060798
1 0.450000 0.208360 0.832000 0.058265
1 0.840000 0.450285 0.224000 0.055731
1 0.493000 0.360355 0.918000 0.124129
1 0.076000 0.267891 0.084000 0.060798
1 0.541500 0.506650 0.821000 0.056998
1 0.381000 0.450285 0.694000 0.055731
1 0.606500 0.565231 0.691000 0.060165
1 0.082500 0.506650 0.097000 0.056998
1 0.147500 0.565231 0.227000 0.060165
1 0.577500 0.626662 0.749000 0.062698
1 0.680000 0.686194 0.544000 0.056365
1 0.118500 0.626662 0.169000 0.062698
1 0.808000 0.803990 0.288000 0.057631
1 0.493000 0.744775 0.918000 0.060798
1 0.221000 0.686194 0.374000 0.056365
1 0.599000 0.863521 0.706000 0.061431
1 0.349000 0.803990 0.630000 0.057631
1 0.493000 0.929069 0.918000 0.069664
1 0.140000 0.863521 0.212000 0.061431
0 0.822500 0.145978 0.067000 0.047498
0 0.088000 0.921786 0.066000 0.046232
0 0.445000 0.682711 0.066000 0.048132
0 0.897000 0.204877 0.066000 0.047498
0 0.154500 0.264091 0.069000 0.046865
0 0.172500 0.505066 0.069000 0.047498
0 0.763000 0.444269 0.070000 0.048765
0 0.295000 0.564281 0.068000 0.046865
0 0.698000 0.800507 0.066000 0.045598
0 0.336000 0.860988 0.068000 0.047498
0 0.240000 0.623179 0.068000 0.045598