1 0.774500 0.267574 0.383000 0.060165
1 0.507500 0.143762 0.917000 0.187460
1 0.822500 0.385687 0.287000 0.060798
1 0.507500 0.326472 0.917000 0.057631
1 0.316000 0.267574 0.534000 0.060165
1 0.923500 0.508550 0.085000 0.060798
1 0.364000 0.385687 0.630000 0.060798
1 0.507500 0.447118 0.917000 0.062065
1 0.465000 0.508550 0.832000 0.060798
1 0.590500 0.568714 0.751000 0.059531
1 0.507500 0.627296 0.917000 0.057631
1 0.925000 0.687460 0.082000 0.062698
1 0.132000 0.568714 0.166000 0.059531
1 0.466500 0.687460 0.835000 0.062698
1 0.791500 0.750158 0.349000 0.062698
1 0.333000 0.750158 0.568000 0.062698
1 0.730000 0.810640 0.472000 0.058265
1 0.271500 0.810640 0.445000 0.058265
1 0.507500 0.902470 0.917000 0.125396
0 0.920500 0.687777 0.069000 0.048132
0 0.622000 0.264408 0.066000 0.046232
0 0.715000 0.383787 0.068000 0.046865
0 0.921000 0.505700 0.070000 0.048765
0 0.528000 0.805573 0.068000 0.049398
0 0.248000 0.566814 0.068000 0.048132
0 0.100500 0.928752 0.069000 0.048765
0 0.652500 0.748258 0.067000 0.048765