1 0.607500 0.142812 0.689000 0.061431
1 0.493500 0.081381 0.917000 0.061431
1 0.149000 0.142812 0.228000 0.061431
1 0.493500 0.203293 0.917000 0.059531
1 0.647000 0.323623 0.610000 0.059531
1 0.493500 0.263458 0.917000 0.060798
1 0.188500 0.323623 0.307000 0.059531
1 0.493500 0.381887 0.917000 0.056998
1 0.829000 0.503800 0.246000 0.062698
1 0.493500 0.441419 0.917000 0.062065
1 0.370500 0.503800 0.671000 0.062698
1 0.664000 0.565231 0.576000 0.060165
1 0.493500 0.656111 0.917000 0.121596
1 0.205500 0.565231 0.341000 0.060165
1 0.842000 0.746358 0.220000 0.058898
1 0.383500 0.746358 0.697000 0.058898
1 0.761500 0.864471 0.381000 0.058265
1 0.493500 0.805573 0.917000 0.059531
1 0.303000 0.864471 0.536000 0.058265
1 0.493500 0.929069 0.917000 0.070931
0 0.603500 0.861938 0.067000 0.046865
0 0.738000 0.500633 0.066000 0.046232
0 0.770000 0.742242 0.068000 0.048132
0 0.382500 0.319506 0.069000 0.048765
0 0.302500 0.139645 0.067000 0.046232
0 0.414500 0.561431 0.069000 0.047498
0 0.080000 0.380304 0.068000 0.048765
0 0.080000 0.198860 0.068000 0.046865
0 0.080000 0.924319 0.068000 0.047498