1 0.600500 0.082331 0.733000 0.064598
1 0.546500 0.142812 0.841000 0.056365
1 0.141500 0.082331 0.185000 0.064598
1 0.087500 0.142812 0.077000 0.056365
1 0.737000 0.201710 0.460000 0.061431
1 0.880000 0.261241 0.174000 0.057631
1 0.278000 0.201710 0.458000 0.061431
1 0.500500 0.261241 0.585000 0.057631
1 0.128500 0.261241 0.159000 0.057631
1 0.820000 0.324573 0.294000 0.069031
1 0.446500 0.324573 0.453000 0.069031
1 0.508000 0.387270 0.918000 0.056365
1 0.134500 0.324573 0.171000 0.069031
1 0.669000 0.446802 0.596000 0.062698
1 0.848500 0.508550 0.237000 0.060798
1 0.210000 0.446802 0.322000 0.062698
1 0.389500 0.508550 0.681000 0.060798
1 0.764000 0.568714 0.406000 0.059531
1 0.305000 0.568714 0.512000 0.059531
1 0.563500 0.627929 0.807000 0.058898
1 0.104500 0.627929 0.111000 0.058898
1 0.723000 0.688094 0.488000 0.061431
1 0.264000 0.688094 0.430000 0.061431
1 0.508000 0.747942 0.918000 0.058265
1 0.924500 0.807156 0.085000 0.060165
1 0.465500 0.807156 0.833000 0.060165
1 0.611500 0.870804 0.711000 0.067131
1 0.762500 0.934769 0.409000 0.060798
1 0.152500 0.870804 0.207000 0.067131
1 0.303500 0.934769 0.509000 0.060798
0 0.918000 0.808106 0.068000 0.048132
0 0.096500 0.685560 0.067000 0.048765
0 0.096500 0.565864 0.069000 0.048765
0 0.765000 0.505066 0.068000 0.048765
0 0.291500 0.869538 0.069000 0.049398
0 0.709000 0.322989 0.068000 0.048132
0 0.097000 0.805573 0.068000 0.048132
0 0.543500 0.203610 0.067000 0.047498
0 0.829500 0.261558 0.067000 0.048132
0 0.097000 0.929386 0.068000 0.047498
0 0.594500 0.929386 0.069000 0.047498
0 0.096500 0.384737 0.067000 0.048765
0 0.599500 0.566498 0.067000 0.047498
0 0.273500 0.081381 0.067000 0.048765
0 0.164000 0.142179 0.068000 0.048765
0 0.241500 0.262508 0.069000 0.046232
0 0.515500 0.686194 0.067000 0.046232
0 0.259500 0.322989 0.067000 0.045598
0 0.413000 0.443952 0.070000 0.049398
0 0.197500 0.625079 0.069000 0.046865