1 0.508500 0.080114 0.917000 0.060165
1 0.665000 0.141229 0.604000 0.062065
1 0.206500 0.141229 0.313000 0.062065
1 0.508500 0.230842 0.917000 0.117163
1 0.756500 0.318556 0.421000 0.058265
1 0.298000 0.318556 0.496000 0.058265
1 0.508500 0.378721 0.917000 0.062065
1 0.853500 0.497783 0.227000 0.059531
1 0.508500 0.438885 0.917000 0.058265
1 0.395000 0.497783 0.690000 0.059531
1 0.662500 0.558265 0.609000 0.061431
1 0.508500 0.618113 0.917000 0.058265
1 0.204000 0.558265 0.308000 0.061431
1 0.638500 0.677327 0.657000 0.060165
1 0.663500 0.857188 0.607000 0.058898
1 0.508500 0.767574 0.917000 0.120329
1 0.180000 0.677327 0.260000 0.060165
1 0.205000 0.857188 0.310000 0.058898
1 0.508500 0.925902 0.917000 0.078531
0 0.584000 0.318556 0.068000 0.048132
0 0.348500 0.673844 0.067000 0.045598
0 0.774500 0.496200 0.067000 0.046232
0 0.095500 0.918303 0.069000 0.048132
0 0.093500 0.378721 0.069000 0.046865
0 0.397000 0.854022 0.068000 0.048765
0 0.400000 0.138695 0.066000 0.045598
0 0.395500 0.557315 0.067000 0.048132