1 0.508500 0.082331 0.917000 0.063331
1 0.606000 0.143762 0.722000 0.059531
1 0.508500 0.264091 0.917000 0.181127
1 0.673500 0.383787 0.587000 0.058265
1 0.147500 0.143762 0.195000 0.059531
1 0.508500 0.442369 0.917000 0.058898
1 0.215000 0.383787 0.330000 0.058265
1 0.508500 0.503167 0.917000 0.062698
1 0.837500 0.624446 0.259000 0.062065
1 0.508500 0.563965 0.917000 0.058898
1 0.657000 0.744142 0.620000 0.056998
1 0.379000 0.624446 0.658000 0.062065
1 0.508500 0.685560 0.917000 0.060165
1 0.562500 0.803040 0.809000 0.060798
1 0.198500 0.744142 0.297000 0.056998
1 0.508500 0.899620 0.917000 0.132362
1 0.104000 0.803040 0.108000 0.060798
0 0.744500 0.621596 0.067000 0.047498
0 0.092500 0.920836 0.069000 0.048132
0 0.390500 0.741925 0.071000 0.048765
0 0.091500 0.501583 0.067000 0.045598
0 0.417500 0.381571 0.067000 0.047498
0 0.092500 0.441419 0.069000 0.048132
0 0.281500 0.140279 0.067000 0.047498
0 0.197500 0.800190 0.069000 0.047498