1 0.493000 0.143445 0.918000 0.189360
1 0.709000 0.268524 0.486000 0.060798
1 0.250000 0.268524 0.432000 0.060798
1 0.635000 0.327106 0.634000 0.056365
1 0.176000 0.327106 0.284000 0.056365
1 0.623000 0.385370 0.658000 0.060165
1 0.493000 0.444585 0.918000 0.058265
1 0.164000 0.385370 0.260000 0.060165
1 0.908000 0.505066 0.088000 0.062698
1 0.449000 0.505066 0.830000 0.062698
1 0.624500 0.566181 0.655000 0.059531
1 0.781500 0.625079 0.341000 0.058265
1 0.165500 0.566181 0.263000 0.059531
1 0.322500 0.625079 0.577000 0.058265
1 0.493000 0.684294 0.918000 0.060165
1 0.493000 0.746358 0.918000 0.063965
1 0.834500 0.806523 0.235000 0.056365
1 0.375500 0.806523 0.683000 0.056365
1 0.760000 0.866688 0.384000 0.063965
1 0.493000 0.931919 0.918000 0.066498
1 0.301000 0.866688 0.534000 0.063965
0 0.328000 0.383787 0.068000 0.046865
0 0.604500 0.864155 0.067000 0.046232
0 0.506000 0.267574 0.068000 0.047498
0 0.332000 0.562381 0.068000 0.046865
0 0.651000 0.621913 0.068000 0.046865
0 0.897000 0.504117 0.066000 0.046865
0 0.081500 0.504117 0.069000 0.046865
0 0.755500 0.803357 0.067000 0.046232
0 0.358000 0.326156 0.068000 0.045598
0 0.082000 0.681761 0.068000 0.047498
0 0.082500 0.925902 0.067000 0.046865