1 0.921000 0.204243 0.092000 0.058898
1 0.508000 0.112413 0.918000 0.124763
1 0.462000 0.204243 0.826000 0.058898
1 0.921000 0.264091 0.092000 0.060798
1 0.462000 0.264091 0.826000 0.060798
1 0.852500 0.322989 0.229000 0.056998
1 0.696000 0.440469 0.542000 0.061431
1 0.508000 0.380621 0.918000 0.058265
1 0.393500 0.322989 0.689000 0.056998
1 0.793500 0.560481 0.347000 0.056998
1 0.508000 0.501583 0.918000 0.060798
1 0.237000 0.440469 0.376000 0.061431
1 0.760000 0.742875 0.414000 0.060798
1 0.334500 0.560481 0.571000 0.056998
1 0.508000 0.650728 0.918000 0.123496
1 0.508000 0.801773 0.918000 0.056998
1 0.590000 0.861621 0.754000 0.062698
1 0.301000 0.742875 0.504000 0.060798
1 0.131000 0.861621 0.164000 0.062698
1 0.508000 0.928752 0.918000 0.071564
0 0.658000 0.558581 0.068000 0.046865
0 0.589500 0.739392 0.067000 0.047498
0 0.459500 0.438885 0.069000 0.046865
0 0.910500 0.201393 0.069000 0.045598
0 0.099500 0.920519 0.067000 0.047498
0 0.773500 0.319823 0.067000 0.046865
0 0.297000 0.860355 0.068000 0.047498
0 0.910500 0.260608 0.067000 0.044965