1 0.509000 0.083597 0.918000 0.067131
1 0.691500 0.146928 0.553000 0.059531
1 0.232500 0.146928 0.365000 0.059531
1 0.509000 0.235909 0.918000 0.118429
1 0.509000 0.354338 0.918000 0.118429
1 0.583500 0.508233 0.769000 0.058898
1 0.509000 0.446168 0.918000 0.065231
1 0.577500 0.624763 0.781000 0.060165
1 0.124500 0.508233 0.149000 0.058898
1 0.509000 0.566181 0.918000 0.056998
1 0.899500 0.743509 0.137000 0.055731
1 0.118500 0.624763 0.137000 0.060165
1 0.509000 0.685244 0.918000 0.060798
1 0.509000 0.800507 0.918000 0.058265
1 0.440500 0.743509 0.781000 0.055731
1 0.509000 0.897403 0.918000 0.135529
0 0.110500 0.385370 0.069000 0.047498
0 0.110000 0.264408 0.068000 0.046232
0 0.226000 0.622229 0.066000 0.046232
0 0.110000 0.924319 0.068000 0.046232
0 0.110500 0.798607 0.069000 0.046865
0 0.912000 0.742559 0.068000 0.047498
0 0.242000 0.505066 0.068000 0.047498
0 0.456000 0.145662 0.066000 0.045598