1 0.508000 0.142495 0.916000 0.184927
1 0.686000 0.265991 0.560000 0.062065
1 0.228000 0.265991 0.356000 0.062065
1 0.848500 0.506016 0.235000 0.060798
1 0.508000 0.386320 0.916000 0.178594
1 0.508000 0.596897 0.916000 0.120963
1 0.390500 0.506016 0.681000 0.060798
1 0.922500 0.687777 0.087000 0.060798
1 0.508000 0.841672 0.916000 0.246992
1 0.464500 0.687777 0.829000 0.060798
0 0.919000 0.686510 0.068000 0.048132
0 0.097000 0.929386 0.068000 0.047498
0 0.444000 0.262508 0.068000 0.046232
0 0.766000 0.505066 0.068000 0.048765