1 0.509500 0.142179 0.915000 0.184294
1 0.594500 0.262191 0.745000 0.055731
1 0.509500 0.321089 0.915000 0.062065
1 0.137000 0.262191 0.170000 0.055731
1 0.599000 0.384421 0.736000 0.064598
1 0.742500 0.505700 0.449000 0.053832
1 0.509500 0.447752 0.915000 0.062065
1 0.141500 0.384421 0.179000 0.064598
1 0.579500 0.687777 0.775000 0.055731
1 0.285000 0.505700 0.466000 0.053832
1 0.509500 0.596263 0.915000 0.127296
1 0.122000 0.687777 0.140000 0.055731
1 0.509500 0.776441 0.915000 0.121596
1 0.925500 0.868904 0.083000 0.063331
1 0.509500 0.932552 0.915000 0.063965
1 0.468000 0.868904 0.832000 0.063331
0 0.268000 0.382837 0.068000 0.048765
0 0.229000 0.685877 0.068000 0.048132
0 0.259500 0.260608 0.067000 0.046232
0 0.094500 0.927169 0.069000 0.046865
0 0.918500 0.866688 0.069000 0.048765
0 0.555500 0.503483 0.069000 0.048132