1 0.508000 0.083597 0.914000 0.067131
1 0.818500 0.146295 0.293000 0.058265
1 0.361500 0.146295 0.621000 0.058265
1 0.629500 0.206143 0.671000 0.061431
1 0.920500 0.382204 0.089000 0.061431
1 0.172500 0.206143 0.243000 0.061431
1 0.508000 0.294174 0.914000 0.114630
1 0.463500 0.382204 0.825000 0.061431
1 0.831000 0.443319 0.268000 0.060798
1 0.764500 0.505383 0.401000 0.063331
1 0.374000 0.443319 0.646000 0.060798
1 0.307500 0.505383 0.513000 0.063331
1 0.819500 0.568398 0.291000 0.062698
1 0.362500 0.568398 0.623000 0.062698
1 0.826000 0.627929 0.278000 0.056365
1 0.788500 0.684611 0.353000 0.056998
1 0.369000 0.627929 0.636000 0.056365
1 0.331500 0.684611 0.561000 0.056998
1 0.548500 0.745725 0.833000 0.065231
1 0.091500 0.745725 0.081000 0.065231
1 0.687000 0.807473 0.556000 0.058265
1 0.230000 0.807473 0.358000 0.058265
1 0.508000 0.869538 0.914000 0.065864
1 0.919000 0.933819 0.092000 0.062698
1 0.462000 0.933819 0.822000 0.062698
0 0.721000 0.624129 0.066000 0.046232
0 0.649500 0.683027 0.067000 0.048765
0 0.740500 0.443952 0.067000 0.048132
0 0.172000 0.743509 0.068000 0.048132
0 0.331500 0.203293 0.069000 0.046865
0 0.444500 0.804623 0.067000 0.047498
0 0.707000 0.142812 0.068000 0.047498
0 0.911500 0.382837 0.069000 0.047498
0 0.761500 0.566181 0.069000 0.046865
0 0.911000 0.926219 0.068000 0.046232
0 0.100000 0.683027 0.068000 0.047498
0 0.099500 0.926219 0.067000 0.047498
0 0.599500 0.502850 0.065000 0.046865