1 0.681500 0.081064 0.571000 0.060798
1 0.223000 0.081064 0.346000 0.060798
1 0.846500 0.140595 0.241000 0.058265
1 0.525500 0.140595 0.401000 0.058265
1 0.920000 0.202343 0.094000 0.065231
1 0.187500 0.140595 0.275000 0.058265
1 0.496500 0.202343 0.753000 0.065231
1 0.781500 0.264725 0.371000 0.059531
1 0.085000 0.202343 0.070000 0.065231
1 0.795500 0.324889 0.343000 0.060798
1 0.323000 0.264725 0.546000 0.059531
1 0.337000 0.324889 0.574000 0.060798
1 0.920000 0.384421 0.094000 0.058265
1 0.689500 0.384421 0.367000 0.058265
1 0.804000 0.443002 0.326000 0.058898
1 0.278000 0.384421 0.456000 0.058265
1 0.401000 0.443002 0.480000 0.058898
1 0.105500 0.443002 0.111000 0.058898
1 0.824500 0.502217 0.285000 0.059531
1 0.426000 0.502217 0.512000 0.059531
1 0.110000 0.502217 0.120000 0.059531
1 0.838500 0.561431 0.257000 0.058898
1 0.527500 0.561431 0.365000 0.058898
1 0.197500 0.561431 0.295000 0.058898
1 0.640500 0.621279 0.653000 0.060798
1 0.829000 0.682394 0.276000 0.061431
1 0.182000 0.621279 0.264000 0.060798
1 0.370500 0.682394 0.641000 0.061431
1 0.700500 0.742875 0.533000 0.059531
1 0.242000 0.742875 0.384000 0.059531
1 0.700500 0.800823 0.533000 0.056365
1 0.242000 0.800823 0.384000 0.056365
1 0.799000 0.861938 0.336000 0.065864
1 0.921500 0.930336 0.091000 0.070931
1 0.340500 0.861938 0.581000 0.065864
1 0.463000 0.930336 0.826000 0.070931
0 0.659000 0.321089 0.066000 0.046865
0 0.747500 0.561115 0.067000 0.048132
0 0.382000 0.560481 0.066000 0.045598
0 0.727500 0.682711 0.067000 0.048132
0 0.540500 0.383154 0.067000 0.048132
0 0.466500 0.803990 0.067000 0.047498
0 0.430000 0.082647 0.068000 0.048765
0 0.666000 0.861621 0.068000 0.047498
0 0.351000 0.621596 0.068000 0.047498
0 0.759500 0.143129 0.067000 0.046865
0 0.467500 0.742242 0.065000 0.048132
0 0.207500 0.500633 0.065000 0.044965
0 0.100000 0.742559 0.068000 0.047498
0 0.360000 0.143445 0.068000 0.048765
0 0.100000 0.682394 0.068000 0.047498
0 0.155000 0.201710 0.066000 0.046232
0 0.634000 0.262191 0.068000 0.046865
0 0.908000 0.380937 0.068000 0.047498
0 0.100500 0.919886 0.067000 0.047498
0 0.194500 0.441102 0.067000 0.047498
0 0.714500 0.500633 0.067000 0.046232
0 0.909000 0.201710 0.066000 0.047498
0 0.099500 0.801140 0.067000 0.046865
0 0.677000 0.441102 0.066000 0.047498
0 0.911000 0.920519 0.068000 0.047498