1 0.549000 0.203293 0.832000 0.058265
1 0.507000 0.112730 0.916000 0.122863
1 0.644500 0.325522 0.641000 0.064598
1 0.507000 0.262825 0.916000 0.060798
1 0.091000 0.203293 0.084000 0.058265
1 0.186500 0.325522 0.275000 0.064598
1 0.507000 0.386320 0.916000 0.056998
1 0.847500 0.446485 0.235000 0.063331
1 0.389500 0.446485 0.681000 0.063331
1 0.670000 0.505700 0.590000 0.055098
1 0.599000 0.561748 0.732000 0.056998
1 0.212000 0.505700 0.326000 0.055098
1 0.141000 0.561748 0.184000 0.056998
1 0.507000 0.622863 0.916000 0.065231
1 0.558000 0.685877 0.814000 0.060798
1 0.100000 0.685877 0.102000 0.060798
1 0.507000 0.775491 0.916000 0.118429
1 0.507000 0.898987 0.916000 0.128562
0 0.268000 0.563015 0.068000 0.046865
0 0.095000 0.926536 0.070000 0.046865
0 0.095000 0.806523 0.070000 0.048765
0 0.171000 0.202977 0.068000 0.047498
0 0.764000 0.442685 0.070000 0.049398
0 0.193000 0.684294 0.068000 0.047498
0 0.409500 0.504433 0.067000 0.048765
0 0.358500 0.322039 0.069000 0.046232