1 0.492500 0.111463 0.917000 0.124129
1 0.643000 0.203610 0.616000 0.060165
1 0.184500 0.203610 0.301000 0.060165
1 0.492500 0.260291 0.917000 0.053198
1 0.863000 0.441735 0.176000 0.061431
1 0.492500 0.380937 0.917000 0.060165
1 0.587500 0.441735 0.375000 0.061431
1 0.217000 0.441735 0.366000 0.061431
1 0.732500 0.500000 0.437000 0.055098
1 0.791000 0.558898 0.320000 0.062698
1 0.274000 0.500000 0.480000 0.055098
1 0.680500 0.621596 0.541000 0.062698
1 0.332500 0.558898 0.597000 0.062698
1 0.222000 0.621596 0.376000 0.062698
1 0.833500 0.680811 0.235000 0.055731
1 0.375000 0.680811 0.682000 0.055731
1 0.910500 0.739709 0.081000 0.062065
1 0.910500 0.798607 0.081000 0.055731
1 0.452000 0.739709 0.836000 0.062065
1 0.452000 0.798607 0.836000 0.055731
1 0.725000 0.858455 0.452000 0.063965
1 0.266500 0.858455 0.465000 0.063965
1 0.492500 0.927486 0.917000 0.074098
0 0.444000 0.619063 0.070000 0.048765
0 0.443500 0.438569 0.067000 0.046232
0 0.906000 0.797973 0.068000 0.045598
0 0.082000 0.917986 0.068000 0.047498
0 0.534500 0.857505 0.069000 0.048132
0 0.907000 0.738125 0.068000 0.046232
0 0.670000 0.560481 0.068000 0.046865
0 0.375000 0.201393 0.068000 0.046865
0 0.757500 0.679861 0.067000 0.047498
0 0.815000 0.439519 0.070000 0.045598
0 0.082000 0.259341 0.068000 0.044965
0 0.551000 0.497150 0.068000 0.046865