1 0.494500 0.082964 0.917000 0.068398
1 0.790500 0.207093 0.325000 0.062065
1 0.494500 0.146612 0.917000 0.058898
1 0.332000 0.207093 0.592000 0.062065
1 0.616500 0.267258 0.673000 0.058265
1 0.763500 0.326472 0.379000 0.060165
1 0.158000 0.267258 0.244000 0.058265
1 0.305000 0.326472 0.538000 0.060165
1 0.494500 0.384737 0.917000 0.056365
1 0.778000 0.443319 0.350000 0.060798
1 0.319500 0.443319 0.567000 0.060798
1 0.718000 0.502850 0.470000 0.058265
1 0.259500 0.502850 0.447000 0.058265
1 0.589000 0.563331 0.728000 0.062698
1 0.654500 0.624446 0.597000 0.059531
1 0.130500 0.563331 0.189000 0.062698
1 0.196000 0.624446 0.320000 0.059531
1 0.709500 0.682077 0.487000 0.055731
1 0.251000 0.682077 0.430000 0.055731
1 0.494500 0.740975 0.917000 0.062065
1 0.838000 0.802090 0.230000 0.060165
1 0.506500 0.802090 0.433000 0.060165
1 0.766000 0.863521 0.374000 0.062698
1 0.163000 0.802090 0.254000 0.060165
1 0.307500 0.863521 0.543000 0.062698
1 0.835500 0.930336 0.235000 0.070931
1 0.377000 0.930336 0.682000 0.070931
0 0.504000 0.681761 0.068000 0.048765
0 0.330500 0.800823 0.069000 0.047498
0 0.264000 0.562065 0.068000 0.046232
0 0.392000 0.621913 0.066000 0.046865
0 0.756000 0.920203 0.068000 0.048132
0 0.084500 0.920519 0.069000 0.047498
0 0.644500 0.442369 0.069000 0.047498
0 0.610500 0.322673 0.067000 0.046232
0 0.663500 0.203927 0.067000 0.046865
0 0.083500 0.322989 0.069000 0.045598
0 0.319000 0.263141 0.068000 0.046232
0 0.756500 0.799873 0.067000 0.044332
0 0.082500 0.085180 0.069000 0.044965
0 0.613000 0.860038 0.066000 0.046865
0 0.520000 0.501900 0.066000 0.046232