1 0.508000 0.084547 0.918000 0.069031
1 0.854000 0.150412 0.226000 0.062698
1 0.923500 0.209626 0.087000 0.055731
1 0.395000 0.150412 0.692000 0.062698
1 0.508000 0.266941 0.918000 0.058898
1 0.464500 0.209626 0.831000 0.055731
1 0.925000 0.325522 0.084000 0.058265
1 0.466000 0.325522 0.834000 0.058265
1 0.925000 0.384421 0.084000 0.059531
1 0.763000 0.444902 0.408000 0.061431
1 0.466000 0.384421 0.834000 0.059531
1 0.651000 0.504117 0.632000 0.056998
1 0.304000 0.444902 0.510000 0.061431
1 0.192000 0.504117 0.286000 0.056998
1 0.632000 0.561748 0.670000 0.058265
1 0.665000 0.621596 0.604000 0.061431
1 0.173000 0.561748 0.248000 0.058265
1 0.759000 0.682394 0.416000 0.060165
1 0.206000 0.621596 0.314000 0.061431
1 0.300000 0.682394 0.502000 0.060165
1 0.835000 0.742875 0.264000 0.060798
1 0.508000 0.801773 0.918000 0.056998
1 0.825500 0.860671 0.283000 0.060798
1 0.376000 0.742875 0.654000 0.060798
1 0.366500 0.860671 0.635000 0.060798
1 0.828500 0.927802 0.277000 0.073464
1 0.369500 0.927802 0.641000 0.073464
0 0.330000 0.563648 0.068000 0.045598
0 0.720500 0.858771 0.067000 0.046865
0 0.723000 0.916719 0.068000 0.047498
0 0.736500 0.739075 0.067000 0.046865
0 0.583500 0.679861 0.067000 0.047498
0 0.912500 0.384104 0.069000 0.046232
0 0.913000 0.205510 0.068000 0.047498
0 0.596500 0.443002 0.067000 0.047498
0 0.774000 0.146612 0.068000 0.046232
0 0.915500 0.324889 0.065000 0.044332
0 0.374000 0.502533 0.068000 0.046232
0 0.101000 0.918936 0.068000 0.048132
0 0.397500 0.620963 0.067000 0.046232