1 0.508500 0.114630 0.917000 0.129196
1 0.574500 0.210260 0.785000 0.062065
1 0.507500 0.268841 0.919000 0.055098
1 0.115000 0.210260 0.134000 0.062065
1 0.859000 0.390120 0.216000 0.054465
1 0.507500 0.329639 0.919000 0.066498
1 0.507500 0.476884 0.919000 0.119063
1 0.681000 0.569348 0.572000 0.065864
1 0.399500 0.390120 0.703000 0.054465
1 0.918000 0.690310 0.098000 0.060798
1 0.221500 0.569348 0.347000 0.065864
1 0.507500 0.631096 0.919000 0.057631
1 0.599000 0.750158 0.736000 0.058898
1 0.458500 0.690310 0.821000 0.060798
1 0.139500 0.750158 0.183000 0.058898
1 0.582000 0.868588 0.770000 0.060165
1 0.507500 0.809056 0.919000 0.058898
1 0.122500 0.868588 0.149000 0.060165
1 0.507500 0.931602 0.919000 0.065864
0 0.267500 0.746675 0.067000 0.046865
0 0.224000 0.207410 0.068000 0.047498
0 0.905500 0.686510 0.067000 0.048132
0 0.431000 0.567764 0.068000 0.047498
0 0.096500 0.267574 0.067000 0.047498
0 0.790500 0.386954 0.067000 0.045598
0 0.234000 0.866371 0.068000 0.048132
0 0.096500 0.927169 0.069000 0.046865