1 0.508000 0.114946 0.918000 0.129829
1 0.688000 0.209943 0.558000 0.060165
1 0.229000 0.209943 0.360000 0.060165
1 0.508000 0.269158 0.918000 0.058265
1 0.675000 0.327106 0.584000 0.057631
1 0.216000 0.327106 0.334000 0.057631
1 0.508000 0.387270 0.918000 0.062698
1 0.508000 0.447118 0.918000 0.056998
1 0.676500 0.506650 0.581000 0.062065
1 0.217500 0.506650 0.337000 0.062065
1 0.508000 0.568398 0.918000 0.061431
1 0.834500 0.628879 0.265000 0.059531
1 0.375500 0.628879 0.653000 0.059531
1 0.642500 0.687460 0.649000 0.057631
1 0.183500 0.687460 0.269000 0.057631
1 0.508000 0.744459 0.918000 0.056365
1 0.799500 0.804623 0.335000 0.063965
1 0.340500 0.804623 0.583000 0.063965
1 0.667000 0.864471 0.600000 0.055731
1 0.208000 0.864471 0.318000 0.055731
1 0.508000 0.928436 0.918000 0.072198
0 0.441500 0.207726 0.065000 0.046865
0 0.108000 0.388854 0.066000 0.045598
0 0.668000 0.805573 0.066000 0.048132
0 0.416000 0.326789 0.066000 0.045598
0 0.403500 0.864155 0.065000 0.044965
0 0.735000 0.628562 0.066000 0.046232
0 0.479500 0.507916 0.069000 0.046865
0 0.104000 0.925269 0.068000 0.045598
0 0.357500 0.685877 0.067000 0.045598