1 0.579000 0.081697 0.748000 0.064598
1 0.120500 0.081697 0.169000 0.064598
1 0.908000 0.144712 0.090000 0.061431
1 0.449500 0.144712 0.827000 0.061431
1 0.494500 0.204560 0.917000 0.058265
1 0.824500 0.263458 0.257000 0.059531
1 0.765500 0.323623 0.375000 0.060798
1 0.366000 0.263458 0.660000 0.059531
1 0.307000 0.323623 0.542000 0.060798
1 0.668000 0.386320 0.570000 0.064598
1 0.255000 0.386320 0.256000 0.064598
1 0.494500 0.447752 0.917000 0.058265
1 0.827000 0.506016 0.252000 0.058265
1 0.081500 0.386320 0.091000 0.064598
1 0.434000 0.506016 0.534000 0.058265
1 0.869500 0.565548 0.167000 0.060798
1 0.101500 0.506016 0.131000 0.058265
1 0.745000 0.626662 0.416000 0.061431
1 0.411000 0.565548 0.750000 0.060798
1 0.872000 0.745408 0.162000 0.056998
1 0.494500 0.687144 0.917000 0.059531
1 0.286500 0.626662 0.501000 0.061431
1 0.816000 0.803673 0.274000 0.059531
1 0.413500 0.745408 0.755000 0.056998
1 0.357500 0.803673 0.643000 0.059531
1 0.906000 0.933186 0.094000 0.062698
1 0.494500 0.867638 0.917000 0.068398
1 0.447500 0.933186 0.823000 0.062698
0 0.819000 0.562381 0.066000 0.046865
0 0.242500 0.082647 0.067000 0.047498
0 0.165000 0.381571 0.066000 0.048765
0 0.088000 0.924636 0.064000 0.045598
0 0.828000 0.743192 0.066000 0.048765
0 0.896000 0.140595 0.066000 0.046865
0 0.735500 0.501583 0.067000 0.045598
0 0.733000 0.262191 0.068000 0.046865
0 0.419000 0.381887 0.068000 0.048132
0 0.717000 0.802723 0.066000 0.047498
0 0.201500 0.502533 0.067000 0.047498
0 0.897000 0.925269 0.066000 0.045598
0 0.614500 0.320773 0.067000 0.047498
0 0.573500 0.623496 0.067000 0.046232