1 0.845000 0.266624 0.214000 0.063331
1 0.493000 0.142179 0.918000 0.185560
1 0.386000 0.266624 0.704000 0.063331
1 0.589000 0.385687 0.726000 0.056998
1 0.493000 0.327739 0.918000 0.058898
1 0.130000 0.385687 0.192000 0.056998
1 0.570000 0.445218 0.764000 0.062065
1 0.493000 0.534832 0.918000 0.117163
1 0.603500 0.625079 0.697000 0.063331
1 0.111000 0.445218 0.154000 0.062065
1 0.493000 0.685560 0.918000 0.057631
1 0.144500 0.625079 0.221000 0.063331
1 0.814500 0.805573 0.275000 0.062065
1 0.493000 0.744459 0.918000 0.060165
1 0.493000 0.900570 0.918000 0.127929
1 0.355500 0.805573 0.643000 0.062065
0 0.291000 0.621596 0.068000 0.047498
0 0.224500 0.444269 0.069000 0.047498
0 0.264000 0.385054 0.068000 0.046865
0 0.772500 0.265674 0.069000 0.047498
0 0.082000 0.683344 0.068000 0.045598
0 0.713500 0.803673 0.069000 0.046865
0 0.082000 0.925269 0.068000 0.046865