1 0.732500 0.261558 0.467000 0.055731
1 0.507500 0.142495 0.917000 0.182394
1 0.274000 0.261558 0.450000 0.055731
1 0.674000 0.440469 0.584000 0.058898
1 0.507500 0.350222 0.917000 0.121596
1 0.215500 0.440469 0.333000 0.058898
1 0.507500 0.500317 0.917000 0.060798
1 0.507500 0.558898 0.917000 0.056365
1 0.729000 0.621279 0.474000 0.068398
1 0.270500 0.621279 0.443000 0.068398
1 0.605000 0.683661 0.722000 0.056365
1 0.633000 0.858138 0.666000 0.058265
1 0.507500 0.770424 0.917000 0.117163
1 0.146500 0.683661 0.195000 0.056365
1 0.174500 0.858138 0.251000 0.058265
1 0.507500 0.925586 0.917000 0.076631
0 0.527500 0.620013 0.067000 0.048132
0 0.538500 0.259341 0.069000 0.046232
0 0.097500 0.919253 0.067000 0.048765
0 0.332500 0.857821 0.069000 0.048765
0 0.282500 0.679227 0.067000 0.046232
0 0.419000 0.439202 0.068000 0.046232
0 0.097500 0.499367 0.067000 0.046232