1 0.494500 0.110830 0.917000 0.122863
1 0.775000 0.202343 0.356000 0.060165
1 0.316500 0.202343 0.561000 0.060165
1 0.494500 0.294807 0.917000 0.124763
1 0.705000 0.386004 0.496000 0.057631
1 0.494500 0.439835 0.917000 0.050032
1 0.246500 0.386004 0.421000 0.057631
1 0.759000 0.499367 0.388000 0.069031
1 0.763500 0.624446 0.379000 0.056998
1 0.300500 0.499367 0.529000 0.069031
1 0.494500 0.564915 0.917000 0.062065
1 0.305000 0.624446 0.538000 0.056998
1 0.494500 0.714376 0.917000 0.122863
1 0.910500 0.805573 0.085000 0.059531
1 0.494500 0.899937 0.917000 0.129196
1 0.452000 0.805573 0.832000 0.059531
0 0.604000 0.500950 0.066000 0.045598
0 0.901500 0.800190 0.069000 0.047498
0 0.609500 0.620963 0.069000 0.048765
0 0.542500 0.380304 0.067000 0.047498
0 0.082000 0.923053 0.068000 0.046232
0 0.637000 0.200760 0.066000 0.046865