1 0.507000 0.082331 0.916000 0.064598
1 0.817500 0.145662 0.295000 0.062065
1 0.854000 0.207093 0.222000 0.060798
1 0.359500 0.145662 0.621000 0.062065
1 0.564000 0.327422 0.802000 0.058265
1 0.507000 0.267891 0.916000 0.060798
1 0.396000 0.207093 0.694000 0.060798
1 0.762000 0.630779 0.406000 0.060798
1 0.106000 0.327422 0.114000 0.058265
1 0.507000 0.478467 0.916000 0.243825
1 0.667000 0.812540 0.596000 0.063331
1 0.507000 0.721026 0.916000 0.119696
1 0.304000 0.630779 0.510000 0.060798
1 0.209000 0.812540 0.320000 0.063331
1 0.507000 0.904370 0.916000 0.120329
0 0.410000 0.809373 0.068000 0.048132
0 0.102000 0.930969 0.068000 0.048132
0 0.707500 0.143129 0.065000 0.048132
0 0.782000 0.205510 0.068000 0.047498
0 0.594500 0.628562 0.067000 0.047498
0 0.204000 0.325522 0.066000 0.046865