1 0.925500 0.145028 0.081000 0.062065
1 0.507000 0.082331 0.918000 0.063331
1 0.735000 0.327422 0.462000 0.056998
1 0.507000 0.237492 0.918000 0.122863
1 0.466500 0.145028 0.837000 0.062065
1 0.579500 0.386637 0.773000 0.061431
1 0.276000 0.327422 0.456000 0.056998
1 0.120500 0.386637 0.145000 0.061431
1 0.620000 0.623496 0.692000 0.062698
1 0.507000 0.504750 0.918000 0.174794
1 0.507000 0.686827 0.918000 0.063965
1 0.161000 0.623496 0.226000 0.062698
1 0.797500 0.747625 0.337000 0.057631
1 0.507000 0.805890 0.918000 0.058898
1 0.613500 0.862888 0.705000 0.055098
1 0.338500 0.747625 0.581000 0.057631
1 0.154500 0.862888 0.213000 0.055098
1 0.507000 0.927486 0.918000 0.074098
0 0.225500 0.382521 0.067000 0.048132
0 0.664500 0.743509 0.069000 0.049398
0 0.543500 0.322673 0.067000 0.046232
0 0.105000 0.923053 0.066000 0.046232
0 0.301000 0.862888 0.068000 0.046232
0 0.916000 0.142812 0.066000 0.047498
0 0.358500 0.622546 0.067000 0.045598