1 0.508500 0.112730 0.915000 0.125396
1 0.920500 0.207410 0.091000 0.063965
1 0.508500 0.267891 0.915000 0.056998
1 0.463000 0.207410 0.824000 0.063965
1 0.669000 0.324889 0.594000 0.056998
1 0.829000 0.446802 0.274000 0.062698
1 0.508500 0.384421 0.915000 0.062065
1 0.211500 0.324889 0.321000 0.056998
1 0.371500 0.446802 0.641000 0.062698
1 0.863000 0.507283 0.206000 0.058265
1 0.405500 0.507283 0.709000 0.058265
1 0.826000 0.565231 0.280000 0.057631
1 0.368500 0.565231 0.635000 0.057631
1 0.598500 0.622546 0.735000 0.056998
1 0.786500 0.743192 0.359000 0.055098
1 0.508500 0.683344 0.915000 0.064598
1 0.141000 0.622546 0.180000 0.056998
1 0.921000 0.860671 0.090000 0.059531
1 0.508500 0.800823 0.915000 0.060165
1 0.329000 0.743192 0.556000 0.055098
1 0.463500 0.860671 0.825000 0.059531
1 0.508500 0.927802 0.915000 0.074731
0 0.641000 0.742875 0.066000 0.048132
0 0.266000 0.622863 0.066000 0.046232
0 0.719000 0.560481 0.064000 0.046865
0 0.727000 0.443319 0.068000 0.048132
0 0.103500 0.921786 0.067000 0.046232
0 0.451000 0.323939 0.068000 0.046232
0 0.103500 0.860671 0.069000 0.045598
0 0.794500 0.502850 0.067000 0.046865
0 0.911000 0.204877 0.068000 0.047498
0 0.911000 0.861305 0.068000 0.046865