1 0.615000 0.082647 0.674000 0.065231
1 0.156000 0.082647 0.244000 0.065231
1 0.805500 0.145345 0.293000 0.060165
1 0.346500 0.145345 0.625000 0.060165
1 0.906500 0.203927 0.091000 0.056998
1 0.529500 0.203927 0.663000 0.056998
1 0.647000 0.263141 0.610000 0.061431
1 0.116000 0.203927 0.164000 0.056998
1 0.188000 0.263141 0.308000 0.061431
1 0.725500 0.323306 0.453000 0.058898
1 0.724000 0.382837 0.456000 0.060165
1 0.266500 0.323306 0.465000 0.058898
1 0.265000 0.382837 0.462000 0.060165
1 0.646500 0.443952 0.611000 0.062065
1 0.846000 0.504433 0.212000 0.058898
1 0.187500 0.443952 0.307000 0.062065
1 0.387000 0.504433 0.706000 0.058898
1 0.610000 0.564915 0.684000 0.062065
1 0.640000 0.625712 0.624000 0.059531
1 0.151000 0.564915 0.234000 0.062065
1 0.712500 0.683977 0.479000 0.056998
1 0.181000 0.625712 0.294000 0.059531
1 0.253500 0.683977 0.439000 0.056998
1 0.789500 0.740975 0.325000 0.056998
1 0.789500 0.801457 0.325000 0.063965
1 0.330500 0.740975 0.593000 0.056998
1 0.330500 0.801457 0.593000 0.063965
1 0.764000 0.862571 0.376000 0.058265
1 0.305000 0.862571 0.542000 0.058265
0 0.506000 0.683344 0.066000 0.048132
0 0.303500 0.563965 0.065000 0.046232
0 0.090000 0.383787 0.066000 0.048132
0 0.528500 0.383787 0.067000 0.048132
0 0.660000 0.742875 0.066000 0.048132
0 0.659500 0.803673 0.065000 0.046865
0 0.315000 0.084864 0.066000 0.046865
0 0.611000 0.861621 0.066000 0.044965
0 0.235000 0.203610 0.068000 0.047498
0 0.362000 0.623179 0.066000 0.045598
0 0.373000 0.443002 0.068000 0.048765
0 0.694500 0.143445 0.067000 0.048765
0 0.379000 0.262191 0.066000 0.045598
0 0.090000 0.503483 0.066000 0.046865
0 0.895000 0.201393 0.066000 0.045598
0 0.079500 0.861938 0.065000 0.045598
0 0.535000 0.321089 0.068000 0.048132
0 0.775500 0.503800 0.067000 0.046232