1 0.640000 0.083281 0.654000 0.066498
1 0.181000 0.083281 0.264000 0.066498
1 0.822500 0.146612 0.289000 0.060165
1 0.922500 0.207410 0.089000 0.061431
1 0.363500 0.146612 0.629000 0.060165
1 0.649000 0.207410 0.458000 0.061431
1 0.739500 0.326789 0.455000 0.059531
1 0.234500 0.207410 0.371000 0.061431
1 0.508000 0.267574 0.918000 0.058898
1 0.508000 0.386954 0.918000 0.060798
1 0.280500 0.326789 0.463000 0.059531
1 0.508000 0.447435 0.918000 0.060165
1 0.837000 0.507283 0.260000 0.059531
1 0.508000 0.566498 0.918000 0.058898
1 0.378000 0.507283 0.658000 0.059531
1 0.508000 0.624446 0.918000 0.056998
1 0.571000 0.746042 0.792000 0.060798
1 0.508000 0.684294 0.918000 0.062698
1 0.508000 0.870488 0.918000 0.188094
1 0.112000 0.746042 0.126000 0.060798
0 0.350500 0.087397 0.067000 0.046865
0 0.742000 0.505383 0.068000 0.048132
0 0.214500 0.743192 0.067000 0.048765
0 0.100500 0.563331 0.069000 0.046232
0 0.546500 0.323939 0.067000 0.047498
0 0.456500 0.205826 0.069000 0.048132
0 0.099500 0.624446 0.067000 0.046865
0 0.099500 0.384737 0.067000 0.047498
0 0.912000 0.205510 0.068000 0.047498
0 0.712500 0.145028 0.067000 0.048132
0 0.100500 0.922103 0.069000 0.046865