1 0.492500 0.081381 0.917000 0.065231
1 0.848000 0.143445 0.206000 0.058898
1 0.389500 0.143445 0.711000 0.058898
1 0.492500 0.262825 0.917000 0.179861
1 0.492500 0.443319 0.917000 0.181127
1 0.663000 0.565231 0.576000 0.062698
1 0.637500 0.624129 0.627000 0.055098
1 0.204500 0.565231 0.341000 0.062698
1 0.179000 0.624129 0.290000 0.055098
1 0.492500 0.680177 0.917000 0.056998
1 0.673000 0.742559 0.556000 0.067764
1 0.214500 0.742559 0.361000 0.067764
1 0.492500 0.870171 0.917000 0.187460
0 0.411000 0.563648 0.068000 0.048132
0 0.094500 0.925269 0.069000 0.046865
0 0.094000 0.321723 0.068000 0.048132
0 0.786000 0.142495 0.066000 0.048132
0 0.430500 0.743192 0.067000 0.048765
0 0.358500 0.621913 0.067000 0.045598