1 0.492500 0.082014 0.917000 0.065231
1 0.717500 0.145978 0.467000 0.062698
1 0.907500 0.266624 0.087000 0.065864
1 0.492500 0.205510 0.917000 0.056365
1 0.259000 0.145978 0.450000 0.062698
1 0.839500 0.326472 0.223000 0.053832
1 0.449000 0.266624 0.830000 0.065864
1 0.907000 0.386004 0.088000 0.065231
1 0.381000 0.326472 0.694000 0.053832
1 0.536000 0.386004 0.654000 0.065231
1 0.492500 0.447118 0.917000 0.056998
1 0.121500 0.386004 0.175000 0.065231
1 0.583000 0.505066 0.736000 0.058898
1 0.124500 0.505066 0.181000 0.058898
1 0.618000 0.565231 0.666000 0.061431
1 0.159500 0.565231 0.251000 0.061431
1 0.492500 0.626346 0.917000 0.060798
1 0.574000 0.685877 0.754000 0.058265
1 0.115500 0.685877 0.163000 0.058265
1 0.783000 0.746042 0.336000 0.062065
1 0.367500 0.746042 0.495000 0.062065
1 0.077000 0.746042 0.086000 0.062065
1 0.674000 0.803990 0.554000 0.053832
1 0.215500 0.803990 0.363000 0.053832
1 0.858000 0.861938 0.186000 0.062065
1 0.399500 0.861938 0.731000 0.062065
1 0.801000 0.928752 0.300000 0.071564
1 0.342500 0.928752 0.617000 0.071564
0 0.326500 0.561748 0.067000 0.046865
0 0.896500 0.383787 0.067000 0.046865
0 0.520500 0.144712 0.065000 0.047498
0 0.764500 0.325522 0.069000 0.045598
0 0.234000 0.682711 0.068000 0.048132
0 0.085000 0.622863 0.066000 0.044965
0 0.242000 0.383787 0.068000 0.046865
0 0.684500 0.924003 0.065000 0.045598
0 0.800000 0.865421 0.066000 0.046232
0 0.252500 0.503800 0.069000 0.047498
0 0.086000 0.924003 0.066000 0.045598
0 0.897000 0.265991 0.066000 0.046865
0 0.435500 0.802090 0.069000 0.047498
0 0.085000 0.443952 0.066000 0.048132
0 0.163500 0.742242 0.067000 0.046865
0 0.654000 0.742242 0.068000 0.048132