1 0.920000 0.143762 0.094000 0.062065
1 0.508500 0.081381 0.917000 0.062698
1 0.865000 0.205510 0.204000 0.061431
1 0.461500 0.143762 0.823000 0.062065
1 0.653500 0.266624 0.627000 0.060798
1 0.406500 0.205510 0.713000 0.061431
1 0.508500 0.353072 0.917000 0.112096
1 0.195000 0.266624 0.290000 0.060798
1 0.508500 0.441735 0.917000 0.065231
1 0.749000 0.504433 0.436000 0.060165
1 0.290500 0.504433 0.481000 0.060165
1 0.508500 0.564598 0.917000 0.060165
1 0.692000 0.626029 0.550000 0.062698
1 0.233500 0.626029 0.367000 0.062698
1 0.608000 0.684927 0.718000 0.055098
1 0.149500 0.684927 0.199000 0.055098
1 0.508500 0.743192 0.917000 0.061431
1 0.590500 0.803040 0.753000 0.058265
1 0.132000 0.803040 0.164000 0.058265
1 0.601500 0.862888 0.731000 0.061431
1 0.143000 0.862888 0.186000 0.061431
1 0.508500 0.929069 0.917000 0.070931
0 0.423500 0.259975 0.067000 0.046232
0 0.104500 0.382204 0.065000 0.047498
0 0.250000 0.801140 0.064000 0.045598
0 0.572000 0.500950 0.066000 0.046865
0 0.286000 0.681444 0.066000 0.048132
0 0.105500 0.922103 0.067000 0.046865
0 0.274500 0.860988 0.067000 0.047498
0 0.799500 0.202977 0.065000 0.046232
0 0.453500 0.621913 0.065000 0.046865
0 0.914500 0.143129 0.067000 0.048132