1 0.697000 0.082964 0.538000 0.065864
1 0.282000 0.082964 0.292000 0.065864
1 0.093000 0.082964 0.086000 0.065864
1 0.783500 0.145662 0.365000 0.059531
1 0.438000 0.145662 0.326000 0.059531
1 0.859000 0.205510 0.214000 0.060165
1 0.162500 0.145662 0.225000 0.059531
1 0.552500 0.205510 0.399000 0.060165
1 0.201500 0.205510 0.303000 0.060165
1 0.609000 0.265041 0.714000 0.058898
1 0.151000 0.265041 0.202000 0.058898
1 0.873000 0.323306 0.186000 0.057631
1 0.625000 0.323306 0.310000 0.057631
1 0.260000 0.323306 0.420000 0.057631
1 0.739000 0.380937 0.454000 0.057631
1 0.383500 0.380937 0.257000 0.057631
1 0.808000 0.440469 0.316000 0.061431
1 0.152500 0.380937 0.205000 0.057631
1 0.438500 0.440469 0.423000 0.061431
1 0.138500 0.440469 0.177000 0.061431
1 0.854000 0.500633 0.224000 0.058898
1 0.600500 0.500633 0.283000 0.058898
1 0.254500 0.500633 0.409000 0.058898
1 0.679500 0.679861 0.573000 0.060165
1 0.508000 0.618429 0.916000 0.062698
1 0.221500 0.679861 0.343000 0.060165
1 0.751500 0.739075 0.429000 0.058265
1 0.739000 0.799240 0.454000 0.062065
1 0.293500 0.739075 0.487000 0.058265
1 0.281000 0.799240 0.462000 0.062065
1 0.785000 0.861621 0.362000 0.062698
1 0.919500 0.928436 0.093000 0.070931
1 0.327000 0.861621 0.554000 0.062698
1 0.461500 0.928436 0.823000 0.070931
0 0.544000 0.796707 0.066000 0.046865
0 0.638000 0.859088 0.068000 0.046232
0 0.169500 0.084547 0.063000 0.046232
0 0.544500 0.381254 0.067000 0.048132
0 0.107500 0.918303 0.067000 0.048132
0 0.815500 0.322039 0.067000 0.044965
0 0.506500 0.322356 0.067000 0.046865
0 0.307000 0.144079 0.066000 0.047498
0 0.287500 0.380937 0.067000 0.047498
0 0.575000 0.739075 0.068000 0.046865
0 0.460500 0.084547 0.067000 0.046232
0 0.490500 0.499683 0.065000 0.045598
0 0.287000 0.264091 0.066000 0.045598
0 0.105500 0.322356 0.067000 0.045598
0 0.683000 0.440785 0.066000 0.046865
0 0.259500 0.439202 0.067000 0.046232
0 0.774500 0.500000 0.065000 0.043699
0 0.388000 0.203293 0.066000 0.046865
0 0.107500 0.203610 0.065000 0.046232
0 0.425500 0.679861 0.067000 0.047498
0 0.787500 0.203927 0.067000 0.048132
0 0.097500 0.498733 0.065000 0.044965
0 0.909500 0.918303 0.067000 0.048132
0 0.633500 0.144079 0.067000 0.047498