1 0.807500 0.145028 0.315000 0.060798
1 0.507500 0.082331 0.915000 0.064598
1 0.350000 0.145028 0.600000 0.060798
1 0.710000 0.204560 0.510000 0.058265
1 0.925000 0.264725 0.080000 0.062065
1 0.252500 0.204560 0.405000 0.058265
1 0.684000 0.264725 0.402000 0.062065
1 0.266500 0.264725 0.433000 0.062065
1 0.793500 0.327739 0.343000 0.063965
1 0.336000 0.327739 0.572000 0.063965
1 0.538500 0.389170 0.853000 0.058898
1 0.507500 0.448702 0.915000 0.060165
1 0.081000 0.389170 0.062000 0.058898
1 0.866000 0.510133 0.198000 0.062698
1 0.408500 0.510133 0.717000 0.062698
1 0.577500 0.570931 0.775000 0.058898
1 0.507500 0.657378 0.915000 0.113996
1 0.120000 0.570931 0.140000 0.058898
1 0.835000 0.747942 0.260000 0.067131
1 0.377500 0.747942 0.655000 0.067131
1 0.507500 0.873338 0.915000 0.183661
0 0.090000 0.747942 0.068000 0.046865
0 0.741000 0.747625 0.068000 0.047498
0 0.804000 0.506016 0.068000 0.049398
0 0.093500 0.930336 0.069000 0.048132
0 0.152000 0.384104 0.068000 0.047498
0 0.920000 0.264408 0.070000 0.047498
0 0.229500 0.567764 0.069000 0.048765
0 0.686000 0.142179 0.070000 0.048765
0 0.657500 0.322673 0.069000 0.046232
0 0.493500 0.202660 0.065000 0.048132
0 0.518500 0.264725 0.069000 0.046865