1 0.872500 0.265991 0.189000 0.055731
1 0.508500 0.144079 0.917000 0.188094
1 0.414000 0.265991 0.728000 0.055731
1 0.919500 0.324889 0.095000 0.062065
1 0.461000 0.324889 0.822000 0.062065
1 0.839500 0.385370 0.255000 0.058898
1 0.381000 0.385370 0.662000 0.058898
1 0.508500 0.444269 0.917000 0.058898
1 0.508500 0.503800 0.917000 0.060165
1 0.712500 0.566498 0.509000 0.065231
1 0.819500 0.683977 0.295000 0.059531
1 0.508500 0.626662 0.917000 0.055098
1 0.254000 0.566498 0.408000 0.065231
1 0.576000 0.866371 0.782000 0.060798
1 0.508500 0.774858 0.917000 0.122229
1 0.361000 0.683977 0.622000 0.059531
1 0.508500 0.930652 0.917000 0.067764
1 0.117500 0.866371 0.135000 0.060798
0 0.707000 0.683344 0.068000 0.048132
0 0.492500 0.565231 0.067000 0.047498
0 0.223500 0.862255 0.067000 0.046232
0 0.106000 0.443319 0.068000 0.048132
0 0.749000 0.383154 0.068000 0.048132
0 0.098500 0.922736 0.067000 0.046865
0 0.813000 0.264091 0.068000 0.045598
0 0.912500 0.323939 0.069000 0.046232