1 0.493500 0.082647 0.917000 0.066498
1 0.548000 0.146612 0.808000 0.061431
1 0.089500 0.146612 0.109000 0.061431
1 0.541000 0.207726 0.822000 0.060798
1 0.736500 0.267258 0.431000 0.058265
1 0.082500 0.207726 0.095000 0.060798
1 0.278000 0.267258 0.486000 0.058265
1 0.905000 0.327106 0.094000 0.061431
1 0.446500 0.327106 0.823000 0.061431
1 0.696000 0.387904 0.512000 0.060165
1 0.867500 0.447118 0.169000 0.058265
1 0.237500 0.387904 0.405000 0.060165
1 0.509500 0.447118 0.547000 0.058265
1 0.135500 0.447118 0.201000 0.058265
1 0.810000 0.507916 0.284000 0.063331
1 0.905500 0.569348 0.093000 0.059531
1 0.351500 0.507916 0.633000 0.063331
1 0.562500 0.569348 0.593000 0.059531
1 0.674000 0.629196 0.556000 0.060165
1 0.150500 0.569348 0.231000 0.059531
1 0.215500 0.629196 0.361000 0.060165
1 0.825500 0.688727 0.253000 0.058898
1 0.495000 0.688727 0.408000 0.058898
1 0.163000 0.688727 0.256000 0.058898
1 0.761000 0.748258 0.382000 0.060165
1 0.397500 0.748258 0.345000 0.060165
1 0.616000 0.807156 0.672000 0.057631
1 0.130000 0.748258 0.190000 0.060165
1 0.717000 0.865738 0.470000 0.059531
1 0.157500 0.807156 0.245000 0.057631
1 0.862500 0.930019 0.179000 0.069031
1 0.258500 0.865738 0.447000 0.059531
1 0.404000 0.930019 0.738000 0.069031
0 0.325000 0.683027 0.066000 0.047498
0 0.084500 0.083914 0.067000 0.046232
0 0.607500 0.743509 0.067000 0.048132
0 0.734000 0.684294 0.068000 0.046232
0 0.818500 0.443319 0.067000 0.048132
0 0.428500 0.625396 0.067000 0.046232
0 0.804000 0.927169 0.066000 0.046865
0 0.705000 0.504433 0.068000 0.048765
0 0.556500 0.264725 0.067000 0.046865
0 0.261500 0.743825 0.067000 0.047498
0 0.519000 0.865104 0.066000 0.046865
0 0.894000 0.566814 0.068000 0.048132
0 0.224500 0.142812 0.065000 0.048765
0 0.085500 0.927486 0.065000 0.046232
0 0.272500 0.444269 0.067000 0.047498
0 0.299500 0.569031 0.067000 0.047498
0 0.319000 0.803990 0.068000 0.047498
0 0.166500 0.202660 0.065000 0.046865
0 0.475000 0.382837 0.068000 0.047498
0 0.085000 0.325839 0.066000 0.046232
0 0.893500 0.323306 0.069000 0.046232