1 0.817000 0.147562 0.274000 0.058265
1 0.495500 0.084231 0.917000 0.068398
1 0.358500 0.147562 0.643000 0.058265
1 0.495500 0.264725 0.917000 0.176061
1 0.909000 0.384737 0.090000 0.063965
1 0.450500 0.384737 0.827000 0.063965
1 0.783500 0.446168 0.341000 0.058898
1 0.776000 0.506333 0.356000 0.061431
1 0.325000 0.446168 0.576000 0.058898
1 0.317500 0.506333 0.561000 0.061431
1 0.863000 0.625712 0.182000 0.058265
1 0.495500 0.566814 0.917000 0.059531
1 0.495500 0.715643 0.917000 0.121596
1 0.404500 0.625712 0.735000 0.058265
1 0.495500 0.836289 0.917000 0.119696
1 0.495500 0.930652 0.917000 0.069031
0 0.896000 0.382521 0.066000 0.046865
0 0.083000 0.865738 0.068000 0.046865
0 0.715000 0.143445 0.068000 0.047498
0 0.082500 0.743509 0.067000 0.048132
0 0.085500 0.928119 0.067000 0.046232
0 0.649500 0.442052 0.069000 0.048132
0 0.630500 0.503800 0.065000 0.048765
0 0.811000 0.621913 0.068000 0.046865