1 0.496000 0.142179 0.916000 0.185560
1 0.905000 0.264725 0.098000 0.059531
1 0.447000 0.264725 0.818000 0.059531
1 0.496000 0.325839 0.916000 0.062698
1 0.801000 0.386320 0.306000 0.058265
1 0.794000 0.507600 0.320000 0.057631
1 0.343000 0.386320 0.610000 0.058265
1 0.496000 0.447118 0.916000 0.063331
1 0.496000 0.596263 0.916000 0.119696
1 0.336000 0.507600 0.596000 0.057631
1 0.785000 0.688094 0.338000 0.063965
1 0.327000 0.688094 0.578000 0.063965
1 0.815000 0.749208 0.278000 0.058265
1 0.496000 0.808106 0.916000 0.059531
1 0.357000 0.749208 0.638000 0.058265
1 0.496000 0.901520 0.916000 0.127296
0 0.896000 0.261875 0.066000 0.046232
0 0.686000 0.382521 0.068000 0.048132
0 0.083000 0.806523 0.068000 0.048765
0 0.086500 0.929069 0.067000 0.046865
0 0.650500 0.684294 0.067000 0.047498
0 0.670000 0.503800 0.066000 0.048765
0 0.713500 0.746675 0.067000 0.046865