1 0.555000 0.083281 0.794000 0.067764
1 0.096000 0.083281 0.124000 0.067764
1 0.733500 0.146612 0.437000 0.058898
1 0.274500 0.146612 0.481000 0.058898
1 0.790500 0.206460 0.323000 0.060798
1 0.375000 0.206460 0.508000 0.060798
1 0.493000 0.267258 0.918000 0.060798
1 0.077500 0.206460 0.087000 0.060798
1 0.493000 0.328372 0.918000 0.061431
1 0.909000 0.387270 0.086000 0.056365
1 0.814000 0.506333 0.276000 0.062698
1 0.450000 0.387270 0.832000 0.056365
1 0.493000 0.445218 0.918000 0.059531
1 0.907500 0.565548 0.089000 0.055731
1 0.355000 0.506333 0.642000 0.062698
1 0.907500 0.625079 0.089000 0.063331
1 0.448500 0.565548 0.829000 0.055731
1 0.448500 0.625079 0.829000 0.063331
1 0.493000 0.686194 0.918000 0.058898
1 0.906500 0.746992 0.091000 0.062698
1 0.447500 0.746992 0.827000 0.062698
1 0.708000 0.807473 0.488000 0.058265
1 0.249000 0.807473 0.430000 0.058265
1 0.622500 0.867004 0.659000 0.060798
1 0.493000 0.930969 0.918000 0.067131
1 0.163500 0.867004 0.259000 0.060798
0 0.903500 0.384104 0.069000 0.047498
0 0.903500 0.622863 0.069000 0.046232
0 0.903500 0.563331 0.067000 0.046232
0 0.505000 0.804307 0.068000 0.048132
0 0.904000 0.744459 0.070000 0.048765
0 0.331500 0.863838 0.069000 0.048132
0 0.710000 0.504750 0.066000 0.048132
0 0.666000 0.203927 0.068000 0.048132
0 0.201000 0.083597 0.068000 0.046865
0 0.082000 0.263458 0.068000 0.046865
0 0.082000 0.622863 0.068000 0.046232
0 0.158500 0.203927 0.067000 0.048132
0 0.082000 0.924953 0.068000 0.046232
0 0.555500 0.142812 0.067000 0.047498