1 0.828000 0.145028 0.246000 0.056998
1 0.493000 0.082647 0.916000 0.067764
1 0.370000 0.145028 0.670000 0.056998
1 0.493000 0.204243 0.916000 0.061431
1 0.801500 0.264725 0.299000 0.059531
1 0.343500 0.264725 0.617000 0.059531
1 0.846500 0.322673 0.209000 0.056365
1 0.388500 0.322673 0.707000 0.056365
1 0.688000 0.380937 0.526000 0.060165
1 0.657000 0.443002 0.588000 0.063965
1 0.230000 0.380937 0.390000 0.060165
1 0.832500 0.506333 0.237000 0.062698
1 0.199000 0.443002 0.328000 0.063965
1 0.416000 0.506333 0.596000 0.062698
1 0.076500 0.506333 0.083000 0.062698
1 0.534500 0.563331 0.833000 0.051298
1 0.907500 0.686510 0.087000 0.060798
1 0.493000 0.622546 0.916000 0.067131
1 0.076500 0.563331 0.083000 0.051298
1 0.645500 0.746358 0.611000 0.058898
1 0.449500 0.686510 0.829000 0.060798
1 0.751500 0.804623 0.399000 0.057631
1 0.187500 0.746358 0.305000 0.058898
1 0.746000 0.864155 0.410000 0.061431
1 0.293500 0.804623 0.517000 0.057631
1 0.288000 0.864155 0.506000 0.061431
1 0.493000 0.930019 0.916000 0.070298
0 0.778500 0.320773 0.065000 0.047498
0 0.903000 0.683344 0.068000 0.048132
0 0.155500 0.563015 0.067000 0.046865
0 0.740500 0.143445 0.067000 0.048765
0 0.090000 0.924636 0.066000 0.045598
0 0.373000 0.744142 0.066000 0.048132
0 0.463000 0.381254 0.066000 0.048132
0 0.588000 0.802090 0.068000 0.047498
0 0.575500 0.864471 0.067000 0.046865
0 0.400000 0.441102 0.068000 0.047498
0 0.153500 0.500950 0.067000 0.046865
0 0.749000 0.501267 0.066000 0.047498
0 0.692000 0.262191 0.068000 0.046865