1 0.777000 0.204243 0.380000 0.063965
1 0.508500 0.111146 0.917000 0.122229
1 0.318500 0.204243 0.537000 0.063965
1 0.590000 0.265358 0.754000 0.058265
1 0.508500 0.415453 0.917000 0.241925
1 0.131500 0.265358 0.163000 0.058265
1 0.568000 0.566814 0.798000 0.060798
1 0.508500 0.625712 0.917000 0.056998
1 0.715500 0.686510 0.503000 0.064598
1 0.109500 0.566814 0.119000 0.060798
1 0.650000 0.807790 0.634000 0.063965
1 0.508500 0.747308 0.917000 0.056998
1 0.257000 0.686510 0.414000 0.064598
1 0.191500 0.807790 0.283000 0.063965
1 0.508500 0.902153 0.917000 0.124763
0 0.505000 0.689044 0.068000 0.046865
0 0.251500 0.263141 0.067000 0.046232
0 0.372000 0.808106 0.068000 0.049398
0 0.619500 0.202977 0.067000 0.047498
0 0.204500 0.567131 0.067000 0.048765
0 0.101000 0.930652 0.068000 0.047498