1 0.507500 0.077897 0.917000 0.056998
1 0.633500 0.137745 0.665000 0.062698
1 0.175000 0.137745 0.252000 0.062698
1 0.548000 0.199493 0.836000 0.060798
1 0.089500 0.199493 0.081000 0.060798
1 0.507500 0.262191 0.917000 0.064598
1 0.701500 0.323623 0.529000 0.058265
1 0.243000 0.323623 0.388000 0.058265
1 0.577000 0.383471 0.778000 0.061431
1 0.118500 0.383471 0.139000 0.061431
1 0.507500 0.445852 0.917000 0.063331
1 0.755000 0.505066 0.422000 0.055098
1 0.757000 0.564598 0.418000 0.063965
1 0.296500 0.505066 0.495000 0.055098
1 0.298500 0.564598 0.499000 0.063965
1 0.562500 0.627296 0.807000 0.061431
1 0.507500 0.685877 0.917000 0.055731
1 0.921500 0.744459 0.089000 0.061431
1 0.104000 0.627296 0.110000 0.061431
1 0.867000 0.803990 0.198000 0.057631
1 0.463000 0.744459 0.828000 0.061431
1 0.679000 0.864788 0.574000 0.063965
1 0.408500 0.803990 0.719000 0.057631
1 0.507500 0.930969 0.917000 0.068398
1 0.220500 0.864788 0.343000 0.063965
0 0.583500 0.562381 0.067000 0.046865
0 0.802500 0.803357 0.069000 0.046232
0 0.223500 0.380937 0.069000 0.048765
0 0.427000 0.864471 0.068000 0.046865
0 0.480500 0.320773 0.067000 0.047498
0 0.096000 0.923369 0.068000 0.048132
0 0.914500 0.743509 0.067000 0.048132
0 0.339000 0.138695 0.068000 0.046865
0 0.576500 0.502217 0.067000 0.046865
0 0.165000 0.199177 0.066000 0.044965
0 0.199500 0.623496 0.069000 0.047498