1 0.502000 0.202652 0.926000 0.305556
1 0.714500 0.386364 0.501000 0.061869
1 0.502000 0.448232 0.926000 0.061869
1 0.651000 0.508207 0.628000 0.058081
1 0.251500 0.386364 0.425000 0.061869
1 0.769500 0.809343 0.391000 0.063131
1 0.502000 0.657513 0.926000 0.240530
1 0.188000 0.508207 0.298000 0.058081
1 0.502000 0.906881 0.926000 0.131944
1 0.306500 0.809343 0.535000 0.063131
0 0.498000 0.384470 0.068000 0.046717
0 0.608000 0.805240 0.068000 0.048611
0 0.088500 0.926768 0.065000 0.046717
0 0.370500 0.505051 0.067000 0.047980