1 0.576000 0.206460 0.754000 0.063331
1 0.493500 0.112096 0.919000 0.125396
1 0.908500 0.443002 0.089000 0.058898
1 0.116500 0.206460 0.165000 0.063331
1 0.493500 0.325839 0.919000 0.175427
1 0.449000 0.443002 0.830000 0.058898
1 0.493500 0.501267 0.919000 0.057631
1 0.493500 0.560165 0.919000 0.060165
1 0.786500 0.620963 0.333000 0.061431
1 0.327000 0.620963 0.586000 0.061431
1 0.493500 0.709943 0.919000 0.116529
1 0.876000 0.858138 0.154000 0.060798
1 0.493500 0.797973 0.919000 0.059531
1 0.493500 0.926852 0.919000 0.076631
1 0.416500 0.858138 0.765000 0.060798
0 0.089500 0.736542 0.065000 0.044332
0 0.089000 0.499367 0.066000 0.044965
0 0.089000 0.917036 0.066000 0.048132
0 0.655000 0.617479 0.068000 0.048132
0 0.285000 0.205510 0.066000 0.047498
0 0.831000 0.856238 0.068000 0.048132
0 0.897000 0.441735 0.066000 0.047498