1 0.507500 0.081064 0.915000 0.063331
1 0.628500 0.144712 0.673000 0.063965
1 0.507500 0.202977 0.915000 0.052565
1 0.171000 0.144712 0.242000 0.063965
1 0.842500 0.326472 0.245000 0.062698
1 0.507500 0.262191 0.915000 0.065864
1 0.385000 0.326472 0.670000 0.062698
1 0.605000 0.384737 0.720000 0.053832
1 0.147500 0.384737 0.195000 0.053832
1 0.507500 0.470868 0.915000 0.118429
1 0.507500 0.595313 0.915000 0.130462
1 0.920500 0.687460 0.089000 0.053832
1 0.610000 0.745725 0.710000 0.062698
1 0.463000 0.687460 0.826000 0.053832
1 0.152500 0.745725 0.205000 0.062698
1 0.507500 0.870804 0.915000 0.187460
0 0.328500 0.141545 0.069000 0.047498
0 0.293000 0.745092 0.068000 0.048765
0 0.282000 0.382521 0.068000 0.048132
0 0.756000 0.319823 0.068000 0.048132
0 0.101000 0.924636 0.068000 0.046865
0 0.101500 0.502217 0.069000 0.046865
0 0.100500 0.202027 0.067000 0.046865
0 0.912000 0.685244 0.068000 0.046865