1 0.495500 0.112413 0.915000 0.124763
1 0.790000 0.261558 0.326000 0.060798
1 0.495500 0.202977 0.915000 0.056365
1 0.332500 0.261558 0.589000 0.060798
1 0.645500 0.323623 0.615000 0.063331
1 0.599500 0.385054 0.707000 0.059531
1 0.188000 0.323623 0.300000 0.063331
1 0.495500 0.445218 0.915000 0.060798
1 0.142000 0.385054 0.208000 0.059531
1 0.495500 0.504117 0.915000 0.056998
1 0.907000 0.563331 0.092000 0.061431
1 0.449500 0.563331 0.823000 0.061431
1 0.561500 0.623813 0.783000 0.059531
1 0.572000 0.682711 0.762000 0.058265
1 0.104000 0.623813 0.132000 0.059531
1 0.534500 0.742242 0.837000 0.060798
1 0.114500 0.682711 0.153000 0.058265
1 0.593000 0.803673 0.720000 0.062065
1 0.077000 0.742242 0.078000 0.060798
1 0.135500 0.803673 0.195000 0.062065
1 0.624000 0.865104 0.658000 0.060798
1 0.166500 0.865104 0.257000 0.060798
1 0.495500 0.930019 0.915000 0.069031
0 0.329500 0.860671 0.067000 0.048132
0 0.896000 0.563648 0.066000 0.045598
0 0.662500 0.260608 0.067000 0.047498
0 0.087500 0.563015 0.065000 0.045598
0 0.232000 0.682077 0.068000 0.048132
0 0.089000 0.142495 0.066000 0.048132
0 0.087500 0.924636 0.065000 0.045598
0 0.211000 0.620646 0.066000 0.048132
0 0.087000 0.442052 0.066000 0.048132
0 0.372500 0.323623 0.067000 0.048132
0 0.272000 0.802090 0.068000 0.047498
0 0.285000 0.380937 0.068000 0.048765
0 0.157500 0.742242 0.067000 0.048132