1 0.508500 0.081697 0.917000 0.062065
1 0.859500 0.142179 0.215000 0.058898
1 0.803000 0.321406 0.328000 0.061431
1 0.401000 0.142179 0.702000 0.058898
1 0.508500 0.231159 0.917000 0.119063
1 0.344500 0.321406 0.589000 0.061431
1 0.636000 0.382837 0.662000 0.061431
1 0.627500 0.564598 0.679000 0.058898
1 0.508500 0.474351 0.917000 0.121596
1 0.177500 0.382837 0.255000 0.061431
1 0.169000 0.564598 0.238000 0.058898
1 0.922500 0.685877 0.089000 0.064598
1 0.508500 0.623813 0.917000 0.059531
1 0.464000 0.685877 0.828000 0.064598
1 0.508500 0.776124 0.917000 0.115896
1 0.829500 0.866688 0.275000 0.065231
1 0.508500 0.932236 0.917000 0.065864
1 0.371000 0.866688 0.642000 0.065231
0 0.326000 0.563648 0.066000 0.046865
0 0.914000 0.683661 0.068000 0.047498
0 0.727500 0.865738 0.069000 0.049398
0 0.787500 0.140595 0.067000 0.048132
0 0.099500 0.929702 0.069000 0.048132
0 0.343000 0.380621 0.068000 0.048132
0 0.677000 0.320773 0.068000 0.047498