1 0.680500 0.082331 0.571000 0.064598
1 0.871000 0.145028 0.190000 0.060798
1 0.222500 0.082331 0.345000 0.064598
1 0.535500 0.145028 0.481000 0.060798
1 0.851500 0.203610 0.229000 0.056365
1 0.172500 0.145028 0.245000 0.060798
1 0.462500 0.203610 0.549000 0.056365
1 0.119000 0.203610 0.138000 0.056365
1 0.726000 0.262825 0.480000 0.062065
1 0.817500 0.322673 0.297000 0.057631
1 0.268000 0.262825 0.436000 0.062065
1 0.359500 0.322673 0.619000 0.057631
1 0.888500 0.381887 0.155000 0.060798
1 0.549000 0.381887 0.524000 0.060798
1 0.168500 0.381887 0.237000 0.060798
1 0.731500 0.441419 0.469000 0.058265
1 0.273500 0.441419 0.447000 0.058265
1 0.878000 0.502217 0.176000 0.063331
1 0.420000 0.502217 0.740000 0.063331
1 0.653000 0.563331 0.626000 0.058898
1 0.195000 0.563331 0.290000 0.058898
1 0.675500 0.622546 0.581000 0.059531
1 0.217500 0.622546 0.335000 0.059531
1 0.780000 0.681444 0.372000 0.058265
1 0.859000 0.741292 0.214000 0.061431
1 0.322000 0.681444 0.544000 0.058265
1 0.466000 0.741292 0.572000 0.061431
1 0.735500 0.800507 0.461000 0.056998
1 0.115000 0.741292 0.130000 0.061431
1 0.277500 0.800507 0.455000 0.056998
1 0.809000 0.860988 0.314000 0.063965
1 0.351000 0.860988 0.602000 0.063965
1 0.508000 0.928752 0.916000 0.071564
0 0.686000 0.862255 0.068000 0.047498
0 0.521000 0.260925 0.066000 0.045598
0 0.786500 0.740975 0.069000 0.048132
0 0.702000 0.320456 0.068000 0.048132
0 0.630000 0.682394 0.066000 0.047498
0 0.843000 0.381887 0.066000 0.048132
0 0.097500 0.923369 0.067000 0.046865
0 0.326500 0.143129 0.067000 0.048132
0 0.093500 0.861938 0.067000 0.046865
0 0.324500 0.381571 0.065000 0.047498
0 0.418500 0.619696 0.067000 0.047498
0 0.540500 0.801140 0.067000 0.045598
0 0.822000 0.501583 0.066000 0.045598
0 0.808500 0.143129 0.065000 0.048132
0 0.429500 0.083914 0.065000 0.047498
0 0.096500 0.501583 0.065000 0.045598
0 0.535500 0.441102 0.067000 0.047498
0 0.218500 0.740975 0.067000 0.046865
0 0.772000 0.201393 0.068000 0.046865
0 0.224000 0.202027 0.066000 0.044332
0 0.376000 0.560165 0.066000 0.046232