1 0.507500 0.114946 0.917000 0.129829
1 0.668500 0.208043 0.595000 0.056365
1 0.731500 0.624763 0.469000 0.061431
1 0.507500 0.415136 0.917000 0.357821
1 0.210000 0.208043 0.322000 0.056365
1 0.716500 0.741925 0.499000 0.060165
1 0.507500 0.683661 0.917000 0.056365
1 0.273000 0.624763 0.448000 0.061431
1 0.258000 0.741925 0.418000 0.060165
1 0.507500 0.868588 0.917000 0.193160
0 0.104000 0.918619 0.068000 0.048765
0 0.405500 0.206776 0.067000 0.047498
0 0.549500 0.741609 0.067000 0.048132
0 0.530500 0.622229 0.067000 0.047498