1 0.496000 0.113996 0.914000 0.129196
1 0.496000 0.207726 0.914000 0.058265
1 0.739500 0.267891 0.427000 0.062065
1 0.282500 0.267891 0.487000 0.062065
1 0.496000 0.358771 0.914000 0.119696
1 0.496000 0.478784 0.914000 0.120329
1 0.573000 0.568398 0.760000 0.058898
1 0.116000 0.568398 0.154000 0.058898
1 0.496000 0.629512 0.914000 0.063331
1 0.578000 0.692210 0.750000 0.062065
1 0.121000 0.692210 0.164000 0.062065
1 0.668000 0.750475 0.570000 0.054465
1 0.496000 0.871438 0.914000 0.187460
1 0.211000 0.750475 0.344000 0.054465
0 0.563000 0.266941 0.066000 0.047498
0 0.225500 0.566498 0.063000 0.046232
0 0.241000 0.686510 0.068000 0.045598
0 0.418500 0.746675 0.067000 0.045598
0 0.082000 0.145978 0.068000 0.046232
0 0.082000 0.386637 0.068000 0.046232
0 0.084000 0.929386 0.068000 0.047498