1 0.507500 0.110196 0.917000 0.122863
1 0.507500 0.263141 0.917000 0.183027
1 0.507500 0.386004 0.917000 0.062698
1 0.679500 0.446168 0.573000 0.057631
1 0.683000 0.568714 0.566000 0.063331
1 0.221000 0.446168 0.344000 0.057631
1 0.507500 0.506016 0.917000 0.062065
1 0.507500 0.631729 0.917000 0.062698
1 0.691000 0.691577 0.550000 0.056998
1 0.224500 0.568714 0.351000 0.063331
1 0.232500 0.691577 0.367000 0.056998
1 0.507500 0.750158 0.917000 0.060165
1 0.655000 0.810956 0.622000 0.061431
1 0.507500 0.903420 0.917000 0.123496
1 0.196500 0.810956 0.295000 0.061431
0 0.384000 0.807156 0.070000 0.048765
0 0.095000 0.140912 0.070000 0.048765
0 0.094500 0.930969 0.069000 0.049398
0 0.503000 0.687144 0.068000 0.048132
0 0.094500 0.321723 0.069000 0.048132
0 0.436000 0.566498 0.068000 0.048765
0 0.430000 0.444585 0.070000 0.049398