1 0.609500 0.141862 0.715000 0.060798
1 0.508500 0.080747 0.917000 0.061431
1 0.151000 0.141862 0.202000 0.060798
1 0.724500 0.204560 0.485000 0.064598
1 0.266000 0.204560 0.432000 0.064598
1 0.593500 0.263458 0.747000 0.053198
1 0.135000 0.263458 0.170000 0.053198
1 0.920000 0.386637 0.094000 0.060165
1 0.508500 0.323306 0.917000 0.066498
1 0.546500 0.386637 0.653000 0.060165
1 0.921500 0.507916 0.091000 0.062065
1 0.135000 0.386637 0.170000 0.060165
1 0.508500 0.446802 0.917000 0.060165
1 0.463000 0.507916 0.826000 0.062065
1 0.655000 0.692527 0.624000 0.052565
1 0.508500 0.602597 0.917000 0.127296
1 0.196500 0.692527 0.293000 0.052565
1 0.508500 0.780874 0.917000 0.124129
1 0.830000 0.873338 0.274000 0.060798
1 0.508500 0.934136 0.917000 0.060798
1 0.371500 0.873338 0.643000 0.060798
0 0.094500 0.931286 0.069000 0.048765
0 0.915000 0.383787 0.068000 0.048132
0 0.296000 0.139012 0.068000 0.047498
0 0.915500 0.506333 0.067000 0.048765
0 0.733500 0.870171 0.069000 0.049398
0 0.257500 0.259341 0.069000 0.048765
0 0.446000 0.691260 0.068000 0.047498
0 0.257500 0.384737 0.069000 0.048765
0 0.518500 0.200760 0.067000 0.048132