1 0.508000 0.142495 0.916000 0.184927
1 0.750500 0.265674 0.431000 0.061431
1 0.292500 0.265674 0.485000 0.061431
1 0.628500 0.326156 0.675000 0.059531
1 0.508000 0.384421 0.916000 0.056998
1 0.170500 0.326156 0.241000 0.059531
1 0.758500 0.443952 0.415000 0.062065
1 0.812500 0.503483 0.307000 0.056998
1 0.300500 0.443952 0.501000 0.062065
1 0.354500 0.503483 0.609000 0.056998
1 0.508000 0.593730 0.916000 0.123496
1 0.918500 0.684611 0.095000 0.058265
1 0.460500 0.684611 0.821000 0.058265
1 0.552500 0.742875 0.827000 0.058265
1 0.850500 0.862571 0.231000 0.063331
1 0.508000 0.801457 0.916000 0.058898
1 0.094500 0.742875 0.089000 0.058265
1 0.392500 0.862571 0.685000 0.063331
1 0.508000 0.929702 0.916000 0.070931
0 0.590000 0.442052 0.068000 0.048132
0 0.573500 0.264091 0.069000 0.046865
0 0.096000 0.920519 0.068000 0.048765
0 0.697000 0.501900 0.068000 0.046232
0 0.179000 0.740975 0.068000 0.048132
0 0.773000 0.860671 0.068000 0.046865
0 0.339000 0.322673 0.068000 0.046232
0 0.909000 0.681444 0.068000 0.048132