1 0.664500 0.205510 0.603000 0.058898
1 0.508000 0.113363 0.916000 0.125396
1 0.508000 0.265674 0.916000 0.061431
1 0.919500 0.326472 0.093000 0.060165
1 0.206500 0.205510 0.313000 0.058898
1 0.755000 0.386004 0.422000 0.058898
1 0.461500 0.326472 0.823000 0.060165
1 0.297000 0.386004 0.494000 0.058898
1 0.508000 0.447435 0.916000 0.063965
1 0.670000 0.507916 0.592000 0.056998
1 0.212000 0.507916 0.324000 0.056998
1 0.701500 0.627612 0.529000 0.068398
1 0.508000 0.564915 0.916000 0.056998
1 0.770500 0.750792 0.391000 0.063965
1 0.508000 0.690310 0.916000 0.056998
1 0.243500 0.627612 0.387000 0.068398
1 0.738500 0.868588 0.455000 0.063965
1 0.508000 0.809690 0.916000 0.053832
1 0.312500 0.750792 0.525000 0.063965
1 0.508000 0.932869 0.916000 0.064598
1 0.280500 0.868588 0.461000 0.063965
0 0.618500 0.747308 0.069000 0.046865
0 0.586500 0.383471 0.069000 0.048765
0 0.093500 0.930019 0.069000 0.048765
0 0.547000 0.867954 0.068000 0.050032
0 0.472000 0.627612 0.066000 0.049398
0 0.411500 0.505383 0.067000 0.049398
0 0.400000 0.202660 0.068000 0.048132
0 0.912000 0.323623 0.068000 0.046865