1 0.493000 0.111463 0.916000 0.122863
1 0.643000 0.201710 0.616000 0.057631
1 0.493000 0.320456 0.916000 0.179861
1 0.185000 0.201710 0.300000 0.057631
1 0.770000 0.499367 0.362000 0.060165
1 0.493000 0.439835 0.916000 0.058898
1 0.312000 0.499367 0.554000 0.060165
1 0.909500 0.561115 0.083000 0.063331
1 0.451500 0.561115 0.833000 0.063331
1 0.493000 0.623179 0.916000 0.060798
1 0.743000 0.682711 0.416000 0.058265
1 0.285000 0.682711 0.500000 0.058265
1 0.493000 0.740659 0.916000 0.057631
1 0.786000 0.800190 0.330000 0.061431
1 0.493000 0.897720 0.916000 0.133629
1 0.328000 0.800190 0.586000 0.061431
0 0.900000 0.559215 0.066000 0.046865
0 0.658500 0.796707 0.067000 0.046865
0 0.624500 0.497783 0.067000 0.046865
0 0.084000 0.919886 0.068000 0.048765
0 0.574000 0.677961 0.068000 0.047498
0 0.084000 0.380937 0.068000 0.048765
0 0.079500 0.559531 0.067000 0.047498
0 0.420000 0.200127 0.066000 0.046865