1 0.911000 0.265358 0.082000 0.060798
1 0.493000 0.142179 0.918000 0.185560
1 0.452000 0.265358 0.836000 0.060798
1 0.784000 0.325206 0.336000 0.058898
1 0.680000 0.384421 0.544000 0.059531
1 0.325000 0.325206 0.582000 0.058898
1 0.680000 0.443635 0.544000 0.058898
1 0.221000 0.384421 0.374000 0.059531
1 0.738500 0.505700 0.427000 0.065231
1 0.221000 0.443635 0.374000 0.058898
1 0.864500 0.628246 0.175000 0.060798
1 0.493000 0.568081 0.918000 0.059531
1 0.279500 0.505700 0.491000 0.065231
1 0.908500 0.746675 0.087000 0.059531
1 0.405500 0.628246 0.743000 0.060798
1 0.493000 0.687777 0.918000 0.058265
1 0.814500 0.805256 0.275000 0.057631
1 0.449500 0.746675 0.831000 0.059531
1 0.583500 0.865104 0.737000 0.062065
1 0.355500 0.805256 0.643000 0.057631
1 0.493000 0.930336 0.918000 0.068398
1 0.124500 0.865104 0.181000 0.062065
0 0.249500 0.864788 0.067000 0.047498
0 0.899000 0.742875 0.066000 0.048132
0 0.907000 0.261241 0.066000 0.047498
0 0.442500 0.381887 0.067000 0.048132
0 0.815000 0.624446 0.068000 0.045598
0 0.716500 0.804623 0.067000 0.047498
0 0.086500 0.926219 0.065000 0.044965
0 0.447500 0.441102 0.069000 0.047498
0 0.562000 0.501900 0.064000 0.046232
0 0.653500 0.323306 0.069000 0.046232