1 0.508500 0.111146 0.917000 0.122229
1 0.758000 0.200760 0.418000 0.056998
1 0.932000 0.323306 0.070000 0.060165
1 0.299500 0.200760 0.499000 0.056998
1 0.508500 0.261241 0.917000 0.063965
1 0.473500 0.323306 0.847000 0.060165
1 0.545000 0.505066 0.844000 0.058898
1 0.508500 0.414503 0.917000 0.122229
1 0.508500 0.622229 0.917000 0.175427
1 0.086500 0.505066 0.073000 0.058898
1 0.508500 0.837239 0.917000 0.254592
0 0.105000 0.257441 0.068000 0.047498
0 0.582500 0.199493 0.067000 0.046865
0 0.100000 0.679861 0.068000 0.047498
0 0.099500 0.920836 0.067000 0.048132
0 0.164500 0.499050 0.067000 0.044332