1 0.508000 0.112413 0.916000 0.126029
1 0.594000 0.205826 0.744000 0.060798
1 0.136000 0.205826 0.172000 0.060798
1 0.924000 0.323623 0.084000 0.058265
1 0.508000 0.265358 0.916000 0.058265
1 0.761500 0.509816 0.409000 0.059531
1 0.508000 0.416403 0.916000 0.127296
1 0.466000 0.323623 0.832000 0.058265
1 0.508000 0.568714 0.916000 0.058265
1 0.601000 0.628246 0.730000 0.060798
1 0.303500 0.509816 0.507000 0.059531
1 0.508000 0.720076 0.916000 0.122863
1 0.143000 0.628246 0.186000 0.060798
1 0.925000 0.811906 0.082000 0.060798
1 0.508000 0.903420 0.916000 0.122229
1 0.467000 0.811906 0.834000 0.060798
0 0.917000 0.808740 0.068000 0.048132
0 0.106000 0.931919 0.068000 0.048765
0 0.591500 0.505383 0.065000 0.049398
0 0.257500 0.200760 0.067000 0.048132
0 0.915500 0.322356 0.065000 0.046865
0 0.274000 0.627612 0.066000 0.049398