1 0.508000 0.110513 0.916000 0.120963
1 0.822000 0.202343 0.288000 0.062698
1 0.508000 0.321723 0.916000 0.176061
1 0.364000 0.202343 0.628000 0.062698
1 0.626500 0.563648 0.679000 0.065864
1 0.508000 0.470234 0.916000 0.120963
1 0.508000 0.623813 0.916000 0.054465
1 0.168500 0.563648 0.237000 0.065864
1 0.804000 0.866688 0.324000 0.060165
1 0.508000 0.743825 0.916000 0.185560
1 0.346000 0.866688 0.592000 0.060165
1 0.508000 0.930652 0.916000 0.067764
0 0.324500 0.563015 0.067000 0.046865
0 0.093500 0.924636 0.069000 0.046865
0 0.682500 0.863205 0.069000 0.048132
0 0.094000 0.623496 0.070000 0.047498
0 0.094500 0.382837 0.069000 0.048765
0 0.714500 0.199177 0.067000 0.046232