1 0.493500 0.110196 0.919000 0.120329
1 0.771500 0.201710 0.363000 0.062698
1 0.312000 0.201710 0.556000 0.062698
1 0.661500 0.265358 0.583000 0.064598
1 0.493500 0.326156 0.919000 0.056998
1 0.202000 0.265358 0.336000 0.064598
1 0.579500 0.443952 0.747000 0.060798
1 0.493500 0.384104 0.919000 0.058898
1 0.493500 0.504750 0.919000 0.060798
1 0.791500 0.565864 0.323000 0.061431
1 0.120000 0.443952 0.172000 0.060798
1 0.552000 0.746358 0.802000 0.063965
1 0.493500 0.655478 0.919000 0.117796
1 0.332000 0.565864 0.596000 0.061431
1 0.911000 0.868271 0.084000 0.059531
1 0.493500 0.808423 0.919000 0.060165
1 0.092500 0.746358 0.117000 0.063965
1 0.451500 0.868271 0.835000 0.059531
1 0.493500 0.930969 0.919000 0.065864
0 0.665500 0.561748 0.067000 0.048132
0 0.405500 0.260608 0.067000 0.046232
0 0.188000 0.745408 0.066000 0.048132
0 0.087500 0.322039 0.065000 0.046232
0 0.902000 0.865104 0.068000 0.046865
0 0.625000 0.201077 0.066000 0.047498
0 0.248500 0.441735 0.067000 0.047498
0 0.087500 0.926219 0.065000 0.046232