1 0.492500 0.109246 0.917000 0.120963
1 0.492500 0.260291 0.917000 0.059531
1 0.712000 0.321406 0.478000 0.062698
1 0.253500 0.321406 0.439000 0.062698
1 0.906500 0.383471 0.089000 0.061431
1 0.679000 0.383471 0.366000 0.061431
1 0.265000 0.383471 0.462000 0.061431
1 0.752000 0.445535 0.398000 0.062698
1 0.293500 0.445535 0.519000 0.062698
1 0.775000 0.504750 0.352000 0.055731
1 0.855000 0.563015 0.192000 0.060798
1 0.316500 0.504750 0.565000 0.055731
1 0.396500 0.563015 0.725000 0.060798
1 0.492500 0.683661 0.917000 0.061431
1 0.776500 0.744775 0.349000 0.060798
1 0.447500 0.744775 0.309000 0.060798
1 0.163500 0.744775 0.259000 0.060798
1 0.904000 0.805256 0.094000 0.060165
1 0.722500 0.805256 0.269000 0.060165
1 0.427000 0.805256 0.322000 0.060165
1 0.150000 0.805256 0.232000 0.060165
1 0.810500 0.866371 0.281000 0.062065
1 0.462000 0.866371 0.416000 0.062065
1 0.777500 0.930652 0.347000 0.066498
1 0.144000 0.866371 0.220000 0.062065
1 0.319000 0.930652 0.570000 0.066498
0 0.897500 0.381571 0.067000 0.048765
0 0.527500 0.381571 0.067000 0.048765
0 0.327500 0.742242 0.065000 0.048132
0 0.291500 0.865104 0.069000 0.048132
0 0.708000 0.865738 0.068000 0.048132
0 0.794500 0.559215 0.067000 0.046865
0 0.093000 0.926536 0.068000 0.046865
0 0.093500 0.381254 0.067000 0.049398
0 0.586500 0.443952 0.063000 0.048132
0 0.635500 0.742242 0.067000 0.049398
0 0.299000 0.803673 0.068000 0.048132
0 0.623500 0.804307 0.067000 0.048132
0 0.510500 0.320773 0.067000 0.048765
0 0.635500 0.503800 0.067000 0.047498
0 0.891500 0.803990 0.069000 0.048765
0 0.093000 0.565548 0.066000 0.046865
0 0.085000 0.138379 0.066000 0.044965
0 0.690000 0.926219 0.068000 0.046232