1 0.921000 0.203927 0.090000 0.059531
1 0.508000 0.112096 0.916000 0.124129
1 0.463000 0.203927 0.826000 0.059531
1 0.508000 0.264091 0.916000 0.060798
1 0.683500 0.326472 0.565000 0.063965
1 0.225500 0.326472 0.351000 0.063965
1 0.632000 0.386320 0.668000 0.055731
1 0.174000 0.386320 0.248000 0.055731
1 0.508000 0.476884 0.916000 0.125396
1 0.822000 0.567764 0.288000 0.056365
1 0.703500 0.628246 0.525000 0.064598
1 0.364000 0.567764 0.628000 0.056365
1 0.508000 0.689677 0.916000 0.058265
1 0.245500 0.628246 0.391000 0.064598
1 0.629500 0.813490 0.673000 0.058898
1 0.508000 0.751425 0.916000 0.065231
1 0.859500 0.934769 0.213000 0.059531
1 0.508000 0.873971 0.916000 0.062065
1 0.171500 0.813490 0.243000 0.058898
1 0.401500 0.934769 0.703000 0.059531
0 0.331000 0.808106 0.068000 0.049398
0 0.102500 0.931286 0.067000 0.047498
0 0.338000 0.383154 0.068000 0.048132
0 0.102000 0.688727 0.068000 0.046232
0 0.712000 0.565548 0.068000 0.048132
0 0.482000 0.627612 0.066000 0.046865
0 0.791000 0.930019 0.068000 0.048765
0 0.915000 0.200760 0.066000 0.046865
0 0.436000 0.322989 0.068000 0.046865