1 0.509000 0.147245 0.918000 0.052565
1 0.830000 0.204877 0.276000 0.062698
1 0.550500 0.204877 0.283000 0.062698
1 0.228500 0.204877 0.361000 0.062698
1 0.835500 0.267574 0.265000 0.062698
1 0.569500 0.267574 0.267000 0.062698
1 0.242000 0.267574 0.388000 0.062698
1 0.822500 0.327106 0.291000 0.056365
1 0.520000 0.327106 0.314000 0.056365
1 0.205500 0.327106 0.315000 0.056365
1 0.924000 0.385687 0.088000 0.060798
1 0.711000 0.385687 0.338000 0.060798
1 0.361500 0.385687 0.361000 0.060798
1 0.114500 0.385687 0.133000 0.060798
1 0.776500 0.447435 0.383000 0.062698
1 0.385500 0.447435 0.399000 0.062698
1 0.117000 0.447435 0.138000 0.062698
1 0.745500 0.508550 0.445000 0.059531
1 0.356000 0.508550 0.334000 0.059531
1 0.118500 0.508550 0.141000 0.059531
1 0.880000 0.566498 0.176000 0.056365
1 0.570000 0.566498 0.444000 0.056365
1 0.198000 0.566498 0.300000 0.056365
1 0.827000 0.626346 0.282000 0.063331
1 0.441500 0.626346 0.489000 0.063331
1 0.122500 0.626346 0.149000 0.063331
1 0.782500 0.687777 0.371000 0.059531
1 0.395000 0.687777 0.404000 0.059531
1 0.120500 0.687777 0.145000 0.059531
1 0.888000 0.748575 0.160000 0.062065
1 0.642000 0.748575 0.332000 0.062065
1 0.262000 0.748575 0.428000 0.062065
1 0.923000 0.806523 0.090000 0.053832
1 0.711500 0.806523 0.333000 0.053832
1 0.408000 0.806523 0.274000 0.053832
1 0.159500 0.806523 0.223000 0.053832
1 0.796500 0.864471 0.343000 0.062065
1 0.431500 0.864471 0.387000 0.062065
1 0.143000 0.864471 0.190000 0.062065
1 0.773500 0.930019 0.389000 0.069031
1 0.313500 0.930019 0.531000 0.069031
0 0.227500 0.687144 0.067000 0.046865
0 0.442000 0.208360 0.066000 0.048132
0 0.724500 0.208993 0.065000 0.046865
0 0.224500 0.509183 0.065000 0.046865
0 0.737500 0.267891 0.065000 0.048132
0 0.383500 0.568081 0.067000 0.049398
0 0.467000 0.267891 0.066000 0.048132
0 0.559000 0.508550 0.066000 0.046865
0 0.094500 0.268208 0.069000 0.048765
0 0.843500 0.749525 0.067000 0.046232
0 0.579500 0.805890 0.067000 0.048765
0 0.659500 0.865738 0.067000 0.046865
0 0.913500 0.805890 0.067000 0.048765
0 0.719000 0.626346 0.064000 0.045598
0 0.628500 0.687460 0.067000 0.047498
0 0.305000 0.805890 0.066000 0.047498
0 0.508000 0.747942 0.066000 0.046865
0 0.096500 0.208360 0.065000 0.048132
0 0.273500 0.865738 0.065000 0.048132
0 0.231500 0.627296 0.067000 0.047498
0 0.612000 0.929386 0.068000 0.047498
0 0.213500 0.387587 0.065000 0.045598
0 0.913000 0.387270 0.068000 0.044965
0 0.621000 0.450918 0.066000 0.046865
0 0.103000 0.928752 0.068000 0.047498
0 0.713000 0.327422 0.068000 0.048132
0 0.576000 0.387587 0.068000 0.045598
0 0.826500 0.568081 0.067000 0.048132
0 0.398500 0.327422 0.067000 0.046865
0 0.223000 0.450602 0.068000 0.044965