1 0.613500 0.210543 0.691000 0.059975
1 0.498000 0.115530 0.922000 0.130051
1 0.498000 0.268939 0.922000 0.056818
1 0.744000 0.330177 0.430000 0.065657
1 0.152500 0.210543 0.231000 0.059975
1 0.283000 0.330177 0.492000 0.065657
1 0.595000 0.391098 0.728000 0.056187
1 0.721000 0.509154 0.476000 0.058712
1 0.134000 0.391098 0.194000 0.056187
1 0.498000 0.449495 0.922000 0.060606
1 0.260000 0.509154 0.446000 0.058712
1 0.722500 0.629419 0.473000 0.061869
1 0.498000 0.568497 0.922000 0.059975
1 0.849500 0.813763 0.219000 0.058081
1 0.498000 0.722538 0.922000 0.124369
1 0.261500 0.629419 0.449000 0.061869
1 0.498000 0.907197 0.922000 0.128788
1 0.388500 0.813763 0.703000 0.058081
0 0.267500 0.385101 0.069000 0.046717
0 0.776000 0.807449 0.068000 0.047980
0 0.303500 0.205808 0.067000 0.047980
0 0.560500 0.506944 0.067000 0.049242
0 0.562000 0.326705 0.066000 0.046086
0 0.522000 0.628788 0.066000 0.046717
0 0.086500 0.929293 0.067000 0.049242