1 0.918500 0.264725 0.095000 0.059531
1 0.507500 0.142495 0.917000 0.184927
1 0.507500 0.324573 0.917000 0.060165
1 0.460000 0.264725 0.822000 0.059531
1 0.920500 0.384421 0.091000 0.059531
1 0.462000 0.384421 0.826000 0.059531
1 0.507500 0.446168 0.917000 0.063965
1 0.744000 0.507283 0.444000 0.058265
1 0.641500 0.687777 0.649000 0.058265
1 0.507500 0.597530 0.917000 0.122229
1 0.285500 0.507283 0.473000 0.058265
1 0.183000 0.687777 0.268000 0.058265
1 0.507500 0.841039 0.917000 0.248258
0 0.095500 0.922736 0.067000 0.046865
0 0.907500 0.261241 0.067000 0.047498
0 0.352000 0.681444 0.068000 0.049398
0 0.911000 0.382521 0.068000 0.048132
0 0.560000 0.503167 0.066000 0.047498