1 0.688000 0.204560 0.558000 0.063331
1 0.508500 0.111780 0.917000 0.122229
1 0.229500 0.204560 0.359000 0.063331
1 0.673000 0.324573 0.588000 0.062698
1 0.508500 0.264725 0.917000 0.056998
1 0.560500 0.385054 0.813000 0.058265
1 0.214500 0.324573 0.329000 0.062698
1 0.922000 0.566814 0.090000 0.058265
1 0.102000 0.385054 0.104000 0.058265
1 0.508500 0.475934 0.917000 0.123496
1 0.463500 0.566814 0.827000 0.058265
1 0.611500 0.626979 0.711000 0.062065
1 0.153000 0.626979 0.206000 0.062065
1 0.508500 0.689044 0.917000 0.062065
1 0.817500 0.749842 0.299000 0.059531
1 0.359000 0.749842 0.618000 0.059531
1 0.508500 0.807790 0.917000 0.056365
1 0.601500 0.868271 0.731000 0.064598
1 0.508500 0.932869 0.917000 0.064598
1 0.143000 0.868271 0.186000 0.064598
0 0.701500 0.745092 0.067000 0.048765
0 0.448500 0.200443 0.069000 0.047498
0 0.245500 0.383154 0.067000 0.048132
0 0.911000 0.566814 0.068000 0.048132
0 0.291500 0.624446 0.067000 0.046865
0 0.273500 0.868271 0.069000 0.049398
0 0.100500 0.928436 0.069000 0.048132
0 0.415000 0.320773 0.066000 0.048765