1 0.493000 0.082964 0.916000 0.067131
1 0.493000 0.174794 0.916000 0.116529
1 0.773000 0.264725 0.356000 0.063331
1 0.315000 0.264725 0.560000 0.063331
1 0.533500 0.325839 0.835000 0.058898
1 0.493000 0.386637 0.916000 0.062698
1 0.075500 0.325839 0.081000 0.058898
1 0.666000 0.449018 0.570000 0.062065
1 0.632000 0.508866 0.638000 0.057631
1 0.208000 0.449018 0.346000 0.062065
1 0.174000 0.508866 0.278000 0.057631
1 0.790000 0.686827 0.322000 0.062698
1 0.493000 0.596580 0.916000 0.117796
1 0.908000 0.807790 0.086000 0.057631
1 0.332000 0.686827 0.594000 0.062698
1 0.493000 0.748575 0.916000 0.060798
1 0.493000 0.901203 0.916000 0.129196
1 0.450000 0.807790 0.830000 0.057631
0 0.665500 0.683027 0.069000 0.048765
0 0.153500 0.320456 0.069000 0.048132
0 0.084000 0.082331 0.068000 0.046865
0 0.902500 0.802407 0.069000 0.046865
0 0.635000 0.260291 0.068000 0.045598
0 0.084500 0.924003 0.067000 0.045598
0 0.424000 0.443319 0.068000 0.048132
0 0.356000 0.503167 0.070000 0.047498