1 0.822000 0.201710 0.258000 0.061431
1 0.493500 0.110513 0.915000 0.120963
1 0.364500 0.201710 0.657000 0.061431
1 0.622500 0.263458 0.657000 0.062065
1 0.764000 0.322673 0.374000 0.056365
1 0.165000 0.263458 0.258000 0.062065
1 0.306500 0.322673 0.541000 0.056365
1 0.493500 0.382521 0.915000 0.063331
1 0.910500 0.443952 0.081000 0.059531
1 0.453000 0.443952 0.834000 0.059531
1 0.834000 0.502217 0.234000 0.056998
1 0.376500 0.502217 0.681000 0.056998
1 0.493500 0.563648 0.915000 0.065864
1 0.824500 0.623813 0.253000 0.054465
1 0.813000 0.746042 0.276000 0.063331
1 0.493500 0.682711 0.915000 0.063331
1 0.367000 0.623813 0.662000 0.054465
1 0.493500 0.870804 0.915000 0.186194
1 0.355500 0.746042 0.639000 0.063331
0 0.089500 0.922736 0.065000 0.046865
0 0.331000 0.260291 0.066000 0.046865
0 0.725000 0.200760 0.068000 0.045598
0 0.708500 0.741292 0.069000 0.048765
0 0.735500 0.619696 0.069000 0.047498
0 0.904000 0.442052 0.070000 0.048132
0 0.753500 0.500633 0.067000 0.047498
0 0.613500 0.321723 0.069000 0.046865