1 0.621500 0.142812 0.687000 0.058898
1 0.507500 0.081697 0.915000 0.063331
1 0.507500 0.201077 0.915000 0.057631
1 0.164000 0.142812 0.228000 0.058898
1 0.921000 0.259341 0.088000 0.058898
1 0.540500 0.259341 0.673000 0.058898
1 0.127000 0.259341 0.154000 0.058898
1 0.507500 0.321723 0.915000 0.065864
1 0.507500 0.384421 0.915000 0.059531
1 0.922000 0.443002 0.086000 0.057631
1 0.590000 0.563648 0.750000 0.064598
1 0.507500 0.501583 0.915000 0.059531
1 0.464500 0.443002 0.829000 0.057631
1 0.572000 0.684611 0.786000 0.063331
1 0.507500 0.624446 0.915000 0.056998
1 0.132500 0.563648 0.165000 0.064598
1 0.852000 0.865421 0.226000 0.060165
1 0.507500 0.775807 0.915000 0.119063
1 0.114500 0.684611 0.129000 0.063331
1 0.394500 0.865421 0.689000 0.060165
1 0.507500 0.930336 0.915000 0.069664
0 0.250000 0.563015 0.066000 0.046865
0 0.778000 0.861305 0.068000 0.048132
0 0.220000 0.682394 0.068000 0.047498
0 0.914000 0.257441 0.066000 0.047498
0 0.104000 0.924953 0.068000 0.046232
0 0.104000 0.319823 0.068000 0.048132
0 0.240000 0.258391 0.068000 0.046865
0 0.317500 0.137745 0.067000 0.047498
0 0.914000 0.441735 0.068000 0.047498