1 0.493500 0.114313 0.917000 0.131096
1 0.717000 0.267574 0.470000 0.056365
1 0.493500 0.209626 0.917000 0.059531
1 0.731000 0.326472 0.442000 0.061431
1 0.258500 0.267574 0.447000 0.056365
1 0.735500 0.386320 0.433000 0.058265
1 0.272500 0.326472 0.475000 0.061431
1 0.277000 0.386320 0.484000 0.058265
1 0.909000 0.445535 0.086000 0.060165
1 0.482000 0.445535 0.768000 0.060165
1 0.493500 0.506650 0.917000 0.062065
1 0.066500 0.445535 0.063000 0.060165
1 0.547000 0.568714 0.810000 0.062065
1 0.088500 0.568714 0.107000 0.062065
1 0.542500 0.627296 0.819000 0.055098
1 0.084000 0.627296 0.098000 0.055098
1 0.493500 0.713743 0.917000 0.117796
1 0.548500 0.803040 0.807000 0.060798
1 0.493500 0.898987 0.917000 0.131096
1 0.090000 0.803040 0.110000 0.060798
0 0.169500 0.624129 0.067000 0.044965
0 0.897000 0.443635 0.064000 0.043699
0 0.552000 0.384104 0.066000 0.047498
0 0.084000 0.921153 0.068000 0.046232
0 0.548000 0.324573 0.068000 0.044965
0 0.128500 0.444902 0.063000 0.044965
0 0.083500 0.146295 0.067000 0.045598
0 0.180500 0.564281 0.067000 0.045598
0 0.181000 0.803040 0.068000 0.046865
0 0.084000 0.504433 0.068000 0.046232
0 0.517500 0.265991 0.067000 0.046865