1 0.493500 0.080114 0.917000 0.062698
1 0.848000 0.141862 0.208000 0.060798
1 0.674000 0.201393 0.556000 0.058265
1 0.389500 0.141862 0.709000 0.060798
1 0.215500 0.201393 0.361000 0.058265
1 0.571000 0.259658 0.762000 0.058265
1 0.493500 0.320456 0.917000 0.063331
1 0.112500 0.259658 0.155000 0.058265
1 0.810500 0.382521 0.283000 0.060798
1 0.856000 0.443002 0.192000 0.060165
1 0.352000 0.382521 0.634000 0.060798
1 0.725000 0.562698 0.454000 0.060165
1 0.397500 0.443002 0.725000 0.060165
1 0.493500 0.502850 0.917000 0.059531
1 0.266500 0.562698 0.463000 0.060165
1 0.493500 0.624763 0.917000 0.063965
1 0.853500 0.684611 0.197000 0.055731
1 0.395000 0.684611 0.720000 0.055731
1 0.717000 0.742242 0.470000 0.059531
1 0.258500 0.742242 0.447000 0.059531
1 0.493500 0.803673 0.917000 0.063331
1 0.817000 0.930019 0.270000 0.070298
1 0.493500 0.865104 0.917000 0.059531
1 0.358500 0.930019 0.647000 0.070298
0 0.227000 0.259341 0.066000 0.047498
0 0.520500 0.743192 0.067000 0.048765
0 0.792500 0.681761 0.067000 0.048765
0 0.536000 0.562381 0.068000 0.046865
0 0.785000 0.141862 0.066000 0.048132
0 0.797000 0.440785 0.066000 0.046865
0 0.709000 0.379671 0.066000 0.048765
0 0.085500 0.926536 0.065000 0.045598
0 0.436000 0.201077 0.068000 0.047498
0 0.086000 0.803040 0.066000 0.046865
0 0.715500 0.925586 0.067000 0.047498