1 0.508000 0.140912 0.914000 0.181761
1 0.922000 0.262191 0.086000 0.060798
1 0.508000 0.354972 0.914000 0.124763
1 0.465000 0.262191 0.828000 0.060798
1 0.683500 0.446802 0.563000 0.058898
1 0.814000 0.505066 0.302000 0.057631
1 0.226500 0.446802 0.351000 0.058898
1 0.705000 0.565864 0.520000 0.063965
1 0.357000 0.505066 0.612000 0.057631
1 0.248000 0.565864 0.394000 0.063965
1 0.508000 0.626662 0.914000 0.057631
1 0.923500 0.687144 0.083000 0.063331
1 0.466500 0.687144 0.831000 0.063331
1 0.823500 0.748575 0.283000 0.059531
1 0.366500 0.748575 0.631000 0.059531
1 0.508000 0.805890 0.914000 0.055098
1 0.567000 0.868271 0.796000 0.069664
1 0.508000 0.933819 0.914000 0.061431
1 0.110000 0.868271 0.118000 0.069664
0 0.916500 0.684927 0.067000 0.046232
0 0.720000 0.744775 0.066000 0.048132
0 0.486500 0.561431 0.067000 0.047498
0 0.917500 0.259658 0.065000 0.046865
0 0.210000 0.863838 0.068000 0.046865
0 0.702500 0.500950 0.067000 0.046865
0 0.101000 0.926219 0.068000 0.046232
0 0.436000 0.442369 0.068000 0.048765