1 0.508000 0.201393 0.918000 0.302723
1 0.730000 0.381254 0.474000 0.056998
1 0.571500 0.560481 0.791000 0.059531
1 0.271000 0.381254 0.444000 0.056998
1 0.508000 0.470234 0.918000 0.120963
1 0.615500 0.680811 0.703000 0.060798
1 0.112500 0.560481 0.127000 0.059531
1 0.508000 0.620329 0.918000 0.060165
1 0.651000 0.862255 0.632000 0.052565
1 0.508000 0.773591 0.918000 0.124763
1 0.156500 0.680811 0.215000 0.060798
1 0.508000 0.926536 0.918000 0.075997
1 0.192000 0.862255 0.286000 0.052565
0 0.106000 0.920519 0.066000 0.047498
0 0.531000 0.382521 0.066000 0.048132
0 0.299500 0.681761 0.067000 0.047498
0 0.373000 0.860355 0.066000 0.047498
0 0.215500 0.560481 0.067000 0.046865