1 0.812000 0.266730 0.306000 0.059975
1 0.502500 0.143308 0.925000 0.186869
1 0.755000 0.446970 0.420000 0.059343
1 0.502500 0.357008 0.925000 0.120581
1 0.349500 0.266730 0.619000 0.059975
1 0.292500 0.446970 0.505000 0.059343
1 0.502500 0.509785 0.925000 0.066288
1 0.502500 0.661616 0.925000 0.237374
1 0.502500 0.812816 0.925000 0.065025
1 0.502500 0.908775 0.925000 0.126894
0 0.088000 0.934343 0.068000 0.047980
0 0.084000 0.812500 0.068000 0.046717
0 0.579000 0.445391 0.068000 0.049874
0 0.084000 0.507260 0.068000 0.048611
0 0.084000 0.750947 0.066000 0.046086
0 0.693500 0.263573 0.067000 0.047348