1 0.782000 0.205193 0.370000 0.063331
1 0.509000 0.145662 0.916000 0.055731
1 0.454000 0.205193 0.286000 0.063331
1 0.180500 0.205193 0.261000 0.063331
1 0.923500 0.268841 0.087000 0.063965
1 0.696000 0.268841 0.368000 0.063965
1 0.363500 0.268841 0.297000 0.063965
1 0.880000 0.330589 0.174000 0.059531
1 0.132500 0.268841 0.165000 0.063965
1 0.503000 0.330589 0.580000 0.059531
1 0.632500 0.390754 0.669000 0.060798
1 0.131500 0.330589 0.163000 0.059531
1 0.598000 0.452185 0.738000 0.062065
1 0.174000 0.390754 0.248000 0.060798
1 0.815000 0.569348 0.304000 0.059531
1 0.508500 0.511400 0.917000 0.056365
1 0.139500 0.452185 0.179000 0.062065
1 0.356500 0.569348 0.613000 0.059531
1 0.583000 0.628246 0.768000 0.058265
1 0.124500 0.628246 0.149000 0.058265
1 0.836500 0.688094 0.261000 0.061431
1 0.541000 0.688094 0.330000 0.061431
1 0.213000 0.688094 0.326000 0.061431
1 0.805500 0.747942 0.323000 0.058265
1 0.523500 0.747942 0.241000 0.058265
1 0.226500 0.747942 0.353000 0.058265
1 0.922500 0.806840 0.089000 0.059531
1 0.748000 0.806840 0.260000 0.059531
1 0.403000 0.806840 0.430000 0.059531
1 0.119000 0.806840 0.138000 0.059531
1 0.822000 0.866371 0.290000 0.059531
1 0.523000 0.866371 0.308000 0.059531
1 0.209500 0.866371 0.319000 0.059531
0 0.346000 0.208360 0.066000 0.048132
0 0.738000 0.684294 0.066000 0.047498
0 0.408000 0.684294 0.064000 0.047498
0 0.264000 0.446485 0.066000 0.046865
0 0.246000 0.267891 0.066000 0.049398
0 0.106000 0.863838 0.066000 0.045598
0 0.711000 0.864471 0.064000 0.046865
0 0.248000 0.329006 0.066000 0.047498
0 0.698500 0.567131 0.065000 0.048765
0 0.546500 0.268208 0.067000 0.048765
0 0.634500 0.208043 0.067000 0.047498
0 0.334500 0.390120 0.067000 0.048132
0 0.675500 0.744142 0.065000 0.049398
0 0.914000 0.266624 0.068000 0.048132
0 0.909500 0.805256 0.067000 0.047498
0 0.651000 0.805573 0.066000 0.048132
0 0.828500 0.329956 0.065000 0.048132
0 0.223500 0.804623 0.067000 0.047498
0 0.231000 0.627612 0.066000 0.048132
0 0.100000 0.684294 0.066000 0.046232
0 0.400500 0.864155 0.067000 0.046232
0 0.437000 0.744142 0.068000 0.049398