1 0.493500 0.173528 0.917000 0.248258
1 0.908500 0.326156 0.087000 0.056998
1 0.493500 0.385687 0.917000 0.062065
1 0.450000 0.326156 0.830000 0.056998
1 0.493500 0.536415 0.917000 0.120329
1 0.909000 0.627929 0.086000 0.062698
1 0.450500 0.627929 0.831000 0.062698
1 0.525000 0.687460 0.854000 0.056365
1 0.781000 0.805256 0.342000 0.065231
1 0.493500 0.744142 0.917000 0.056998
1 0.066500 0.687460 0.063000 0.056365
1 0.493500 0.901520 0.917000 0.127296
1 0.322500 0.805256 0.575000 0.065231
0 0.647000 0.806206 0.070000 0.049398
0 0.132000 0.684611 0.070000 0.046865
0 0.901000 0.323306 0.068000 0.046232
0 0.082000 0.928752 0.068000 0.047498
0 0.901500 0.626979 0.069000 0.046865
0 0.082000 0.626662 0.068000 0.047498
0 0.081500 0.384421 0.067000 0.045598