1 0.612000 0.082331 0.680000 0.065864
1 0.154000 0.082331 0.236000 0.065864
1 0.797500 0.143445 0.309000 0.056365
1 0.339500 0.143445 0.607000 0.056365
1 0.822000 0.202343 0.260000 0.061431
1 0.364000 0.202343 0.656000 0.061431
1 0.793500 0.261241 0.317000 0.056365
1 0.396500 0.261241 0.477000 0.056365
1 0.494000 0.320139 0.916000 0.061431
1 0.097000 0.261241 0.122000 0.056365
1 0.617500 0.380937 0.669000 0.060165
1 0.159500 0.380937 0.247000 0.060165
1 0.806500 0.441102 0.291000 0.060165
1 0.444500 0.441102 0.433000 0.060165
1 0.852000 0.500950 0.200000 0.059531
1 0.132000 0.441102 0.192000 0.060165
1 0.491500 0.500950 0.521000 0.059531
1 0.866500 0.562065 0.171000 0.062698
1 0.133500 0.500950 0.195000 0.059531
1 0.586000 0.562065 0.390000 0.062698
1 0.765500 0.623496 0.373000 0.060165
1 0.213500 0.562065 0.355000 0.062698
1 0.307500 0.623496 0.543000 0.060165
1 0.627500 0.683027 0.649000 0.058898
1 0.169500 0.683027 0.267000 0.058898
1 0.739500 0.741609 0.425000 0.058265
1 0.848500 0.801140 0.207000 0.060798
1 0.281500 0.741609 0.491000 0.058265
1 0.446000 0.801140 0.598000 0.060798
1 0.774500 0.863838 0.355000 0.064598
1 0.091500 0.801140 0.111000 0.060798
1 0.392000 0.863838 0.410000 0.064598
1 0.111500 0.863838 0.151000 0.064598
1 0.763000 0.930336 0.378000 0.068398
1 0.305000 0.930336 0.538000 0.068398
0 0.426000 0.563965 0.068000 0.046232
0 0.227000 0.862571 0.066000 0.046865
0 0.561000 0.738442 0.066000 0.045598
0 0.785000 0.800190 0.068000 0.047498
0 0.631500 0.862571 0.067000 0.046865
0 0.816500 0.563648 0.067000 0.045598
0 0.615000 0.620646 0.068000 0.046865
0 0.338000 0.680177 0.066000 0.048132
0 0.610000 0.925902 0.066000 0.045598
0 0.695000 0.438885 0.068000 0.045598
0 0.264000 0.500317 0.068000 0.044332
0 0.679500 0.141229 0.065000 0.046865
0 0.262000 0.438885 0.068000 0.045598
0 0.081000 0.319823 0.068000 0.046865
0 0.732500 0.199493 0.067000 0.046865
0 0.674000 0.259341 0.068000 0.046232
0 0.788500 0.500317 0.065000 0.046865
0 0.081000 0.926219 0.068000 0.046232
0 0.316000 0.377771 0.068000 0.046232
0 0.183500 0.800190 0.067000 0.046232
0 0.311000 0.080431 0.066000 0.048132
0 0.081500 0.620013 0.067000 0.048132
0 0.199500 0.259341 0.067000 0.046232