1 0.647500 0.147245 0.639000 0.061431
1 0.508500 0.083281 0.917000 0.066498
1 0.189000 0.147245 0.278000 0.061431
1 0.508500 0.236542 0.917000 0.117163
1 0.724000 0.324573 0.486000 0.058898
1 0.802000 0.384737 0.330000 0.061431
1 0.265500 0.324573 0.431000 0.058898
1 0.565500 0.447435 0.803000 0.063965
1 0.343500 0.384737 0.587000 0.061431
1 0.508500 0.508866 0.917000 0.058898
1 0.107000 0.447435 0.114000 0.063965
1 0.770000 0.566181 0.394000 0.055731
1 0.508500 0.625396 0.917000 0.062698
1 0.866000 0.685877 0.202000 0.058265
1 0.311500 0.566181 0.523000 0.055731
1 0.407500 0.685877 0.715000 0.058265
1 0.836000 0.747308 0.262000 0.064598
1 0.837500 0.808740 0.259000 0.058265
1 0.377500 0.747308 0.655000 0.064598
1 0.594000 0.869538 0.746000 0.063331
1 0.379000 0.808740 0.658000 0.058265
1 0.508500 0.932869 0.917000 0.063331
1 0.135500 0.869538 0.171000 0.063331
0 0.740000 0.745092 0.066000 0.048765
0 0.800000 0.684294 0.066000 0.047498
0 0.364500 0.145028 0.065000 0.048132
0 0.745000 0.807156 0.068000 0.048765
0 0.565000 0.325206 0.068000 0.046232
0 0.261500 0.867638 0.067000 0.048132
0 0.104000 0.931286 0.068000 0.047498
0 0.606500 0.566814 0.067000 0.048132
0 0.203000 0.444902 0.068000 0.048765
0 0.673500 0.384104 0.069000 0.047498