1 0.508500 0.084231 0.917000 0.068398
1 0.609500 0.149145 0.715000 0.061431
1 0.579000 0.208043 0.776000 0.056365
1 0.151000 0.149145 0.202000 0.061431
1 0.120500 0.208043 0.141000 0.056365
1 0.700000 0.268524 0.534000 0.064598
1 0.241500 0.268524 0.383000 0.064598
1 0.848000 0.328372 0.238000 0.055098
1 0.886500 0.388220 0.161000 0.064598
1 0.389500 0.328372 0.679000 0.055098
1 0.428000 0.388220 0.756000 0.064598
1 0.566500 0.449652 0.801000 0.058265
1 0.108000 0.449652 0.116000 0.058265
1 0.781000 0.508550 0.372000 0.059531
1 0.655500 0.570931 0.623000 0.065231
1 0.322500 0.508550 0.545000 0.059531
1 0.801500 0.632996 0.331000 0.058898
1 0.197000 0.570931 0.294000 0.065231
1 0.343000 0.632996 0.586000 0.058898
1 0.758500 0.692210 0.417000 0.059531
1 0.300000 0.692210 0.500000 0.059531
1 0.508500 0.751742 0.917000 0.059531
1 0.862000 0.870171 0.210000 0.063331
1 0.508500 0.810006 0.917000 0.056998
1 0.469500 0.870171 0.575000 0.063331
1 0.116000 0.870171 0.132000 0.063331
1 0.738500 0.933186 0.457000 0.062698
1 0.280000 0.933186 0.460000 0.062698
0 0.229500 0.207410 0.067000 0.047498
0 0.291500 0.146928 0.069000 0.048132
0 0.839500 0.387904 0.067000 0.046232
0 0.590500 0.689360 0.069000 0.047498
0 0.472000 0.268208 0.068000 0.047498
0 0.096000 0.929069 0.070000 0.048132
0 0.204000 0.447435 0.068000 0.046232
0 0.768000 0.328056 0.070000 0.048132
0 0.674000 0.630779 0.068000 0.048132
0 0.379000 0.568714 0.068000 0.048132
0 0.547000 0.929386 0.068000 0.047498
0 0.096000 0.387587 0.068000 0.046865
0 0.219000 0.869538 0.068000 0.048132
0 0.792500 0.869854 0.069000 0.047498
0 0.634000 0.508866 0.068000 0.047498
0 0.139500 0.749842 0.069000 0.048132