1 0.664500 0.083281 0.575000 0.067764
1 0.853500 0.146295 0.197000 0.058265
1 0.207000 0.083281 0.340000 0.067764
1 0.492000 0.146295 0.526000 0.058265
1 0.133000 0.146295 0.192000 0.058265
1 0.854500 0.205193 0.195000 0.059531
1 0.550000 0.205193 0.414000 0.059531
1 0.190000 0.205193 0.306000 0.059531
1 0.859500 0.266308 0.185000 0.062698
1 0.568000 0.266308 0.398000 0.062698
1 0.203000 0.266308 0.332000 0.062698
1 0.910000 0.327739 0.084000 0.060165
1 0.638500 0.327739 0.459000 0.060165
1 0.223000 0.327739 0.372000 0.060165
1 0.818000 0.385687 0.268000 0.055731
1 0.468500 0.385687 0.431000 0.055731
1 0.851500 0.444585 0.201000 0.062065
1 0.145000 0.385687 0.216000 0.055731
1 0.527000 0.444585 0.448000 0.062065
1 0.170000 0.444585 0.266000 0.062065
1 0.816000 0.506016 0.272000 0.060798
1 0.450000 0.506016 0.460000 0.060798
1 0.128500 0.506016 0.183000 0.060798
1 0.810000 0.566181 0.284000 0.059531
1 0.502000 0.566181 0.332000 0.059531
1 0.186500 0.566181 0.299000 0.059531
1 0.665500 0.625079 0.573000 0.058265
1 0.208000 0.625079 0.342000 0.058265
1 0.791000 0.683344 0.322000 0.058265
1 0.388500 0.683344 0.483000 0.058265
1 0.768500 0.742242 0.367000 0.059531
1 0.092000 0.683344 0.110000 0.058265
1 0.311000 0.742242 0.548000 0.059531
1 0.771000 0.803673 0.362000 0.063331
1 0.412000 0.803673 0.356000 0.063331
1 0.135500 0.803673 0.197000 0.063331
1 0.585000 0.865104 0.734000 0.059531
1 0.809000 0.929702 0.286000 0.069664
1 0.127500 0.865104 0.181000 0.059531
1 0.351500 0.929702 0.629000 0.069664
0 0.703500 0.563965 0.069000 0.046232
0 0.619500 0.744459 0.067000 0.046232
0 0.720000 0.385054 0.066000 0.046865
0 0.266500 0.145662 0.067000 0.048132
0 0.289000 0.385054 0.068000 0.048132
0 0.800000 0.263775 0.064000 0.044965
0 0.182500 0.685877 0.067000 0.044332
0 0.255500 0.504750 0.067000 0.048132
0 0.086000 0.744775 0.068000 0.046865
0 0.269000 0.804307 0.068000 0.045598
0 0.259000 0.864471 0.068000 0.045598
0 0.414000 0.085497 0.066000 0.046865
0 0.403500 0.263458 0.065000 0.045598
0 0.668500 0.686194 0.067000 0.046232
0 0.627500 0.804307 0.069000 0.046865
0 0.902000 0.325839 0.066000 0.046232
0 0.339500 0.445535 0.067000 0.047498
0 0.370000 0.565231 0.066000 0.046232
0 0.792500 0.204560 0.067000 0.046865
0 0.085500 0.566498 0.067000 0.046232
0 0.086000 0.924003 0.066000 0.044332
0 0.416000 0.625079 0.068000 0.045598
0 0.714000 0.504117 0.066000 0.046865
0 0.377500 0.204877 0.067000 0.047498
0 0.786000 0.445535 0.066000 0.048765
0 0.441500 0.326156 0.065000 0.045598
0 0.792500 0.145028 0.067000 0.046865
0 0.747500 0.923053 0.067000 0.046232